  ON_NODES
   1  3  
   1  3  
   2  3  
   3  3  
   4  3  
   5  3  
   9  3  
   10  3  
   13  3  
   15  3  
   19  3  
   23  3  
   26  3  
   26  3  
   33  3  
   33  3  
   36  3  
   45  3  
   47  3  
   58  3  
   60  3  
   65  3  
   68  3  
   76  3  
   79  3  
   84  3  
   84  3  
   88  3  
   93  3  
   100  3  
   100  3  
   104  3  
   110  3  
   115  3  
   121  3  
   124  3  
   134  3  
   136  3  
   144  3  
   147  3  
   147  3  
   161  3  
   162  3  
   171  3  
   172  3  
   172  3  
   181  3  
   184  3  
   191  3  
   192  3  
   199  3  
   204  3  
   212  3  
   212  3  
   215  3  
   223  3  
   226  3  
   232  3  
   240  3  
   240  3  
   243  3  
   251  3  
   253  3  
   258  3  
   259  3  
   271  3  
   271  3  
   272  3  
   281  3  
   283  3  
   292  3  
   294  3  
   301  3  
   307  3  
   307  3  
   314  3  
   322  3  
   327  3  
   334  3  
   345  3  
   345  3  
   356  3  
   362  3  
   374  3  
   378  3  
   396  3  
   397  3  
   410  3  
   411  3  
   411  3  
   426  3  
   427  3  
   443  3  
   443  3  
   447  3  
   457  3  
   464  3  
   475  3  
   480  3  
   484  3  
   494  3  
   496  3  
   505  3  
   505  3  
   508  3  
   519  3  
   520  3  
   520  3  
   532  3  
   534  3  
   547  3  
   548  3  
   558  3  
   561  3  
   578  3  
   580  3  
   586  3  
   595  3  
   595  3  
   600  3  
   600  3  
   613  3  
   615  3  
   626  3  
   629  3  
   643  3  
   645  3  
   659  3  
   660  3  
   679  3  
   681  3  
   695  3  
   695  3  
   697  3  
   697  3  
   712  3  
   716  3  
   727  3  
   737  3  
   748  3  
   761  3  
   769  3  
   778  3  
   784  3  
   804  3  
   808  3  
   808  3  
   818  3  
   818  3  
   821  3  
   843  3  
   845  3  
   853  3  
   854  3  
   865  3  
   870  3  
   879  3  
   886  3  
   895  3  
   895  3  
   903  3  
   907  3  
   916  3  
   916  3  
   923  3  
   935  3  
   941  3  
   953  3  
   954  3  
   978  3  
   979  3  
   996  3  
   996  3  
   1002  3  
   1028  3  
   1035  3  
   1060  3  
   1075  3  
   1075  3  
   1103  3  
   1119  3  
   1141  3  
   1162  3  
   1190  3  
   1228  3  
   1258  3  
   1258  3  
   1313  3  
   1335  3  
   1428  3  
   1438  3  
   1521  2  
   1521  2  
   1523  2  
   1525  2  
   1529  2  
   1532  2  
   1532  2  
   1533  2  
   1536  2  
   1537  2  
   1538  2  
   1540  2  
   1540  2  
   1542  2  
   1542  2  
   1551  2  
   1553  2  
   1556  2  
   1562  2  
   1570  2  
   1570  2  
   1575  2  
   1578  3  
   1578  3  
   1579  3  
   1581  2  
   1586  2  
   1588  2  
   1595  2  
   1595  2  
   1600  2  
   1610  2  
   1616  2  
   1624  2  
   1629  2  
   1631  2  
   1631  2  
   1653  2  
   1655  2  
   1669  2  
   1675  2  
   1690  2  
   1694  2  
   1724  2  
   1727  2  
   1727  2  
   1751  2  
   1766  2  
   1770  2  
   1776  3  
   1784  2  
   1797  2  
   1804  2  
   1806  3  
   1819  2  
   1831  2  
   1834  2  
   1845  2  
   1866  2  
   1871  2  
   1871  2  
   1873  2  
   1884  2  
   1884  2  
   1893  2  
   1903  2  
   1912  2  
   1925  2  
   1927  2  
   1938  2  
   1945  2  
   1950  2  
   1957  2  
   1957  2  
   1961  2  
   1970  2  
   1970  2  
   1981  2  
   1983  2  
   1990  2  
   2001  2  
   2017  2  
   2023  2  
   2033  2  
   2052  2  
   2059  3  
   2073  2  
   2076  2  
   2095  2  
   2108  2  
   2112  2  
   2117  3  
   2130  2  
   2138  2  
   2152  2  
   2172  2  
   2178  2  
   2189  2  
   2189  2  
   2198  2  
   2207  2  
   2221  2  
   2221  2  
   2227  2  
   2248  2  
   2264  2  
   2271  3  
   2271  3  
   2277  2  
   2277  2  
   2293  2  
   2293  2  
   2301  2  
   2323  2  
   2329  3  
   2349  2  
   2361  2  
   2381  2  
   2390  2  
   2408  2  
   2432  2  
   2441  2  
   2446  3  
   2463  2  
   2482  2  
   2495  2  
   2495  2  
   2513  3  
   2538  2  
   2548  2  
   2572  2  
   2576  2  
   2576  2  
   2608  3  
   2612  2  
   2641  2  
   2648  2  
   2648  2  
   2696  3  
   2702  2  
   2711  2  
   2711  2  
   2754  2  
   2765  3  
   2771  2  
   2802  2  
   2832  2  
   2832  2  
   2854  2  
   2854  2  
   2865  3  
   2865  3  
   2877  2  
   2900  2  
   2913  3  
   2931  2  
   2960  2  
   2996  2  
   3017  2  
   3042  2  
   3042  2  
   3046  3  
   3065  2  
   3075  3  
   3103  2  
   3111  2  
   3171  2  
   3173  2  
   3173  2  
   3205  2  
   3216  3  
   3232  3  
   3232  3  
   3238  2  
   3261  2  
   3295  2  
   3301  2  
   3301  2  
   3352  2  
   3352  2  
   3372  2  
   3401  2  
   3406  3  
   3412  3  
   3430  2  
   3455  2  
   3489  2  
   3508  2  
   3552  2  
   3577  2  
   3577  2  
   3598  3  
   3626  2  
   3633  3  
   3647  2  
   3704  2  
   3704  2  
   3715  2  
   3791  2  
   3796  2  
   3829  3  
   3877  2  
   3877  2  
   3887  2  
   3901  3  
   3968  2  
   3992  1  
   3992  1  
   3992  1  
   3992  1  
   4000  1  
   4000  1  
   4003  2  
   4006  1  
   4006  1  
   4009  1  
   4009  1  
   4009  1  
   4009  1  
   4010  1  
   4010  1  
   4012  1  
   4012  1  
   4014  1  
   4014  1  
   4015  1  
   4015  1  
   4015  1  
   4015  1  
   4019  1  
   4019  1  
   4019  1  
   4019  1  
   4038  1  
   4038  1  
   4046  1  
   4046  1  
   4047  1  
   4047  1  
   4051  1  
   4051  1  
   4060  1  
   4060  1  
   4060  1  
   4060  1  
   4062  1  
   4062  1  
   4068  1  
   4068  1  
   4072  1  
   4072  1  
   4074  2  
   4078  1  
   4078  1  
   4086  3  
   4087  1  
   4087  1  
   4087  1  
   4087  1  
   4094  1  
   4094  1  
   4107  1  
   4107  1  
   4112  1  
   4112  1  
   4124  1  
   4124  1  
   4127  1  
   4127  1  
   4127  1  
   4127  1  
   4150  2  
   4150  2  
   4156  1  
   4156  1  
   4162  1  
   4162  1  
   4178  1  
   4178  1  
   4185  2  
   4198  3  
   4198  3  
   4200  1  
   4200  1  
   4202  1  
   4202  1  
   4225  1  
   4225  1  
   4241  1  
   4241  1  
   4241  1  
   4241  1  
   4247  1  
   4247  1  
   4258  2  
   4263  1  
   4263  1  
   4267  1  
   4267  1  
   4280  1  
   4280  1  
   4300  1  
   4300  1  
   4305  1  
   4305  1  
   4323  2  
   4323  2  
   4325  1  
   4325  1  
   4343  1  
   4343  1  
   4345  1  
   4345  1  
   4359  1  
   4359  1  
   4370  1  
   4370  1  
   4374  1  
   4374  1  
   4374  1  
   4374  1  
   4379  1  
   4379  1  
   4403  1  
   4403  1  
   4411  1  
   4411  1  
   4413  2  
   4419  1  
   4419  1  
   4419  1  
   4419  1  
   4422  1  
   4422  1  
   4428  1  
   4428  1  
   4428  1  
   4428  1  
   4439  1  
   4439  1  
   4441  3  
   4443  1  
   4443  1  
   4446  1  
   4446  1  
   4446  1  
   4446  1  
   4454  1  
   4454  1  
   4465  1  
   4465  1  
   4471  1  
   4471  1  
   4493  1  
   4493  1  
   4504  1  
   4504  1  
   4507  2  
   4512  1  
   4512  1  
   4520  1  
   4520  1  
   4541  1  
   4541  1  
   4544  2  
   4546  1  
   4546  1  
   4564  1  
   4564  1  
   4585  1  
   4585  1  
   4598  1  
   4598  1  
   4609  1  
   4609  1  
   4627  3  
   4635  1  
   4635  1  
   4636  1  
   4636  1  
   4663  1  
   4663  1  
   4665  2  
   4674  2  
   4678  1  
   4678  1  
   4708  1  
   4708  1  
   4724  1  
   4724  1  
   4744  1  
   4744  1  
   4759  1  
   4759  1  
   4759  1  
   4759  1  
   4770  1  
   4770  1  
   4776  1  
   4776  1  
   4795  1  
   4795  1  
   4795  1  
   4795  1  
   4808  2  
   4812  3  
   4812  3  
   4814  1  
   4814  1  
   4824  2  
   4826  1  
   4826  1  
   4826  1  
   4826  1  
   4838  1  
   4838  1  
   4838  1  
   4838  1  
   4871  1  
   4871  1  
   4886  1  
   4886  1  
   4902  1  
   4902  1  
   4917  2  
   4935  1  
   4935  1  
   4937  1  
   4937  1  
   4953  2  
   4953  2  
   4968  1  
   4968  1  
   5001  3  
   5004  1  
   5004  1  
   5016  1  
   5016  1  
   5026  2  
   5057  1  
   5057  1  
   5059  1  
   5059  1  
   5082  2  
   5093  1  
   5093  1  
   5101  3  
   5118  1  
   5118  1  
   5125  2  
   5125  2  
   5148  1  
   5148  1  
   5148  1  
   5148  1  
   5168  1  
   5168  1  
   5168  1  
   5168  1  
   5183  1  
   5183  1  
   5194  2  
   5196  2  
   5208  1  
   5208  1  
   5238  1  
   5238  1  
   5255  1  
   5255  1  
   5255  1  
   5255  1  
   5281  2  
   5281  2  
   5283  1  
   5283  1  
   5297  3  
   5317  2  
   5319  1  
   5319  1  
   5319  1  
   5319  1  
   5336  1  
   5336  1  
   5369  3  
   5392  1  
   5392  1  
   5419  2  
   5421  1  
   5421  1  
   5421  1  
   5421  1  
   5434  2  
   5450  1  
   5450  1  
   5494  1  
   5494  1  
   5521  1  
   5521  1  
   5540  2  
   5542  2  
   5542  2  
   5567  1  
   5567  1  
   5582  1  
   5582  1  
   5582  1  
   5582  1  
   5586  3  
   5631  3  
   5641  1  
   5641  1  
   5644  2  
   5660  1  
   5660  1  
   5665  2  
   5665  2  
   5711  1  
   5711  1  
   5711  1  
   5711  1  
   5726  1  
   5726  1  
   5733  2  
   5807  2  
   5811  1  
   5811  1  
   5814  1  
   5814  1  
   5829  2  
   5887  1  
   5887  1  
   5888  3  
   5900  3  
   5911  1  
   5911  1  
   5911  1  
   5911  1  
   5924  2  
   5944  2  
   5951  1  
   5951  1  
   6009  1  
   6009  1  
   6027  2  
   6031  1  
   6031  1  
   6031  1  
   6031  1  
   6081  1  
   6081  1  
   6086  2  
   6102  1  
   6102  1  
   6114  2  
   6114  2  
   6135  1  
   6135  1  
   6135  1  
   6135  1  
   6161  3  
   6185  2  
   6186  3  
   6186  3  
   6206  1  
   6206  1  
   6217  1  
   6217  1  
   6236  2  
   6236  2  
   6274  2  
   6274  2  
   6295  1  
   6295  1  
   6308  1  
   6308  1  
   6308  1  
   6308  1  
   6349  2  
   6362  1  
   6362  1  
   6407  2  
   6414  1  
   6414  1  
   6444  1  
   6444  1  
   6444  1  
   6444  1  
   6448  3  
   6448  3  
   6478  2  
   6504  1  
   6504  1  
   6505  3  
   6523  1  
   6523  1  
   6551  2  
   6551  2  
   6561  1  
   6561  1  
   6597  2  
   6607  1  
   6607  1  
   6621  1  
   6621  1  
   6669  1  
   6669  1  
   6678  2  
   6719  1  
   6719  1  
   6722  2  
   6723  3  
   6737  1  
   6737  1  
   6737  1  
   6737  1  
   6778  1  
   6778  1  
   6778  1  
   6778  1  
   6801  2  
   6809  3  
   6815  1  
   6815  1  
   6846  2  
   6866  1  
   6866  1  
   6866  1  
   6866  1  
   6884  1  
   6884  1  
   6925  2  
   6934  1  
   6934  1  
   6990  2  
   6990  2  
   7010  1  
   7010  1  
   7012  3  
   7054  1  
   7054  1  
   7054  1  
   7054  1  
   7069  2  
   7069  2  
   7074  1  
   7074  1  
   7140  3  
   7141  1  
   7141  1  
   7146  2  
   7161  2  
   7192  1  
   7192  1  
   7193  1  
   7193  1  
   7252  1  
   7252  1  
   7259  2  
   7259  2  
   7294  1  
   7294  1  
   7302  2  
   7306  3  
   7349  1  
   7349  1  
   7354  1  
   7354  1  
   7401  1  
   7401  1  
   7403  2  
   7448  1  
   7448  1  
   7484  1  
   7484  1  
   7485  3  
   7486  2  
   7505  1  
   7505  1  
   7522  1  
   7522  1  
   7568  1  
   7568  1  
   7574  2  
   7612  1  
   7612  1  
   7641  1  
   7641  1  
   7669  1  
   7669  1  
   7679  3  
   7695  1  
   7695  1  
   7718  2  
   7718  2  
   7721  1  
   7721  1  
   7721  1  
   7721  1  
   7727  1  
   7727  1  
   7727  1  
   7727  1  
   7742  1  
   7742  1  
   7752  1  
   7752  1  
   7752  1  
   7752  1  
   7769  2  
   7776  1  
   7776  1  
   7797  1  
   7797  1  
   7828  1  
   7828  1  
   7865  1  
   7865  1  
   7896  1  
   7896  1  
   7922  2  
   7925  1  
   7925  1  
   7961  1  
   7961  1  
   7970  3  
   7975  2  
   7980  1  
   7980  1  
   7990  1  
   7990  1  
   8033  1  
   8033  1  
   8068  1  
   8068  1  
   8084  2  
   8092  3  
   8107  1  
   8107  1  
   8143  2  
   8152  1  
   8152  1  
   8152  1  
   8152  1  
   8175  1  
   8175  1  
   8175  1  
   8175  1  
   8200  1  
   8200  1  
   8234  2  
   8246  1  
   8246  1  
   8293  2  
   8293  2  
   8301  1  
   8301  1  
   8332  1  
   8332  1  
   8344  3  
   8344  3  
   8360  1  
   8360  1  
   8379  2  
   8426  3  
   8426  3  
   8429  1  
   8429  1  
   8492  1  
   8492  1  
   8503  1  
   8503  1  
   8517  2  
   8527  2  
   8541  1  
   8541  1  
   8604  1  
   8604  1  
   8650  1  
   8650  1  
   8665  2  
   8665  2  
   8667  1  
   8667  1  
   8703  1  
   8703  1  
   8710  3  
   8731  2  
   8731  2  
   8747  1  
   8747  1  
   8751  3  
   8793  1  
   8793  1  
   8793  1  
   8793  1  
   8821  1  
   8821  1  
   8841  2  
   8850  1  
   8850  1  
   8850  1  
   8850  1  
   8853  1  
   8853  1  
   8853  1  
   8853  1  
   8896  1  
   8896  1  
   8916  2  
   8931  1  
   8931  1  
   8976  1  
   8976  1  
   9007  1  
   9007  1  
   9014  2  
   9057  1  
   9057  1  
   9097  2  
   9104  1  
   9104  1  
   9105  3  
   9106  3  
   9111  1  
   9111  1  
   9152  1  
   9152  1  
   9186  2  
   9196  1  
   9196  1  
   9196  1  
   9196  1  
   9263  1  
   9263  1  
   9272  2  
   9330  1  
   9330  1  
   9354  1  
   9354  1  
   9354  1  
   9354  1  
   9357  2  
   9393  1  
   9393  1  
   9435  3  
   9438  2  
   9438  2  
   9466  1  
   9466  1  
   9467  3  
   9500  1  
   9500  1  
   9521  2  
   9546  1  
   9546  1  
   9572  2  
   9615  1  
   9615  1  
   9646  1  
   9646  1  
   9679  2  
   9679  2  
   9683  1  
   9683  1  
   9703  2  
   9756  3  
   9757  1  
   9757  1  
   9757  1  
   9757  1  
   9798  1  
   9798  1  
   9808  1  
   9808  1  
   9835  3  
   9846  2  
   9857  1  
   9857  1  
   9857  1  
   9857  1  
   9858  2  
   9938  1  
   9938  1  
   9947  1  
   9947  1  
   9947  1  
   9947  1  
   9990  2  
   9990  2  
   10001  2  
   10014  1  
   10014  1  
   10080  3  
   10103  1  
   10103  1  
   10116  1  
   10116  1  
   10146  2  
   10151  2  
   10186  3  
   10188  1  
   10188  1  
   10271  1  
   10271  1  
   10274  1  
   10274  1  
   10286  2  
   10286  2  
   10305  2  
   10379  1  
   10379  1  
   10382  3  
   10382  3  
   10448  1  
   10448  1  
   10464  2  
   10469  2  
   10490  1  
   10490  1  
   10513  3  
   10513  3  
   10609  1  
   10609  1  
   10609  1  
   10609  1  
   10610  1  
   10610  1  
   10610  1  
   10610  1  
   10625  2  
   10625  2  
   10658  2  
   10672  3  
   10771  2  
   10774  1  
   10774  1  
   10780  1  
   10780  1  
   10833  2  
   10839  3  
   10923  2  
   10940  1  
   10940  1  
   10940  1  
   10940  1  
   10954  1  
   10954  1  
   10954  1  
   10954  1  
   10973  3  
   11025  2  
   11025  2  
   11051  1  
   11051  1  
   11075  2  
   11091  1  
   11091  1  
   11165  1  
   11165  1  
   11170  2  
   11187  3  
   11221  2  
   11225  1  
   11225  1  
   11269  1  
   11269  1  
   11273  3  
   11318  2  
   11371  1  
   11371  1  
   11374  2  
   11384  1  
   11384  1  
   11384  1  
   11384  1  
   11461  2  
   11481  1  
   11481  1  
   11503  1  
   11503  1  
   11503  1  
   11503  1  
   11509  3  
   11517  2  
   11562  3  
   11588  1  
   11588  1  
   11607  2  
   11607  2  
   11658  2  
   11688  1  
   11688  1  
   11698  1  
   11698  1  
   11725  2  
   11802  2  
   11802  2  
   11808  1  
   11808  1  
   11808  1  
   11808  1  
   11835  3  
   11850  2  
   11863  3  
   11882  1  
   11882  1  
   11882  1  
   11882  1  
   11989  1  
   11989  1  
   11994  2  
   12003  2  
   12052  1  
   12052  1  
   12123  2  
   12123  2  
   12150  1  
   12150  1  
   12150  1  
   12150  1  
   12185  3  
   12185  3  
   12202  3  
   12203  2  
   12225  1  
   12225  1  
   12225  1  
   12225  1  
   12290  2  
   12327  1  
   12327  1  
   12407  1  
   12407  1  
   12420  2  
   12444  2  
   12494  1  
   12494  1  
   12534  3  
   12588  1  
   12588  1  
   12592  3  
   12592  3  
   12604  2  
   12626  2  
   12626  2  
   12682  1  
   12682  1  
   12724  2  
   12762  2  
   12765  1  
   12765  1  
   12816  2  
   12840  1  
   12840  1  
   12878  3  
   12926  2  
   12928  2  
   12947  1  
   12947  1  
   12947  1  
   12947  1  
   12972  3  
   13019  2  
   13019  2  
   13032  1  
   13032  1  
   13091  2  
   13091  2  
   13129  1  
   13129  1  
   13205  1  
   13205  1  
   13205  1  
   13205  1  
   13212  2  
   13235  3  
   13251  2  
   13327  1  
   13327  1  
   13374  3  
   13385  1  
   13385  1  
   13408  2  
   13408  2  
   13429  2  
   13514  1  
   13514  1  
   13570  2  
   13585  1  
   13585  1  
   13605  3  
   13615  2  
   13712  1  
   13712  1  
   13712  1  
   13712  1  
   13732  2  
   13768  1  
   13768  1  
   13782  3  
   13785  2  
   13890  2  
   13943  1  
   13943  1  
   13977  1  
   13977  1  
   13977  1  
   13977  1  
   13981  2  
   13985  3  
   14033  2  
   14033  2  
   14143  1  
   14143  1  
   14143  1  
   14143  1  
   14148  2  
   14148  2  
   14156  1  
   14156  1  
   14190  3  
   14272  2  
   14285  1  
   14285  1  
   14342  2  
   14344  1  
   14344  1  
   14344  1  
   14344  1  
   14347  3  
   14347  3  
   14434  1  
   14434  1  
   14514  2  
   14516  2  
   14516  2  
   14560  1  
   14560  1  
   14587  1  
   14587  1  
   14594  3  
   14695  2  
   14696  3  
   14707  2  
   14746  1  
   14746  1  
   14746  1  
   14746  1  
   14791  1  
   14791  1  
   14791  1  
   14791  1  
   14863  2  
   14891  2  
   14891  2  
   14926  1  
   14926  1  
   14979  3  
   14979  3  
   15020  1  
   15020  1  
   15032  2  
   15046  3  
   15088  2  
   15096  1  
   15096  1  
   15209  2  
   15209  2  
   15251  1  
   15251  1  
   15288  2  
   15318  1  
   15318  1  
   15318  1  
   15318  1  
   15353  2  
   15408  3  
   15413  1  
   15413  1  
   15413  1  
   15413  1  
   15424  3  
   15454  1  
   15454  1  
   15489  2  
   15500  2  
   15611  1  
   15611  1  
   15611  1  
   15611  1  
   15636  1  
   15636  1  
   15643  2  
   15702  2  
   15702  2  
   15772  2  
   15808  3  
   15832  3  
   15848  1  
   15848  1  
   15861  1  
   15861  1  
   15861  1  
   15861  1  
   15883  2  
   15891  2  
   16004  2  
   16024  1  
   16024  1  
   16070  2  
   16073  1  
   16073  1  
   16102  2  
   16173  3  
   16188  1  
   16188  1  
   16211  2  
   16211  2  
   16240  3  
   16257  2  
   16309  1  
   16309  1  
   16329  2  
   16357  1  
   16357  1  
   16440  2  
   16440  2  
   16459  2  
   16459  2  
   16548  1  
   16548  1  
   16548  1  
   16548  1  
   16549  2  
   16564  1  
   16564  1  
   16564  1  
   16564  1  
   16565  3  
   16565  3  
   16612  2  
   16612  2  
   16638  2  
   16687  3  
   16709  1  
   16709  1  
   16718  1  
   16718  1  
   16732  2  
   16801  2  
   16861  2  
   16870  1  
   16870  1  
   16925  1  
   16925  1  
   16962  3  
   17000  2  
   17006  2  
   17017  1  
   17017  1  
   17080  1  
   17080  1  
   17121  3  
   17133  2  
   17163  1  
   17163  1  
   17163  1  
   17163  1  
   17166  2  
   17166  2  
   17234  1  
   17234  1  
   17278  2  
   17349  1  
   17349  1  
   17357  3  
   17369  2  
   17391  1  
   17391  1  
   17447  2  
   17521  1  
   17521  1  
   17542  1  
   17542  1  
   17542  1  
   17542  1  
   17557  2  
   17562  3  
   17562  3  
   17628  2  
   17653  1  
   17653  1  
   17697  1  
   17697  1  
   17747  3  
   17749  2  
   17770  1  
   17770  1  
   17770  1  
   17770  1  
   17816  2  
   17816  2  
   17862  1  
   17862  1  
   17883  1  
   17883  1  
   17883  1  
   17883  1  
   17945  2  
   17950  1  
   17950  1  
   17950  1  
   17950  1  
   18000  3  
   18009  2  
   18059  1  
   18059  1  
   18073  1  
   18073  1  
   18143  2  
   18146  3  
   18197  1  
   18197  1  
   18206  2  
   18236  1  
   18236  1  
   18321  1  
   18321  1  
   18330  2  
   18330  2  
   18384  2  
   18401  1  
   18401  1  
   18435  3  
   18440  1  
   18440  1  
   18523  3  
   18548  2  
   18568  1  
   18568  1  
   18568  1  
   18568  1  
   18570  2  
   18576  1  
   18576  1  
   18708  1  
   18708  1  
   18713  1  
   18713  1  
   18763  2  
   18768  2  
   18849  1  
   18849  1  
   18858  3  
   18866  1  
   18866  1  
   18906  3  
   18906  3  
   18956  2  
   18956  2  
   18989  1  
   18989  1  
   18990  2  
   19010  1  
   19010  1  
   19010  1  
   19010  1  
   19096  2  
   19125  1  
   19125  1  
   19125  1  
   19125  1  
   19180  1  
   19180  1  
   19197  2  
   19197  2  
   19234  2  
   19234  2  
   19268  3  
   19269  3  
   19287  1  
   19287  1  
   19350  1  
   19350  1  
   19424  2  
   19435  2  
   19444  1  
   19444  1  
   19501  1  
   19501  1  
   19597  1  
   19597  1  
   19608  2  
   19608  2  
   19619  3  
   19626  2  
   19656  1  
   19656  1  
   19667  3  
   19754  1  
   19754  1  
   19754  1  
   19754  1  
   19809  1  
   19809  1  
   19810  2  
   19847  2  
   19889  1  
   19889  1  
   19961  1  
   19961  1  
   19961  1  
   19961  1  
   19975  3  
   20002  2  
   20021  1  
   20021  1  
   20066  3  
   20066  3  
   20070  1  
   20070  1  
   20072  2  
   20072  2  
   20158  1  
   20158  1  
   20169  1  
   20169  1  
   20169  1  
   20169  1  
   20204  2  
   20209  2  
   20291  1  
   20291  1  
   20291  1  
   20291  1  
   20332  3  
   20340  2  
   20366  1  
   20366  1  
   20407  2  
   20407  2  
   20420  1  
   20420  1  
   20462  3  
   20488  2  
   20549  1  
   20549  1  
   20574  1  
   20574  1  
   20574  1  
   20574  1  
   20621  2  
   20630  2  
   20669  1  
   20669  1  
   20704  3  
   20762  1  
   20762  1  
   20764  2  
   20796  1  
   20796  1  
   20796  1  
   20796  1  
   20851  2  
   20851  2  
   20858  3  
   20899  2  
   20899  2  
   20930  1  
   20930  1  
   20953  1  
   20953  1  
   21058  3  
   21058  3  
   21062  2  
   21078  1  
   21078  1  
   21090  2  
   21138  1  
   21138  1  
   21196  1  
   21196  1  
   21251  2  
   21256  3  
   21264  2  
   21313  1  
   21313  1  
   21313  1  
   21313  1  
   21320  1  
   21320  1  
   21402  3  
   21430  2  
   21444  1  
   21444  1  
   21454  2  
   21521  1  
   21521  1  
   21568  1  
   21568  1  
   21568  1  
   21568  1  
   21605  2  
   21605  2  
   21644  3  
   21651  2  
   21651  2  
   21659  1  
   21659  1  
   21735  1  
   21735  1  
   21735  1  
   21735  1  
   21759  1  
   21759  1  
   21759  1  
   21759  1  
   21766  3  
   21790  2  
   21824  2  
   21903  1  
   21903  1  
   21933  1  
   21933  1  
   21974  2  
   22004  2  
   22044  3  
   22076  1  
   22076  1  
   22109  3  
   22118  1  
   22118  1  
   22118  1  
   22118  1  
   22134  2  
   22171  2  
   22229  1  
   22229  1  
   22242  1  
   22242  1  
   22266  2  
   22356  2  
   22356  2  
   22376  1  
   22376  1  
   22392  2  
   22409  1  
   22409  1  
   22409  1  
   22409  1  
   22443  3  
   22443  3  
   22472  3  
   22507  2  
   22509  1  
   22509  1  
   22534  1  
   22534  1  
   22543  2  
   22607  2  
   22640  1  
   22640  1  
   22640  1  
   22640  1  
   22650  1  
   22650  1  
   22702  2  
   22713  2  
   22759  1  
   22759  1  
   22765  1  
   22765  1  
   22803  2  
   22849  3  
   22860  3  
   22870  1  
   22870  1  
   22891  1  
   22891  1  
   22891  1  
   22891  1  
   22898  2  
   22898  2  
   22910  2  
   22956  1  
   22956  1  
   22970  2  
   23033  2  
   23037  1  
   23037  1  
   23068  1  
   23068  1  
   23096  2  
   23107  2  
   23107  2  
   23115  1  
   23115  1  
   23183  2  
   23201  1  
   23201  1  
   23244  2  
   23258  1  
   23258  1  
   23260  1  
   23260  1  
   23275  3  
   23275  3  
   23316  2  
   23316  2  
   23330  2  
   23331  1  
   23331  1  
   23352  3  
   23384  2  
   23391  1  
   23391  1  
   23446  2  
   23446  2  
   23452  1  
   23452  1  
   23492  1  
   23492  1  
   23498  1  
   23498  1  
   23526  2  
   23539  1  
   23539  1  
   23563  2  
   23577  1  
   23577  1  
   23627  1  
   23627  1  
   23638  2  
   23670  1  
   23670  1  
   23703  1  
   23703  1  
   23732  1  
   23732  1  
   23748  1  
   23748  1  
   23748  1  
   23748  1  
   23761  1  
   23761  1  
   23761  1  
   23761  1  
   23768  2  
   23784  1  
   23784  1  
   23808  1  
   23808  1  
   23808  1  
   23808  1  
   23848  1  
   23848  1  
   23859  3  
   23884  1  
   23884  1  
   23903  2  
   23924  1  
   23924  1  
   23944  2  
   23959  1  
   23959  1  
   23959  1  
   23959  1  
   23988  1  
   23988  1  
   24025  1  
   24025  1  
   24049  3  
   24053  1  
   24053  1  
   24059  1  
   24059  1  
   24083  1  
   24083  1  
   24084  2  
   24118  1  
   24118  1  
   24161  1  
   24161  1  
   24172  2  
   24172  2  
   24206  2  
   24209  1  
   24209  1  
   24250  1  
   24250  1  
   24260  1  
   24260  1  
   24306  1  
   24306  1  
   24327  2  
   24339  2  
   24350  1  
   24350  1  
   24376  3  
   24405  1  
   24405  1  
   24429  1  
   24429  1  
   24433  2  
   24468  1  
   24468  1  
   24487  2  
   24534  3  
   24545  1  
   24545  1  
   24578  2  
   24605  1  
   24605  1  
   24605  1  
   24605  1  
   24621  1  
   24621  1  
   24642  2  
   24699  1  
   24699  1  
   24709  2  
   24724  1  
   24724  1  
   24770  3  
   24783  1  
   24783  1  
   24790  2  
   24843  1  
   24843  1  
   24843  1  
   24843  1  
   24877  2  
   24897  1  
   24897  1  
   24934  2  
   24968  3  
   25002  1  
   25002  1  
   25028  2  
   25028  2  
   25052  1  
   25052  1  
   25080  2  
   25080  2  
   25141  1  
   25141  1  
   25160  3  
   25189  2  
   25249  1  
   25249  1  
   25249  1  
   25249  1  
   25275  2  
   25280  1  
   25280  1  
   25280  1  
   25280  1  
   25344  2  
   25373  1  
   25373  1  
   25392  3  
   25392  3  
   25467  1  
   25467  1  
   25472  2  
   25472  2  
   25482  1  
   25482  1  
   25502  2  
   25526  3  
   25600  1  
   25600  1  
   25652  1  
   25652  1  
   25652  1  
   25652  1  
   25658  2  
   25658  2  
   25661  2  
   25708  1  
   25708  1  
   25708  1  
   25708  1  
   25791  1  
   25791  1  
   25792  3  
   25807  2  
   25839  1  
   25839  1  
   25844  2  
   25844  2  
   25896  3  
   25896  3  
   25943  1  
   25943  1  
   25961  2  
   25985  2  
   25990  1  
   25990  1  
   25990  1  
   25990  1  
   26083  1  
   26083  1  
   26101  2  
   26103  2  
   26113  1  
   26113  1  
   26219  3  
   26245  1  
   26245  1  
   26249  2  
   26261  1  
   26261  1  
   26270  2  
   26272  3  
   26376  2  
   26376  2  
   26404  1  
   26404  1  
   26410  1  
   26410  1  
   26443  2  
   26477  2  
   26546  1  
   26546  1  
   26546  1  
   26546  1  
   26577  1  
   26577  1  
   26577  1  
   26577  1  
   26610  2  
   26618  2  
   26618  2  
   26642  3  
   26659  3  
   26664  1  
   26664  1  
   26715  2  
   26749  1  
   26749  1  
   26784  1  
   26784  1  
   26813  2  
   26828  2  
   26828  2  
   26880  1  
   26880  1  
   26913  1  
   26913  1  
   26950  2  
   26983  1  
   26983  1  
   27006  2  
   27039  3  
   27059  2  
   27067  3  
   27075  1  
   27075  1  
   27090  1  
   27090  1  
   27181  1  
   27181  1  
   27186  2  
   27212  2  
   27254  1  
   27254  1  
   27259  1  
   27259  1  
   27259  1  
   27259  1  
   27298  2  
   27340  1  
   27340  1  
   27340  1  
   27340  1  
   27389  1  
   27389  1  
   27399  2  
   27399  2  
   27422  2  
   27425  3  
   27436  1  
   27436  1  
   27452  1  
   27452  1  
   27452  1  
   27452  1  
   27506  3  
   27545  2  
   27545  2  
   27569  1  
   27569  1  
   27607  2  
   27608  1  
   27608  1  
   27686  1  
   27686  1  
   27686  1  
   27686  1  
   27710  2  
   27780  1  
   27780  1  
   27785  1  
   27785  1  
   27807  2  
   27811  3  
   27877  1  
   27877  1  
   27886  2  
   27928  3  
   27928  3  
   27941  1  
   27941  1  
   27941  1  
   27941  1  
   27960  1  
   27960  1  
   28003  2  
   28049  2  
   28068  1  
   28068  1  
   28168  1  
   28168  1  
   28173  1  
   28173  1  
   28197  3  
   28197  3  
   28211  2  
   28211  2  
   28217  2  
   28217  2  
   28293  1  
   28293  1  
   28293  1  
   28293  1  
   28354  3  
   28381  2  
   28388  1  
   28388  1  
   28444  2  
   28450  1  
   28450  1  
   28555  2  
   28555  2  
   28570  3  
   28603  1  
   28603  1  
   28604  1  
   28604  1  
   28604  1  
   28604  1  
   28663  2  
   28721  1  
   28721  1  
   28726  2  
   28767  3  
   28819  1  
   28819  1  
   28819  1  
   28819  1  
   28846  1  
   28846  1  
   28902  2  
   28921  2  
   28921  2  
   28949  3  
   28985  1  
   28985  1  
   29017  1  
   29017  1  
   29034  2  
   29133  1  
   29133  1  
   29133  1  
   29133  1  
   29136  2  
   29136  2  
   29149  2  
   29198  3  
   29216  1  
   29216  1  
   29216  1  
   29216  1  
   29257  2  
   29293  1  
   29293  1  
   29338  3  
   29369  2  
   29369  2  
   29373  1  
   29373  1  
   29402  2  
   29446  1  
   29446  1  
   29528  1  
   29528  1  
   29571  2  
   29607  1  
   29607  1  
   29627  3  
   29656  1  
   29656  1  
   29671  2  
   29671  2  
   29717  3  
   29762  1  
   29762  1  
   29762  1  
   29762  1  
   29767  2  
   29767  2  
   29798  1  
   29798  1  
   29856  2  
   29880  1  
   29880  1  
   29928  2  
   29932  1  
   29932  1  
   30012  1  
   30012  1  
   30012  1  
   30012  1  
   30042  1  
   30042  1  
   30043  2  
   30064  2  
   30073  3  
   30109  1  
   30109  1  
   30120  3  
   30158  1  
   30158  1  
   30208  1  
   30208  1  
   30208  1  
   30208  1  
   30218  2  
   30231  2  
   30273  1  
   30273  1  
   30273  1  
   30273  1  
   30335  1  
   30335  1  
   30361  1  
   30361  1  
   30374  2  
   30374  2  
   30423  2  
   30452  1  
   30452  1  
   30452  1  
   30452  1  
   30464  1  
   30464  1  
   30512  2  
   30531  3  
   30531  3  
   30532  3  
   30532  3  
   30534  3  
   30535  3  
   30540  3  
   30557  3  
   30577  3  
   30578  1  
   30578  1  
   30590  3  
   30590  3  
   30605  1  
   30605  1  
   30608  3  
   30614  2  
   30626  3  
   30654  3  
   30659  2  
   30684  3  
   30686  1  
   30686  1  
   30725  3  
   30750  1  
   30750  1  
   30769  3  
   30769  3  
   30794  3  
   30798  1  
   30798  1  
   30807  2  
   30814  2  
   30814  2  
   30841  3  
   30878  1  
   30878  1  
   30882  3  
   30913  1  
   30913  1  
   30941  3  
   30962  2  
   30987  3  
   31018  2  
   31021  1  
   31021  1  
   31022  1  
   31022  1  
   31024  3  
   31040  3  
   31040  3  
   31095  3  
   31107  2  
   31131  1  
   31131  1  
   31173  3  
   31177  1  
   31177  1  
   31221  2  
   31221  2  
   31231  1  
   31231  1  
   31232  3  
   31258  2  
   31258  2  
   31290  3  
   31300  1  
   31300  1  
   31300  1  
   31300  1  
   31328  1  
   31328  1  
   31328  1  
   31328  1  
   31366  2  
   31367  3  
   31418  2  
   31428  3  
   31428  3  
   31445  1  
   31445  1  
   31453  1  
   31453  1  
   31462  2  
   31462  2  
   31510  3  
   31513  3  
   31573  1  
   31573  1  
   31597  3  
   31613  1  
   31613  1  
   31622  2  
   31639  2  
   31673  3  
   31692  1  
   31692  1  
   31751  3  
   31752  1  
   31752  1  
   31755  2  
   31755  2  
   31813  1  
   31813  1  
   31813  1  
   31813  1  
   31837  2  
   31840  3  
   31869  1  
   31869  1  
   31899  1  
   31899  1  
   31899  1  
   31899  1  
   31915  2  
   31930  3  
   31930  3  
   31947  1  
   31947  1  
   31947  1  
   31947  1  
   31996  3  
   32022  3  
   32043  2  
   32043  2  
   32057  1  
   32057  1  
   32082  2  
   32086  1  
   32086  1  
   32117  3  
   32146  1  
   32146  1  
   32205  3  
   32238  2  
   32239  2  
   32262  1  
   32262  1  
   32266  1  
   32266  1  
   32300  3  
   32369  1  
   32369  1  
   32394  2  
   32394  2  
   32403  3  
   32430  1  
   32430  1  
   32436  2  
   32436  2  
   32458  3  
   32497  2  
   32499  1  
   32499  1  
   32504  3  
   32504  3  
   32570  2  
   32586  1  
   32586  1  
   32586  1  
   32586  1  
   32587  2  
   32590  3  
   32608  1  
   32608  1  
   32682  2  
   32686  3  
   32687  2  
   32687  2  
   32697  1  
   32697  1  
   32753  1  
   32753  1  
   32786  2  
   32786  2  
   32794  3  
   32828  1  
   32828  1  
   32867  3  
   32883  1  
   32883  1  
   32890  3  
   32891  2  
   32916  2  
   32942  1  
   32942  1  
   32979  3  
   33039  2  
   33045  1  
   33045  1  
   33058  1  
   33058  1  
   33085  2  
   33100  3  
   33100  3  
   33170  2  
   33180  1  
   33180  1  
   33203  3  
   33215  1  
   33215  1  
   33215  1  
   33215  1  
   33282  3  
   33282  3  
   33298  2  
   33313  1  
   33313  1  
   33313  1  
   33313  1  
   33315  2  
   33315  2  
   33332  3  
   33361  1  
   33361  1  
   33417  1  
   33417  1  
   33425  3  
   33443  2  
   33504  2  
   33506  1  
   33506  1  
   33506  1  
   33506  1  
   33573  1  
   33573  1  
   33573  1  
   33573  1  
   33575  3  
   33612  2  
   33669  3  
   33673  1  
   33673  1  
   33674  1  
   33674  1  
   33713  3  
   33716  2  
   33750  2  
   33798  3  
   33798  3  
   33802  1  
   33802  1  
   33853  1  
   33853  1  
   33893  2  
   33893  2  
   33917  2  
   33917  2  
   33920  3  
   33927  1  
   33927  1  
   34010  2  
   34020  1  
   34020  1  
   34039  3  
   34045  1  
   34045  1  
   34045  1  
   34045  1  
   34118  3  
   34138  2  
   34138  2  
   34147  2  
   34150  1  
   34150  1  
   34168  3  
   34204  1  
   34204  1  
   34239  2  
   34256  1  
   34256  1  
   34297  3  
   34337  2  
   34337  2  
   34360  1  
   34360  1  
   34379  2  
   34379  2  
   34387  1  
   34387  1  
   34423  3  
   34444  2  
   34456  1  
   34456  1  
   34521  3  
   34543  1  
   34543  1  
   34547  2  
   34554  3  
   34554  3  
   34555  2  
   34566  1  
   34566  1  
   34566  1  
   34566  1  
   34645  1  
   34645  1  
   34645  1  
   34645  1  
   34659  2  
   34692  3  
   34744  2  
   34750  1  
   34750  1  
   34766  2  
   34768  1  
   34768  1  
   34813  3  
   34862  2  
   34883  1  
   34883  1  
   34883  1  
   34883  1  
   34906  2  
   34915  1  
   34915  1  
   34915  1  
   34915  1  
   34923  3  
   34952  3  
   34972  2  
   34981  1  
   34981  1  
   35077  1  
   35077  1  
   35079  1  
   35079  1  
   35084  2  
   35089  2  
   35099  3  
   35166  1  
   35166  1  
   35189  2  
   35189  2  
   35235  3  
   35242  1  
   35242  1  
   35254  1  
   35254  1  
   35264  2  
   35320  2  
   35327  3  
   35355  1  
   35355  1  
   35389  3  
   35389  3  
   35412  1  
   35412  1  
   35439  1  
   35439  1  
   35439  1  
   35439  1  
   35442  2  
   35443  2  
   35443  2  
   35527  1  
   35527  1  
   35537  3  
   35581  2  
   35586  1  
   35586  1  
   35623  1  
   35623  1  
   35697  2  
   35702  3  
   35715  1  
   35715  1  
   35725  2  
   35725  2  
   35762  3  
   35762  3  
   35770  1  
   35770  1  
   35789  1  
   35789  1  
   35858  1  
   35858  1  
   35872  3  
   35886  2  
   35928  1  
   35928  1  
   35956  1  
   35956  1  
   35956  1  
   35956  1  
   35958  2  
   35958  2  
   35983  1  
   35983  1  
   36037  1  
   36037  1  
   36051  3  
   36063  2  
   36083  1  
   36083  1  
   36134  1  
   36134  1  
   36165  2  
   36172  1  
   36172  1  
   36189  1  
   36189  1  
   36212  1  
   36212  1  
   36236  3  
   36237  3  
   36243  2  
   36248  1  
   36248  1  
   36295  1  
   36295  1  
   36322  1  
   36322  1  
   36354  1  
   36354  1  
   36354  1  
   36354  1  
   36378  1  
   36378  1  
   36386  2  
   36408  1  
   36408  1  
   36408  1  
   36408  1  
   36422  1  
   36422  1  
   36447  1  
   36447  1  
   36447  1  
   36447  1  
   36453  1  
   36453  1  
   36453  1  
   36453  1  
   36458  2  
   36458  2  
   36464  3  
   36464  3  
   36486  1  
   36486  1  
   36520  1  
   36520  1  
   36567  1  
   36567  1  
   36600  2  
   36611  1  
   36611  1  
   36617  2  
   36654  1  
   36654  1  
   36662  3  
   36664  1  
   36664  1  
   36720  1  
   36720  1  
   36745  2  
   36765  1  
   36765  1  
   36779  3  
   36815  2  
   36818  1  
   36818  1  
   36849  3  
   36858  1  
   36858  1  
   36862  2  
   36881  1  
   36881  1  
   36949  1  
   36949  1  
   36983  2  
   36992  2  
   37020  1  
   37020  1  
   37023  3  
   37034  1  
   37034  1  
   37102  1  
   37102  1  
   37105  2  
   37173  2  
   37173  2  
   37192  3  
   37199  1  
   37199  1  
   37200  3  
   37206  1  
   37206  1  
   37212  2  
   37212  2  
   37295  1  
   37295  1  
   37295  1  
   37295  1  
   37339  2  
   37350  3  
   37362  1  
   37362  1  
   37382  1  
   37382  1  
   37438  2  
   37467  1  
   37467  1  
   37471  2  
   37471  2  
   37517  3  
   37517  3  
   37523  1  
   37523  1  
   37523  1  
   37523  1  
   37554  1  
   37554  1  
   37582  2  
   37588  3  
   37637  1  
   37637  1  
   37669  1  
   37669  1  
   37670  3  
   37684  2  
   37693  2  
   37693  2  
   37723  1  
   37723  1  
   37792  2  
   37804  1  
   37804  1  
   37804  1  
   37804  1  
   37810  1  
   37810  1  
   37810  1  
   37810  1  
   37823  3  
   37846  2  
   37898  2  
   37898  2  
   37932  1  
   37932  1  
   37954  3  
   37989  3  
   37993  1  
   37993  1  
   38002  2  
   38016  2  
   38035  1  
   38035  1  
   38035  1  
   38035  1  
   38125  1  
   38125  1  
   38142  3  
   38147  2  
   38153  2  
   38157  1  
   38157  1  
   38211  1  
   38211  1  
   38256  2  
   38290  3  
   38293  1  
   38293  1  
   38300  2  
   38307  1  
   38307  1  
   38308  3  
   38308  3  
   38388  1  
   38388  1  
   38388  1  
   38388  1  
   38395  2  
   38395  2  
   38448  3  
   38448  3  
   38449  1  
   38449  1  
   38450  2  
   38477  1  
   38477  1  
   38492  2  
   38570  1  
   38570  1  
   38578  1  
   38578  1  
   38593  2  
   38593  2  
   38594  2  
   38594  2  
   38603  3  
   38649  3  
   38663  1  
   38663  1  
   38698  2  
   38715  1  
   38715  1  
   38715  1  
   38715  1  
   38760  1  
   38760  1  
   38760  1  
   38760  1  
   38765  3  
   38790  2  
   38803  1  
   38803  1  
   38814  2  
   38877  1  
   38877  1  
   38877  1  
   38877  1  
   38883  1  
   38883  1  
   38906  3  
   38912  2  
   38978  2  
   38978  2  
   38988  1  
   38988  1  
   38993  3  
   39029  2  
   39029  2  
   39032  1  
   39032  1  
   39032  1  
   39032  1  
   39069  3  
   39100  1  
   39100  1  
   39122  2  
   39136  2  
   39142  1  
   39142  1  
   39189  1  
   39189  1  
   39217  2  
   39238  3  
   39256  1  
   39256  1  
   39276  1  
   39276  1  
   39297  2  
   39300  2  
   39343  1  
   39343  1  
   39347  3  
   39383  1  
   39383  1  
   39391  2  
   39421  3  
   39421  3  
   39423  1  
   39423  1  
   39466  2  
   39467  2  
   39481  1  
   39481  1  
   39505  1  
   39505  1  
   39505  1  
   39505  1  
   39557  1  
   39557  1  
   39562  2  
   39613  1  
   39613  1  
   39616  1  
   39616  1  
   39619  3  
   39637  2  
   39654  2  
   39666  1  
   39666  1  
   39718  1  
   39718  1  
   39729  2  
   39729  2  
   39738  1  
   39738  1  
   39761  1  
   39761  1  
   39774  3  
   39777  2  
   39803  1  
   39803  1  
   39827  2  
   39827  2  
   39830  1  
   39830  1  
   39842  3  
   39854  1  
   39854  1  
   39862  2  
   39892  1  
   39892  1  
   39900  2  
   39927  1  
   39927  1  
   39927  1  
   39927  1  
   39952  1  
   39952  1  
   39958  1  
   39958  1  
   39962  2  
   39962  2  
   39990  1  
   39990  1  
   40027  1  
   40027  1  
   40059  1  
   40059  1  
   40070  1  
   40070  1  
   40086  2  
   40098  1  
   40098  1  
   40139  1  
   40139  1  
   40139  1  
   40139  1  
   40143  2  
   40143  2  
   40158  1  
   40158  1  
   40161  3  
   40177  1  
   40177  1  
   40177  1  
   40177  1  
   40206  1  
   40206  1  
   40216  1  
   40216  1  
   40228  2  
   40257  1  
   40257  1  
   40295  1  
   40295  1  
   40322  1  
   40322  1  
   40328  1  
   40328  1  
   40354  2  
   40372  1  
   40372  1  
   40410  1  
   40410  1  
   40411  1  
   40411  1  
   40413  3  
   40455  1  
   40455  1  
   40463  2  
   40469  3  
   40470  2  
   40483  1  
   40483  1  
   40495  1  
   40495  1  
   40548  1  
   40548  1  
   40548  1  
   40548  1  
   40550  1  
   40550  1  
   40566  2  
   40595  1  
   40595  1  
   40598  1  
   40598  1  
   40647  1  
   40647  1  
   40647  1  
   40647  1  
   40658  1  
   40658  1  
   40665  2  
   40680  1  
   40680  1  
   40689  3  
   40698  2  
   40698  2  
   40718  1  
   40718  1  
   40722  1  
   40722  1  
   40722  1  
   40722  1  
   40780  2  
   40782  1  
   40782  1  
   40788  1  
   40788  1  
   40838  1  
   40838  1  
   40852  1  
   40852  1  
   40860  2  
   40865  3  
   40865  3  
   40891  2  
   40891  2  
   40903  3  
   40903  3  
   40907  1  
   40907  1  
   40931  1  
   40931  1  
   40961  1  
   40961  1  
   41000  2  
   41012  1  
   41012  1  
   41015  2  
   41040  1  
   41040  1  
   41095  3  
   41101  1  
   41101  1  
   41106  1  
   41106  1  
   41115  2  
   41135  2  
   41195  1  
   41195  1  
   41214  1  
   41214  1  
   41235  2  
   41254  3  
   41256  2  
   41272  1  
   41272  1  
   41291  3  
   41324  2  
   41328  1  
   41328  1  
   41377  2  
   41377  2  
   41379  1  
   41379  1  
   41433  2  
   41460  1  
   41460  1  
   41460  1  
   41460  1  
   41485  1  
   41485  1  
   41485  1  
   41485  1  
   41490  3  
   41501  2  
   41520  2  
   41580  1  
   41580  1  
   41596  2  
   41609  2  
   41609  2  
   41613  1  
   41613  1  
   41637  3  
   41669  2  
   41678  3  
   41689  1  
   41689  1  
   41750  2  
   41750  2  
   41778  1  
   41778  1  
   41778  1  
   41778  1  
   41787  2  
   41805  1  
   41805  1  
   41814  2  
   41871  2  
   41871  2  
   41880  3  
   41899  1  
   41899  1  
   41913  1  
   41913  1  
   41920  2  
   41967  2  
   41967  2  
   41977  2  
   41977  2  
   42028  3  
   42029  1  
   42029  1  
   42032  1  
   42032  1  
   42055  2  
   42056  2  
   42087  3  
   42087  3  
   42129  2  
   42139  2  
   42140  1  
   42140  1  
   42140  1  
   42140  1  
   42143  1  
   42143  1  
   42215  2  
   42219  1  
   42219  1  
   42224  2  
   42264  1  
   42264  1  
   42275  3  
   42302  1  
   42302  1  
   42302  1  
   42302  1  
   42311  2  
   42316  2  
   42316  2  
   42375  3  
   42382  1  
   42382  1  
   42400  2  
   42408  1  
   42408  1  
   42455  3  
   42461  2  
   42511  2  
   42515  1  
   42515  1  
   42515  1  
   42515  1  
   42550  1  
   42550  1  
   42550  1  
   42550  1  
   42603  2  
   42603  2  
   42611  2  
   42624  3  
   42647  1  
   42647  1  
   42660  1  
   42660  1  
   42694  2  
   42706  3  
   42721  2  
   42788  1  
   42788  1  
   42794  1  
   42794  1  
   42796  2  
   42802  3  
   42849  2  
   42891  2  
   42898  1  
   42898  1  
   42938  1  
   42938  1  
   42972  3  
   42981  2  
   42981  2  
   42994  2  
   42994  2  
   43026  1  
   43026  1  
   43026  1  
   43026  1  
   43028  3  
   43028  3  
   43073  2  
   43076  1  
   43076  1  
   43076  1  
   43076  1  
   43152  3  
   43152  3  
   43155  2  
   43179  2  
   43193  1  
   43193  1  
   43220  2  
   43226  1  
   43226  1  
   43301  2  
   43338  3  
   43364  3  
   43377  2  
   43384  2  
   43384  2  
   43392  1  
   43392  1  
   43392  1  
   43392  1  
   43407  1  
   43407  1  
   43407  1  
   43407  1  
   43447  2  
   43487  1  
   43487  1  
   43502  2  
   43506  1  
   43506  1  
   43509  2  
   43530  3  
   43572  2  
   43572  2  
   43598  1  
   43598  1  
   43619  2  
   43624  1  
   43624  1  
   43649  2  
   43665  2  
   43665  2  
   43699  1  
   43699  1  
   43711  2  
   43726  3  
   43734  1  
   43734  1  
   43741  3  
   43758  2  
   43758  2  
   43782  2  
   43800  1  
   43800  1  
   43800  1  
   43800  1  
   43820  2  
   43821  1  
   43821  1  
   43884  2  
   43911  1  
   43911  1  
   43922  2  
   43941  3  
   43960  1  
   43960  1  
   43962  2  
   43998  1  
   43998  1  
   44032  2  
   44055  2  
   44084  1  
   44084  1  
   44086  3  
   44116  1  
   44116  1  
   44121  2  
   44159  3  
   44177  1  
   44177  1  
   44177  1  
   44177  1  
   44198  2  
   44198  2  
   44208  2  
   44270  1  
   44270  1  
   44280  1  
   44280  1  
   44303  2  
   44375  3  
   44375  3  
   44386  1  
   44386  1  
   44386  1  
   44386  1  
   44393  2  
   44403  2  
   44403  2  
   44425  1  
   44425  1  
   44425  1  
   44425  1  
   44442  1  
   44442  1  
   44474  3  
   44506  1  
   44506  1  
   44506  1  
   44506  1  
   44508  2  
   44559  1  
   44559  1  
   44580  2  
   44588  3  
   44591  1  
   44591  1  
   44597  2  
   44663  1  
   44663  1  
   44663  1  
   44663  1  
   44675  1  
   44675  1  
   44685  2  
   44747  2  
   44764  1  
   44764  1  
   44769  1  
   44769  1  
   44776  2  
   44790  3  
   44826  3  
   44849  1  
   44849  1  
   44852  1  
   44852  1  
   44852  1  
   44852  1  
   44862  2  
   44902  2  
   44902  2  
   44949  1  
   44949  1  
   44953  2  
   44953  2  
   44956  1  
   44956  1  
   44977  3  
   45008  2  
   45044  1  
   45044  1  
   45051  2  
   45058  1  
   45058  1  
   45105  2  
   45147  2  
   45147  2  
   45148  1  
   45148  1  
   45151  3  
   45151  3  
   45158  1  
   45158  1  
   45164  3  
   45215  2  
   45235  1  
   45235  1  
   45240  2  
   45268  1  
   45268  1  
   45268  1  
   45268  1  
   45306  2  
   45306  2  
   45326  1  
   45326  1  
   45333  2  
   45333  2  
   45359  3  
   45375  1  
   45375  1  
   45412  1  
   45412  1  
   45412  1  
   45412  1  
   45430  2  
   45435  2  
   45478  3  
   45493  1  
   45493  1  
   45504  1  
   45504  1  
   45542  2  
   45546  3  
   45546  3  
   45548  2  
   45575  1  
   45575  1  
   45596  1  
   45596  1  
   45638  1  
   45638  1  
   45647  2  
   45649  2  
   45702  1  
   45702  1  
   45714  1  
   45714  1  
   45752  3  
   45759  2  
   45765  2  
   45765  2  
   45768  1  
   45768  1  
   45823  1  
   45823  1  
   45824  1  
   45824  1  
   45826  3  
   45853  2  
   45866  1  
   45866  1  
   45915  1  
   45915  1  
   45947  1  
   45947  1  
   45947  1  
   45947  1  
   45950  1  
   45950  1  
   45962  2  
   45968  2  
   45983  3  
   45990  1  
   45990  1  
   46030  1  
   46030  1  
   46059  1  
   46059  1  
   46061  1  
   46061  1  
   46062  2  
   46089  1  
   46089  1  
   46121  1  
   46121  1  
   46137  1  
   46137  1  
   46162  1  
   46162  1  
   46173  2  
   46173  2  
   46176  1  
   46176  1  
   46176  1  
   46176  1  
   46186  1  
   46186  1  
   46205  2  
   46205  2  
   46218  1  
   46218  1  
   46232  1  
   46232  1  
   46257  1  
   46257  1  
   46273  1  
   46273  1  
   46282  3  
   46283  3  
   46295  1  
   46295  1  
   46314  1  
   46314  1  
   46333  2  
   46335  1  
   46335  1  
   46353  1  
   46353  1  
   46373  1  
   46373  1  
   46388  1  
   46388  1  
   46406  1  
   46406  1  
   46406  1  
   46406  1  
   46421  1  
   46421  1  
   46438  1  
   46438  1  
   46438  1  
   46438  1  
   46448  1  
   46448  1  
   46460  1  
   46460  1  
   46460  1  
   46460  1  
   46476  1  
   46476  1  
   46489  1  
   46489  1  
   46490  2  
   46492  1  
   46492  1  
   46513  1  
   46513  1  
   46524  1  
   46524  1  
   46547  1  
   46547  1  
   46567  1  
   46567  1  
   46592  1  
   46592  1  
   46610  2  
   46611  1  
   46611  1  
   46638  1  
   46638  1  
   46653  1  
   46653  1  
   46683  1  
   46683  1  
   46701  1  
   46701  1  
   46718  2  
   46734  1  
   46734  1  
   46752  1  
   46752  1  
   46752  1  
   46752  1  
   46755  2  
   46764  1  
   46764  1  
   46792  1  
   46792  1  
   46807  3  
   46817  1  
   46817  1  
   46857  2  
   46858  2  
   46858  2  
   46863  1  
   46863  1  
   46887  1  
   46887  1  
   46915  2  
   46928  1  
   46928  1  
   46934  1  
   46934  1  
   46965  1  
   46965  1  
   46966  2  
   46966  2  
   46967  2  
   46967  2  
   46972  3  
   47007  1  
   47007  1  
   47044  1  
   47044  1  
   47046  3  
   47060  2  
   47087  1  
   47087  1  
   47093  2  
   47097  1  
   47097  1  
   47144  1  
   47144  1  
   47148  2  
   47193  1  
   47193  1  
   47198  2  
   47219  1  
   47219  1  
   47227  3  
   47227  3  
   47234  2  
   47249  1  
   47249  1  
   47289  3  
   47311  2  
   47333  1  
   47333  1  
   47334  2  
   47348  1  
   47348  1  
   47348  1  
   47348  1  
   47384  1  
   47384  1  
   47384  1  
   47384  1  
   47396  3  
   47403  2  
   47403  2  
   47414  2  
   47429  1  
   47429  1  
   47463  1  
   47463  1  
   47477  2  
   47507  2  
   47528  1  
   47528  1  
   47533  1  
   47533  1  
   47552  2  
   47552  2  
   47555  3  
   47555  3  
   47570  3  
   47611  1  
   47611  1  
   47613  1  
   47613  1  
   47623  2  
   47660  2  
   47674  1  
   47674  1  
   47686  1  
   47686  1  
   47724  2  
   47724  2  
   47734  3  
   47755  1  
   47755  1  
   47763  1  
   47763  1  
   47764  2  
   47764  2  
   47810  2  
   47818  3  
   47828  1  
   47828  1  
   47828  1  
   47828  1  
   47840  2  
   47841  1  
   47841  1  
   47841  1  
   47841  1  
   47903  1  
   47903  1  
   47907  3  
   47921  2  
   47925  1  
   47925  1  
   47926  2  
   47961  1  
   47961  1  
   47961  1  
   47961  1  
   47999  2  
   48005  2  
   48016  1  
   48016  1  
   48016  1  
   48016  1  
   48022  1  
   48022  1  
   48085  2  
   48087  2  
   48088  1  
   48088  1  
   48088  1  
   48088  1  
   48090  3  
   48105  1  
   48105  1  
   48124  3  
   48169  2  
   48170  2  
   48189  1  
   48189  1  
   48192  1  
   48192  1  
   48258  2  
   48260  2  
   48260  2  
   48290  1  
   48290  1  
   48292  1  
   48292  1  
   48297  3  
   48297  3  
   48331  2  
   48343  2  
   48386  1  
   48386  1  
   48386  1  
   48386  1  
   48394  1  
   48394  1  
   48416  2  
   48416  2  
   48438  2  
   48452  3  
   48458  2  
   48495  1  
   48495  1  
   48499  1  
   48499  1  
   48507  3  
   48508  2  
   48508  2  
   48511  2  
   48567  2  
   48589  2  
   48598  1  
   48598  1  
   48604  1  
   48604  1  
   48618  2  
   48650  2  
   48678  2  
   48698  1  
   48698  1  
   48709  2  
   48711  1  
   48711  1  
   48711  1  
   48711  1  
   48713  3  
   48740  2  
   48777  2  
   48790  3  
   48800  2  
   48801  1  
   48801  1  
   48801  1  
   48801  1  
   48804  1  
   48804  1  
   48828  2  
   48859  2  
   48859  2  
   48860  2  
   48860  2  
   48884  1  
   48884  1  
   48889  1  
   48889  1  
   48892  2  
   48904  2  
   48920  3  
   48931  2  
   48940  2  
   48949  2  
   48949  2  
   48967  1  
   48967  1  
   48977  1  
   48977  1  
   49006  2  
   49006  2  
   49016  2  
   49028  1  
   49028  1  
   49044  1  
   49044  1  
   49070  2  
   49081  1  
   49081  1  
   49091  2  
   49101  3  
   49118  3  
   49120  1  
   49120  1  
   49120  1  
   49120  1  
   49124  2  
   49128  1  
   49128  1  
   49168  2  
   49182  1  
   49182  1  
   49205  2  
   49235  1  
   49235  1  
   49236  1  
   49236  1  
   49261  2  
   49274  1  
   49274  1  
   49280  2  
   49320  1  
   49320  1  
   49331  3  
   49342  1  
   49342  1  
   49350  2  
   49359  1  
   49359  1  
   49367  2  
   49390  1  
   49390  1  
   49390  1  
   49390  1  
   49411  1  
   49411  1  
   49433  3  
   49433  3  
   49442  1  
   49442  1  
   49442  1  
   49442  1  
   49447  2  
   49460  2  
   49464  1  
   49464  1  
   49485  1  
   49485  1  
   49529  1  
   49529  1  
   49529  1  
   49529  1  
   49531  2  
   49531  2  
   49547  3  
   49547  3  
   49554  2  
   49561  1  
   49561  1  
   49563  1  
   49563  1  
   49563  1  
   49563  1  
   49590  1  
   49590  1  
   49593  2  
   49635  1  
   49635  1  
   49650  1  
   49650  1  
   49655  2  
   49655  2  
   49668  2  
   49676  1  
   49676  1  
   49716  1  
   49716  1  
   49719  2  
   49727  1  
   49727  1  
   49745  3  
   49746  3  
   49759  1  
   49759  1  
   49767  2  
   49775  2  
   49792  1  
   49792  1  
   49823  2  
   49824  1  
   49824  1  
   49859  1  
   49859  1  
   49865  2  
   49872  1  
   49872  1  
   49898  2  
   49909  1  
   49909  1  
   49923  2  
   49932  2  
   49942  1  
   49942  1  
   49955  1  
   49955  1  
   49962  2  
   49970  3  
   49997  2  
   50003  1  
   50003  1  
   50027  2  
   50028  1  
   50028  1  
   50054  1  
   50054  1  
   50055  2  
   50076  2  
   50092  2  
   50102  1  
   50102  1  
   50108  2  
   50127  3  
   50135  2  
   50151  1  
   50151  1  
   50162  1  
   50162  1  
   50167  2  
   50185  2  
   50211  2  
   50218  1  
   50218  1  
   50235  2  
   50252  2  
   50269  2  
   50279  1  
   50279  1  
   50295  2  
   50309  2  
   50329  2  
   50338  2  
   50345  1  
   50345  1  
   50350  2  
   50350  2  
   50359  1  
   50359  1  
   50359  1  
   50359  1  
   50361  2  
   50372  2  
   50372  2  
   50377  3  
   50388  2  
   50400  2  
   50409  1  
   50409  1  
   50412  2  
   50423  2  
   50431  2  
   50431  2  
   50445  2  
   50460  1  
   50460  1  
   50474  2  
   50503  2  
   50515  1  
   50515  1  
   50530  2  
   50550  1  
   50550  1  
   50559  2  
   50575  1  
   50575  1  
   50582  2  
   50602  1  
   50602  1  
   50616  2  
   50631  1  
   50631  1  
   50652  2  
   50653  1  
   50653  1  
   50671  1  
   50671  1  
   50673  1  
   50673  1  
   50682  2  
   50693  1  
   50693  1  
   50699  2  
   50709  1  
   50709  1  
   50726  1  
   50726  1  
   50751  1  
   50751  1  
   50766  2  
   50769  1  
   50769  1  
   50787  1  
   50787  1  
   50797  1  
   50797  1  
   50810  1  
   50810  1  
   50823  1  
   50823  1  
   50841  1  
   50841  1  
   50859  1  
   50859  1  
   50876  1  
   50876  1  
   50876  1  
   50876  1  
   50882  1  
   50882  1  
   50890  1  
   50890  1  
   50890  1  
   50890  1  
   50902  2  
   50904  1  
   50904  1  
   50919  1  
   50919  1  
   50932  1  
   50932  1  
   50944  1  
   50944  1  
   50944  1  
   50944  1  
   50964  1  
   50964  1  
   50976  1  
   50976  1  
   50991  1  
   50991  1  
   51006  1  
   51006  1  
   51022  1  
   51022  1  
   51034  1  
   51034  1  
   51052  1  
   51052  1  
   51057  2  
   51065  1  
   51065  1  
   51079  1  
   51079  1  
   51094  1  
   51094  1  
   51108  1  
   51108  1  
   51126  1  
   51126  1  
   51135  2  
   51139  2  
   51143  1  
   51143  1  
   51157  1  
   51157  1  
   51180  1  
   51180  1  
   51182  1  
   51182  1  
   51183  3  
   51189  2  
   51198  1  
   51198  1  
   51207  3  
   51221  1  
   51221  1  
   51239  1  
   51239  1  
   51245  2  
   51263  1  
   51263  1  
   51281  1  
   51281  1  
   51287  2  
   51290  2  
   51309  1  
   51309  1  
   51339  1  
   51339  1  
   51346  2  
   51352  1  
   51352  1  
   51368  1  
   51368  1  
   51393  2  
   51393  2  
   51395  1  
   51395  1  
   51409  2  
   51409  2  
   51436  1  
   51436  1  
   51454  2  
   51473  1  
   51473  1  
   51477  3  
   51486  1  
   51486  1  
   51486  1  
   51486  1  
   51500  2  
   51501  1  
   51501  1  
   51544  1  
   51544  1  
   51552  1  
   51552  1  
   51557  2  
   51561  2  
   51586  1  
   51586  1  
   51595  3  
   51615  2  
   51618  1  
   51618  1  
   51632  1  
   51632  1  
   51665  2  
   51671  3  
   51671  3  
   51672  1  
   51672  1  
   51681  1  
   51681  1  
   51682  2  
   51682  2  
   51730  2  
   51738  1  
   51738  1  
   51738  1  
   51738  1  
   51739  1  
   51739  1  
   51792  2  
   51801  1  
   51801  1  
   51813  1  
   51813  1  
   51816  2  
   51855  2  
   51859  3  
   51873  1  
   51873  1  
   51873  1  
   51873  1  
   51878  3  
   51882  1  
   51882  1  
   51931  2  
   51931  2  
   51932  2  
   51935  1  
   51935  1  
   51965  1  
   51965  1  
   51996  1  
   51996  1  
   52014  2  
   52014  2  
   52027  2  
   52032  3  
   52044  1  
   52044  1  
   52045  1  
   52045  1  
   52087  2  
   52094  1  
   52094  1  
   52130  2  
   52137  1  
   52137  1  
   52138  1  
   52138  1  
   52142  3  
   52142  3  
   52161  2  
   52194  1  
   52194  1  
   52225  3  
   52229  1  
   52229  1  
   52230  2  
   52240  2  
   52242  1  
   52242  1  
   52242  1  
   52242  1  
   52273  1  
   52273  1  
   52273  1  
   52273  1  
   52312  1  
   52312  1  
   52315  1  
   52315  1  
   52322  2  
   52340  2  
   52340  2  
   52342  1  
   52342  1  
   52342  1  
   52342  1  
   52372  1  
   52372  1  
   52379  1  
   52379  1  
   52382  2  
   52397  1  
   52397  1  
   52397  1  
   52397  1  
   52435  3  
   52446  1  
   52446  1  
   52449  1  
   52449  1  
   52452  2  
   52455  3  
   52459  2  
   52490  1  
   52490  1  
   52527  1  
   52527  1  
   52527  1  
   52527  1  
   52530  2  
   52550  1  
   52550  1  
   52567  2  
   52592  2  
   52598  1  
   52598  1  
   52605  1  
   52605  1  
   52652  2  
   52662  1  
   52662  1  
   52665  3  
   52689  2  
   52694  1  
   52694  1  
   52713  2  
   52713  2  
   52722  1  
   52722  1  
   52758  2  
   52779  1  
   52779  1  
   52794  3  
   52796  1  
   52796  1  
   52802  2  
   52814  2  
   52814  2  
   52840  2  
   52855  1  
   52855  1  
   52872  1  
   52872  1  
   52885  2  
   52889  3  
   52889  3  
   52903  2  
   52903  2  
   52920  2  
   52921  1  
   52921  1  
   52928  2  
   52938  2  
   52956  2  
   52971  1  
   52971  1  
   52980  2  
   52980  2  
   52995  1  
   52995  1  
   53004  2  
   53035  2  
   53051  1  
   53051  1  
   53051  1  
   53051  1  
   53052  1  
   53052  1  
   53055  2  
   53103  2  
   53113  3  
   53115  1  
   53115  1  
   53118  3  
   53143  2  
   53163  2  
   53169  1  
   53169  1  
   53174  1  
   53174  1  
   53205  2  
   53209  1  
   53209  1  
   53209  1  
   53209  1  
   53223  1  
   53223  1  
   53240  2  
   53247  1  
   53247  1  
   53247  1  
   53247  1  
   53258  2  
   53278  1  
   53278  1  
   53279  1  
   53279  1  
   53303  3  
   53305  1  
   53305  1  
   53311  2  
   53329  2  
   53333  1  
   53333  1  
   53371  1  
   53371  1  
   53378  2  
   53387  1  
   53387  1  
   53390  3  
   53404  1  
   53404  1  
   53419  2  
   53419  2  
   53427  2  
   53427  2  
   53435  1  
   53435  1  
   53471  3  
   53473  1  
   53473  1  
   53474  1  
   53474  1  
   53474  1  
   53474  1  
   53484  2  
   53496  2  
   53509  1  
   53509  1  
   53524  2  
   53524  2  
   53530  1  
   53530  1  
   53552  2  
   53559  1  
   53559  1  
   53561  2  
   53587  1  
   53587  1  
   53587  1  
   53587  1  
   53602  1  
   53602  1  
   53602  1  
   53602  1  
   53605  2  
   53613  1  
   53613  1  
   53616  2  
   53621  1  
   53621  1  
   53621  1  
   53621  1  
   53624  1  
   53624  1  
   53626  3  
   53634  2  
   53635  2  
   53640  3  
   53651  1  
   53651  1  
   53660  1  
   53660  1  
   53678  1  
   53678  1  
   53686  2  
   53686  2  
   53698  1  
   53698  1  
   53702  2  
   53709  1  
   53709  1  
   53735  2  
   53737  1  
   53737  1  
   53737  1  
   53737  1  
   53780  2  
   53793  3  
   53831  2  
   53851  2  
   53851  2  
   53855  3  
   53855  3  
   53912  2  
   53917  2  
   53917  2  
   53933  3  
   53933  3  
   53958  2  
   53989  2  
   54020  2  
   54048  3  
   54063  3  
   54071  2  
   54076  2  
   54076  2  
   54117  2  
   54142  2  
   54169  2  
   54179  3  
   54215  3  
   54220  2  
   54223  2  
   54223  2  
   54251  2  
   54251  2  
   54268  2  
   54269  2  
   54296  3  
   54303  2  
   54305  2  
   54307  2  
   54313  2  
   54353  2  
   54360  2  
   54360  2  
   54369  2  
   54381  3  
   54387  2  
   54387  2  
   54409  3  
   54419  2  
   54452  2  
   54471  2  
   54471  2  
   54508  3  
   54523  2  
   54524  2  
   54527  3  
   54578  2  
   54598  2  
   54620  3  
   54620  3  
   54634  2  
   54660  2  
   54660  2  
   54670  3  
   54683  2  
   54683  2  
   54702  2  
   54721  3  
   54735  2  
   54743  2  
   54790  2  
   54795  2  
   54823  3  
   54823  3  
   54828  3  
   54838  2  
   54847  2  
   54875  2  
   54895  2  
   54923  2  
   54932  3  
   54953  2  
   54963  2  
   54972  3  
   55006  2  
   55006  2  
   55007  2  
   55032  2  
   55037  3  
   55048  2  
   55062  2  
   55088  2  
   55092  2  
   55092  2  
   55117  2  
   55117  2  
   55119  3  
   55127  2  
   55144  3  
   55158  2  
   55159  2  
   55195  2  
   55200  2  
   55221  2  
   55233  2  
   55248  3  
   55248  3  
   55249  2  
   55264  3  
   55271  2  
   55278  2  
   55305  2  
   55313  2  
   55338  2  
   55338  2  
   55340  2  
   55346  3  
   55363  2  
   55373  2  
   55386  2  
   55390  3  
   55402  2  
   55407  2  
   55425  3  
   55427  2  
   55428  2  
   55454  2  
   55468  2  
   55468  2  
   55485  2  
   55495  2  
   55507  2  
   55513  3  
   55517  2  
   55522  3  
   55529  2  
   55529  2  
   55535  2  
   55545  2  
   55556  2  
   55560  2  
   55571  2  
   55576  2  
   55585  2  
   55595  2  
   55598  3  
   55603  2  
   55614  2  
   55616  2  
   55617  3  
   55617  3  
   55632  2  
   55639  2  
   55650  2  
   55660  2  
   55665  2  
   55674  3  
   55679  2  
   55679  2  
   55730  3  
   55750  3  
   55750  3  
   55819  3  
   55821  3  
   55896  3  
   55919  3  
   55964  3  
   56009  3  
   56025  3  
   56093  3  
   56097  3  
   56155  3  
   56155  3  
   56167  3  
   56167  3  
   56169  3  
   56171  3  
   56172  3  
   56173  3  
   56175  3  
   56176  3  
   56176  3  
   56178  3  
   56179  3  
   56181  3  
   56186  3  
   56188  3  
   56190  3  
   56190  3  
   56191  3  
   56194  3  
   56197  3  
   56201  3  
   56202  3  
   56209  3  
   56211  3  
   56211  3  
   56216  3  
   56223  3  
   56231  3  
   56234  3  
   56239  3  
   56244  3  
   56244  3  
   56249  3  
   56253  3  
   56255  3  
   56265  3  
   56274  3  
   56277  3  
   56282  3  
   56282  3  
   56288  3  
   56298  3  
   56304  3  
   56309  3  
   56311  3  
   56321  3  
   56327  3  
   56327  3  
   56334  3  
   56337  3  
   56341  3  
   56346  3  
   56348  3  
   56356  3  
   56362  3  
   56362  3  
   56370  3  
   56376  3  
   56382  3  
   56383  3  
   56390  3  
   56393  3  
   56398  3  
   56398  3  
   56408  3  
   56414  3  
   56414  3  
   56417  3  
   56425  3  
   56430  3  
   56438  3  
   56443  3  
   56444  3  
   56444  3  
   56448  3  
   56455  3  
   56464  3  
   56471  3  
   56472  3  
   56484  3  
   56490  3  
   56490  3  
   56500  3  
   56507  3  
   56508  3  
   56514  3  
   56523  3  
   56533  3  
   56535  3  
   56541  3  
   56541  3  
   56548  3  
   56551  3  
   56556  3  
   56558  3  
   56562  3  
   56572  3  
   56582  3  
   56582  3  
   56583  3  
   56583  3  
   56590  3  
   56596  3  
   56601  3  
   56602  3  
   56611  3  
   56618  3  
   56624  3  
   56624  3  
   56627  3  
   56633  3  
   56641  3  
   56647  3  
   56648  3  
   56657  3  
   56663  3  
   56671  3  
   56671  3  
   56672  3  
   56677  3  
   56685  3  
   56694  3  
   56695  3  
   56705  3  
   56711  3  
   56716  3  
   56716  3  
   56721  3  
   56721  3  
   56727  3  
   56737  3  
   56739  3  
   56747  3  
   56756  3  
   56764  3  
   56767  3  
   56771  3  
   56771  3  
   56783  3  
   56784  3  
   56794  3  
   56804  3  
   56808  3  
   56809  3  
   56822  3  
   56832  3  
   56832  3  
   56834  3  
   56845  3  
   56850  3  
   56857  3  
   56857  3  
   56864  3  
   56874  3  
   56881  3  
   56882  3  
   56893  3  
   56893  3  
   56902  3  
   56904  3  
   56911  3  
   56920  3  
   56923  3  
   56927  3  
   56936  3  
   56945  3  
   56947  3  
   56947  3  
   56954  3  
   56961  3  
   56963  3  
   56973  3  
   56980  3  
   56982  3  
   56982  3  
   56988  3  
   56994  3  
   56994  3  
   56996  3  
   57008  3  
   57018  3  
   57020  3  
   57027  3  
   57034  3  
   57038  3  
   57045  3  
   57052  3  
   57052  3  
   57055  3  
   57060  3  
   57071  3  
   57076  3  
   57080  3  
   57089  3  
   57094  3  
   57094  3  
   57099  3  
   57105  3  
   57105  3  
   57112  3  
   57116  3  
   57126  3  
   57130  3  
   57131  3  
   57140  3  
   57144  3  
   57147  3  
   57156  3  
   57156  3  
   57159  3  
   57164  3  
   57169  3  
   57171  3  
   57179  3  
   57189  3  
   57190  3  
   57190  3  
   57199  3  
   57203  3  
   57203  3  
   57205  3  
   57218  3  
   57226  3  
   57227  3  
   57236  3  
   57240  3  
   57242  3  
   57252  3  
   57256  3  
   57258  3  
   57258  3  
   57268  3  
   57270  3  
   57278  3  
   57289  3  
   57290  3  
   57290  3  
   57298  3  
   57308  3  
   57309  3  
   57319  3  
   57319  3  
   57326  3  
   57328  3  
   57335  3  
   57341  3  
   57344  3  
   57351  3  
   57354  3  
   57359  3  
   57364  3  
   57364  3  
   57365  3  
   57371  3  
   57375  3  
   57375  3  
   57376  3  
   57381  3  
   57383  3  
   57385  3  
   57390  3  
   57391  3  
   57393  3  
   57393  3  
   57396  3  
   57397  3  
   57399  3  
   57401  3  
   57402  3  
   57403  3  
   57404  3  
   57405  3  
   57406  3  
   57406  3  
  END_ON_NODES
