  ON_NODES
   1  3  
   1  3  
   2  3  
   3  3  
   5  3  
   6  3  
   9  3  
   10  3  
   14  3  
   15  3  
   19  3  
   22  3  
   26  3  
   26  3  
   32  3  
   32  3  
   33  3  
   40  3  
   42  3  
   48  3  
   49  3  
   56  3  
   57  3  
   66  3  
   67  3  
   74  3  
   74  3  
   77  3  
   83  3  
   87  3  
   87  3  
   93  3  
   96  3  
   102  3  
   108  3  
   110  3  
   117  3  
   121  3  
   127  3  
   129  3  
   129  3  
   142  3  
   144  3  
   151  3  
   154  3  
   154  3  
   158  3  
   163  3  
   169  3  
   175  3  
   179  3  
   183  3  
   192  3  
   192  3  
   196  3  
   201  3  
   205  3  
   211  3  
   219  3  
   219  3  
   222  3  
   231  3  
   232  3  
   242  3  
   243  3  
   252  3  
   252  3  
   253  3  
   261  3  
   263  3  
   273  3  
   276  3  
   282  3  
   288  3  
   288  3  
   294  3  
   299  3  
   303  3  
   312  3  
   316  3  
   316  3  
   325  3  
   327  3  
   340  3  
   342  3  
   353  3  
   354  3  
   363  3  
   366  3  
   366  3  
   373  3  
   376  3  
   383  3  
   383  3  
   390  3  
   396  3  
   403  3  
   408  3  
   415  3  
   417  3  
   426  3  
   431  3  
   441  3  
   441  3  
   443  3  
   454  3  
   456  3  
   456  3  
   465  3  
   466  3  
   475  3  
   477  3  
   485  3  
   490  3  
   497  3  
   502  3  
   507  3  
   514  3  
   514  3  
   519  3  
   519  3  
   525  3  
   529  3  
   538  3  
   540  3  
   551  3  
   553  3  
   561  3  
   562  3  
   575  3  
   578  3  
   590  3  
   590  3  
   592  3  
   592  3  
   603  3  
   605  3  
   612  3  
   619  3  
   621  3  
   630  3  
   633  3  
   646  3  
   650  3  
   659  3  
   664  3  
   664  3  
   677  3  
   677  3  
   678  3  
   691  3  
   692  3  
   702  3  
   705  3  
   719  3  
   721  3  
   734  3  
   739  3  
   749  3  
   749  3  
   759  3  
   762  3  
   774  3  
   774  3  
   780  3  
   795  3  
   798  3  
   815  3  
   821  3  
   837  3  
   838  3  
   856  3  
   856  3  
   859  3  
   882  3  
   886  3  
   906  3  
   910  3  
   910  3  
   931  3  
   941  3  
   952  3  
   969  3  
   990  3  
   1015  3  
   1025  3  
   1025  3  
   1065  3  
   1082  3  
   1139  3  
   1148  3  
   1211  2  
   1211  2  
   1212  2  
   1213  2  
   1215  2  
   1219  2  
   1219  2  
   1220  2  
   1221  2  
   1222  2  
   1224  2  
   1226  2  
   1226  2  
   1229  2  
   1229  2  
   1232  2  
   1235  2  
   1236  2  
   1246  2  
   1248  2  
   1248  2  
   1252  2  
   1254  3  
   1254  3  
   1255  3  
   1256  2  
   1262  2  
   1266  2  
   1279  2  
   1279  2  
   1283  2  
   1292  2  
   1296  2  
   1303  2  
   1317  2  
   1318  2  
   1318  2  
   1332  2  
   1334  2  
   1352  2  
   1358  2  
   1376  2  
   1377  2  
   1398  2  
   1400  2  
   1400  2  
   1409  2  
   1421  2  
   1428  2  
   1435  3  
   1446  2  
   1457  2  
   1461  2  
   1464  3  
   1478  2  
   1490  2  
   1494  2  
   1508  2  
   1518  2  
   1525  2  
   1525  2  
   1528  2  
   1545  2  
   1545  2  
   1553  2  
   1567  2  
   1583  2  
   1594  2  
   1595  2  
   1602  2  
   1609  2  
   1621  2  
   1625  2  
   1625  2  
   1631  2  
   1643  2  
   1643  2  
   1651  2  
   1652  2  
   1663  2  
   1677  2  
   1696  2  
   1704  2  
   1718  2  
   1731  2  
   1732  3  
   1746  2  
   1750  2  
   1769  2  
   1784  2  
   1789  2  
   1796  3  
   1815  2  
   1826  2  
   1837  2  
   1849  2  
   1856  2  
   1881  2  
   1881  2  
   1888  2  
   1892  2  
   1910  2  
   1910  2  
   1917  2  
   1938  2  
   1954  2  
   1963  3  
   1963  3  
   1970  2  
   1970  2  
   1981  2  
   1981  2  
   1992  2  
   2023  2  
   2035  3  
   2046  2  
   2051  2  
   2080  2  
   2090  2  
   2111  2  
   2143  2  
   2147  2  
   2152  3  
   2182  2  
   2206  2  
   2221  2  
   2221  2  
   2235  3  
   2252  2  
   2260  2  
   2303  2  
   2310  2  
   2310  2  
   2336  3  
   2350  2  
   2388  2  
   2396  2  
   2396  2  
   2449  3  
   2456  2  
   2469  2  
   2469  2  
   2518  2  
   2535  3  
   2544  2  
   2592  2  
   2619  2  
   2619  2  
   2655  2  
   2655  2  
   2674  3  
   2674  3  
   2690  2  
   2725  2  
   2741  3  
   2755  2  
   2788  2  
   2829  2  
   2858  2  
   2895  2  
   2895  2  
   2900  3  
   2941  2  
   2954  3  
   2989  2  
   3009  2  
   3083  2  
   3084  2  
   3084  2  
   3146  2  
   3162  3  
   3183  3  
   3183  3  
   3185  2  
   3213  2  
   3273  2  
   3279  2  
   3279  2  
   3345  2  
   3345  2  
   3367  2  
   3413  2  
   3423  3  
   3436  3  
   3453  2  
   3486  2  
   3531  2  
   3562  2  
   3611  2  
   3637  2  
   3637  2  
   3672  3  
   3707  2  
   3712  3  
   3731  2  
   3799  2  
   3799  2  
   3814  2  
   3889  2  
   3898  2  
   3934  3  
   3984  2  
   3984  2  
   3989  2  
   4004  3  
   4097  2  
   4116  1  
   4116  1  
   4116  1  
   4116  1  
   4121  1  
   4121  1  
   4124  2  
   4126  1  
   4126  1  
   4129  1  
   4129  1  
   4129  1  
   4129  1  
   4130  1  
   4130  1  
   4131  1  
   4131  1  
   4133  1  
   4133  1  
   4136  1  
   4136  1  
   4136  1  
   4136  1  
   4140  1  
   4140  1  
   4140  1  
   4140  1  
   4150  1  
   4150  1  
   4161  1  
   4161  1  
   4162  1  
   4162  1  
   4175  1  
   4175  1  
   4193  1  
   4193  1  
   4193  1  
   4193  1  
   4195  1  
   4195  1  
   4207  1  
   4207  1  
   4210  1  
   4210  1  
   4212  2  
   4214  1  
   4214  1  
   4219  3  
   4224  1  
   4224  1  
   4224  1  
   4224  1  
   4229  1  
   4229  1  
   4242  1  
   4242  1  
   4252  1  
   4252  1  
   4263  1  
   4263  1  
   4265  1  
   4265  1  
   4265  1  
   4265  1  
   4293  2  
   4293  2  
   4300  1  
   4300  1  
   4311  1  
   4311  1  
   4330  1  
   4330  1  
   4336  2  
   4349  3  
   4349  3  
   4351  1  
   4351  1  
   4353  1  
   4353  1  
   4387  1  
   4387  1  
   4405  1  
   4405  1  
   4405  1  
   4405  1  
   4408  1  
   4408  1  
   4422  2  
   4427  1  
   4427  1  
   4433  1  
   4433  1  
   4443  1  
   4443  1  
   4465  1  
   4465  1  
   4467  1  
   4467  1  
   4489  2  
   4489  2  
   4490  1  
   4490  1  
   4508  1  
   4508  1  
   4510  1  
   4510  1  
   4527  1  
   4527  1  
   4544  1  
   4544  1  
   4552  1  
   4552  1  
   4552  1  
   4552  1  
   4563  1  
   4563  1  
   4577  1  
   4577  1  
   4590  1  
   4590  1  
   4592  2  
   4599  1  
   4599  1  
   4599  1  
   4599  1  
   4606  1  
   4606  1  
   4613  1  
   4613  1  
   4613  1  
   4613  1  
   4626  1  
   4626  1  
   4629  3  
   4630  1  
   4630  1  
   4637  1  
   4637  1  
   4637  1  
   4637  1  
   4648  1  
   4648  1  
   4656  1  
   4656  1  
   4677  1  
   4677  1  
   4690  1  
   4690  1  
   4714  1  
   4714  1  
   4717  2  
   4723  1  
   4723  1  
   4743  1  
   4743  1  
   4766  1  
   4766  1  
   4772  2  
   4775  1  
   4775  1  
   4793  1  
   4793  1  
   4813  1  
   4813  1  
   4824  1  
   4824  1  
   4842  1  
   4842  1  
   4866  3  
   4873  1  
   4873  1  
   4875  1  
   4875  1  
   4908  1  
   4908  1  
   4909  2  
   4922  2  
   4926  1  
   4926  1  
   4951  1  
   4951  1  
   4967  1  
   4967  1  
   4990  1  
   4990  1  
   5010  1  
   5010  1  
   5010  1  
   5010  1  
   5028  1  
   5028  1  
   5038  1  
   5038  1  
   5049  1  
   5049  1  
   5049  1  
   5049  1  
   5061  2  
   5065  3  
   5065  3  
   5074  1  
   5074  1  
   5082  2  
   5087  1  
   5087  1  
   5087  1  
   5087  1  
   5102  1  
   5102  1  
   5102  1  
   5102  1  
   5136  1  
   5136  1  
   5155  1  
   5155  1  
   5178  1  
   5178  1  
   5191  2  
   5218  1  
   5218  1  
   5223  1  
   5223  1  
   5242  2  
   5242  2  
   5264  1  
   5264  1  
   5289  3  
   5292  1  
   5292  1  
   5304  1  
   5304  1  
   5312  2  
   5355  1  
   5355  1  
   5357  1  
   5357  1  
   5391  2  
   5418  1  
   5418  1  
   5427  3  
   5435  1  
   5435  1  
   5444  2  
   5444  2  
   5471  1  
   5471  1  
   5471  1  
   5471  1  
   5507  1  
   5507  1  
   5507  1  
   5507  1  
   5530  1  
   5530  1  
   5537  2  
   5543  2  
   5557  1  
   5557  1  
   5580  1  
   5580  1  
   5591  1  
   5591  1  
   5591  1  
   5591  1  
   5631  2  
   5631  2  
   5640  1  
   5640  1  
   5663  3  
   5685  2  
   5690  1  
   5690  1  
   5690  1  
   5690  1  
   5707  1  
   5707  1  
   5746  3  
   5759  1  
   5759  1  
   5795  2  
   5813  1  
   5813  1  
   5813  1  
   5813  1  
   5824  2  
   5845  1  
   5845  1  
   5896  1  
   5896  1  
   5921  1  
   5921  1  
   5962  2  
   5963  2  
   5963  2  
   5983  1  
   5983  1  
   6006  1  
   6006  1  
   6006  1  
   6006  1  
   6015  3  
   6058  3  
   6067  1  
   6067  1  
   6071  2  
   6088  1  
   6088  1  
   6095  2  
   6095  2  
   6159  1  
   6159  1  
   6159  1  
   6159  1  
   6180  1  
   6180  1  
   6189  2  
   6257  2  
   6260  1  
   6260  1  
   6266  1  
   6266  1  
   6298  2  
   6355  1  
   6355  1  
   6357  3  
   6374  3  
   6387  1  
   6387  1  
   6387  1  
   6387  1  
   6403  2  
   6428  2  
   6444  1  
   6444  1  
   6503  1  
   6503  1  
   6522  2  
   6525  1  
   6525  1  
   6525  1  
   6525  1  
   6596  1  
   6596  1  
   6600  2  
   6620  1  
   6620  1  
   6635  2  
   6635  2  
   6657  1  
   6657  1  
   6657  1  
   6657  1  
   6699  3  
   6725  2  
   6728  3  
   6728  3  
   6745  1  
   6745  1  
   6758  1  
   6758  1  
   6783  2  
   6783  2  
   6822  2  
   6822  2  
   6848  1  
   6848  1  
   6871  1  
   6871  1  
   6871  1  
   6871  1  
   6934  2  
   6947  1  
   6947  1  
   7000  2  
   7009  1  
   7009  1  
   7038  1  
   7038  1  
   7038  1  
   7038  1  
   7044  3  
   7044  3  
   7083  2  
   7117  1  
   7117  1  
   7118  3  
   7142  1  
   7142  1  
   7186  2  
   7186  2  
   7193  1  
   7193  1  
   7247  2  
   7259  1  
   7259  1  
   7278  1  
   7278  1  
   7328  1  
   7328  1  
   7339  2  
   7399  1  
   7399  1  
   7404  2  
   7405  3  
   7423  1  
   7423  1  
   7423  1  
   7423  1  
   7476  1  
   7476  1  
   7476  1  
   7476  1  
   7503  2  
   7515  3  
   7530  1  
   7530  1  
   7572  2  
   7600  1  
   7600  1  
   7600  1  
   7600  1  
   7620  1  
   7620  1  
   7675  2  
   7685  1  
   7685  1  
   7728  2  
   7728  2  
   7769  1  
   7769  1  
   7772  3  
   7817  1  
   7817  1  
   7817  1  
   7817  1  
   7836  2  
   7836  2  
   7841  1  
   7841  1  
   7921  3  
   7922  1  
   7922  1  
   7930  2  
   7953  2  
   8001  1  
   8001  1  
   8009  1  
   8009  1  
   8078  1  
   8078  1  
   8084  2  
   8084  2  
   8129  1  
   8129  1  
   8137  2  
   8141  3  
   8202  1  
   8202  1  
   8207  1  
   8207  1  
   8256  1  
   8256  1  
   8265  2  
   8317  1  
   8317  1  
   8362  1  
   8362  1  
   8368  3  
   8370  2  
   8402  1  
   8402  1  
   8424  1  
   8424  1  
   8459  1  
   8459  1  
   8464  2  
   8499  1  
   8499  1  
   8536  1  
   8536  1  
   8582  1  
   8582  1  
   8587  3  
   8603  1  
   8603  1  
   8634  2  
   8634  2  
   8639  1  
   8639  1  
   8639  1  
   8639  1  
   8645  1  
   8645  1  
   8645  1  
   8645  1  
   8661  1  
   8661  1  
   8683  1  
   8683  1  
   8683  1  
   8683  1  
   8701  2  
   8711  1  
   8711  1  
   8742  1  
   8742  1  
   8768  1  
   8768  1  
   8803  1  
   8803  1  
   8841  1  
   8841  1  
   8871  2  
   8876  1  
   8876  1  
   8911  1  
   8911  1  
   8930  3  
   8939  2  
   8942  1  
   8942  1  
   8961  1  
   8961  1  
   9003  1  
   9003  1  
   9053  1  
   9053  1  
   9078  2  
   9093  3  
   9109  1  
   9109  1  
   9149  2  
   9160  1  
   9160  1  
   9160  1  
   9160  1  
   9193  1  
   9193  1  
   9193  1  
   9193  1  
   9230  1  
   9230  1  
   9275  2  
   9295  1  
   9295  1  
   9348  2  
   9348  2  
   9363  1  
   9363  1  
   9407  1  
   9407  1  
   9420  3  
   9420  3  
   9438  1  
   9438  1  
   9457  2  
   9510  3  
   9510  3  
   9512  1  
   9512  1  
   9587  1  
   9587  1  
   9615  1  
   9615  1  
   9629  2  
   9641  2  
   9669  1  
   9669  1  
   9728  1  
   9728  1  
   9800  1  
   9800  1  
   9827  2  
   9827  2  
   9830  1  
   9830  1  
   9868  1  
   9868  1  
   9881  3  
   9912  2  
   9912  2  
   9931  1  
   9931  1  
   9940  3  
   9991  1  
   9991  1  
   9991  1  
   9991  1  
   10021  1  
   10021  1  
   10045  2  
   10051  1  
   10051  1  
   10051  1  
   10051  1  
   10054  1  
   10054  1  
   10054  1  
   10054  1  
   10107  1  
   10107  1  
   10139  2  
   10160  1  
   10160  1  
   10215  1  
   10215  1  
   10260  1  
   10260  1  
   10274  2  
   10312  1  
   10312  1  
   10372  2  
   10380  1  
   10380  1  
   10384  3  
   10385  3  
   10393  1  
   10393  1  
   10448  1  
   10448  1  
   10489  2  
   10506  1  
   10506  1  
   10506  1  
   10506  1  
   10585  1  
   10585  1  
   10594  2  
   10674  1  
   10674  1  
   10703  1  
   10703  1  
   10703  1  
   10703  1  
   10709  2  
   10756  1  
   10756  1  
   10801  3  
   10809  2  
   10809  2  
   10862  1  
   10862  1  
   10864  3  
   10899  1  
   10899  1  
   10920  2  
   10947  1  
   10947  1  
   10983  2  
   11049  1  
   11049  1  
   11094  1  
   11094  1  
   11131  2  
   11131  2  
   11139  1  
   11139  1  
   11171  2  
   11228  3  
   11231  1  
   11231  1  
   11231  1  
   11231  1  
   11292  1  
   11292  1  
   11302  1  
   11302  1  
   11337  3  
   11350  2  
   11359  1  
   11359  1  
   11359  1  
   11359  1  
   11367  2  
   11454  1  
   11454  1  
   11478  1  
   11478  1  
   11478  1  
   11478  1  
   11535  2  
   11535  2  
   11548  2  
   11569  1  
   11569  1  
   11644  3  
   11678  1  
   11678  1  
   11707  1  
   11707  1  
   11749  2  
   11751  2  
   11787  3  
   11795  1  
   11795  1  
   11928  1  
   11928  1  
   11934  1  
   11934  1  
   11941  2  
   11941  2  
   11960  2  
   12043  1  
   12043  1  
   12044  3  
   12044  3  
   12154  1  
   12154  1  
   12170  2  
   12173  2  
   12204  1  
   12204  1  
   12228  3  
   12228  3  
   12362  1  
   12362  1  
   12362  1  
   12362  1  
   12365  1  
   12365  1  
   12365  1  
   12365  1  
   12378  2  
   12378  2  
   12417  2  
   12434  3  
   12582  2  
   12584  1  
   12584  1  
   12594  1  
   12594  1  
   12668  2  
   12674  3  
   12776  2  
   12796  1  
   12796  1  
   12796  1  
   12796  1  
   12821  1  
   12821  1  
   12821  1  
   12821  1  
   12844  3  
   12917  2  
   12917  2  
   12960  1  
   12960  1  
   12977  2  
   12996  1  
   12996  1  
   13108  1  
   13108  1  
   13114  2  
   13133  3  
   13196  2  
   13200  1  
   13200  1  
   13264  1  
   13264  1  
   13265  3  
   13325  2  
   13405  1  
   13405  1  
   13412  2  
   13421  1  
   13421  1  
   13421  1  
   13421  1  
   13536  2  
   13570  1  
   13570  1  
   13617  1  
   13617  1  
   13617  1  
   13617  1  
   13624  3  
   13630  2  
   13697  3  
   13729  1  
   13729  1  
   13748  2  
   13748  2  
   13844  2  
   13896  1  
   13896  1  
   13905  1  
   13905  1  
   13939  2  
   14060  2  
   14060  2  
   14065  1  
   14065  1  
   14065  1  
   14065  1  
   14109  3  
   14122  2  
   14138  3  
   14165  1  
   14165  1  
   14165  1  
   14165  1  
   14298  1  
   14298  1  
   14305  2  
   14323  2  
   14388  1  
   14388  1  
   14479  2  
   14479  2  
   14529  1  
   14529  1  
   14529  1  
   14529  1  
   14574  3  
   14574  3  
   14594  3  
   14595  2  
   14618  1  
   14618  1  
   14618  1  
   14618  1  
   14682  2  
   14744  1  
   14744  1  
   14838  1  
   14838  1  
   14853  2  
   14881  2  
   14955  1  
   14955  1  
   15004  3  
   15057  1  
   15057  1  
   15073  3  
   15073  3  
   15086  2  
   15119  2  
   15119  2  
   15180  1  
   15180  1  
   15280  2  
   15281  1  
   15281  1  
   15363  2  
   15406  1  
   15406  1  
   15442  3  
   15489  2  
   15510  1  
   15510  1  
   15510  1  
   15510  1  
   15555  3  
   15611  2  
   15611  2  
   15622  1  
   15622  1  
   15694  2  
   15694  2  
   15744  1  
   15744  1  
   15846  1  
   15846  1  
   15846  1  
   15846  1  
   15856  2  
   15886  3  
   15910  2  
   15987  1  
   15987  1  
   16054  3  
   16076  1  
   16076  1  
   16103  2  
   16103  2  
   16123  2  
   16230  1  
   16230  1  
   16301  2  
   16315  1  
   16315  1  
   16342  3  
   16355  2  
   16479  1  
   16479  1  
   16479  1  
   16479  1  
   16497  2  
   16554  1  
   16554  1  
   16581  3  
   16585  2  
   16692  2  
   16752  1  
   16752  1  
   16804  1  
   16804  1  
   16804  1  
   16804  1  
   16808  2  
   16819  3  
   16892  2  
   16892  2  
   17022  1  
   17022  1  
   17022  1  
   17022  1  
   17033  2  
   17033  2  
   17037  1  
   17037  1  
   17106  3  
   17196  2  
   17216  1  
   17216  1  
   17278  2  
   17285  1  
   17285  1  
   17285  1  
   17285  1  
   17286  3  
   17286  3  
   17415  1  
   17415  1  
   17516  2  
   17519  2  
   17519  2  
   17576  1  
   17576  1  
   17608  1  
   17608  1  
   17615  3  
   17748  2  
   17751  3  
   17767  2  
   17805  1  
   17805  1  
   17805  1  
   17805  1  
   17873  1  
   17873  1  
   17873  1  
   17873  1  
   17974  2  
   18008  2  
   18008  2  
   18074  1  
   18074  1  
   18147  3  
   18147  3  
   18183  1  
   18183  1  
   18198  2  
   18217  3  
   18271  2  
   18281  1  
   18281  1  
   18429  2  
   18429  2  
   18480  1  
   18480  1  
   18529  2  
   18573  1  
   18573  1  
   18573  1  
   18573  1  
   18622  2  
   18681  3  
   18689  1  
   18689  1  
   18689  1  
   18689  1  
   18700  3  
   18762  1  
   18762  1  
   18806  2  
   18818  2  
   18941  1  
   18941  1  
   18941  1  
   18941  1  
   18974  1  
   18974  1  
   18987  2  
   19074  2  
   19074  2  
   19164  2  
   19197  3  
   19233  3  
   19247  1  
   19247  1  
   19269  1  
   19269  1  
   19269  1  
   19269  1  
   19310  2  
   19318  2  
   19462  2  
   19492  1  
   19492  1  
   19561  2  
   19567  1  
   19567  1  
   19598  2  
   19700  3  
   19718  1  
   19718  1  
   19738  2  
   19738  2  
   19783  3  
   19802  2  
   19877  1  
   19877  1  
   19903  2  
   19944  1  
   19944  1  
   20051  2  
   20051  2  
   20070  2  
   20070  2  
   20169  1  
   20169  1  
   20169  1  
   20169  1  
   20170  2  
   20202  1  
   20202  1  
   20202  1  
   20202  1  
   20204  3  
   20204  3  
   20276  2  
   20276  2  
   20301  2  
   20365  3  
   20403  1  
   20403  1  
   20417  1  
   20417  1  
   20432  2  
   20539  2  
   20593  2  
   20599  1  
   20599  1  
   20655  1  
   20655  1  
   20712  3  
   20758  2  
   20771  2  
   20789  1  
   20789  1  
   20852  1  
   20852  1  
   20926  3  
   20939  2  
   20982  1  
   20982  1  
   20982  1  
   20982  1  
   20986  2  
   20986  2  
   21064  1  
   21064  1  
   21124  2  
   21202  1  
   21202  1  
   21211  3  
   21228  2  
   21260  1  
   21260  1  
   21328  2  
   21434  1  
   21434  1  
   21459  1  
   21459  1  
   21459  1  
   21459  1  
   21475  2  
   21486  3  
   21486  3  
   21563  2  
   21609  1  
   21609  1  
   21661  1  
   21661  1  
   21715  3  
   21722  2  
   21751  1  
   21751  1  
   21751  1  
   21751  1  
   21811  2  
   21811  2  
   21876  1  
   21876  1  
   21905  1  
   21905  1  
   21905  1  
   21905  1  
   21979  2  
   21993  1  
   21993  1  
   21993  1  
   21993  1  
   22052  3  
   22062  2  
   22123  1  
   22123  1  
   22143  1  
   22143  1  
   22228  2  
   22236  3  
   22304  1  
   22304  1  
   22311  2  
   22348  1  
   22348  1  
   22457  1  
   22457  1  
   22468  2  
   22468  2  
   22553  2  
   22571  1  
   22571  1  
   22613  3  
   22618  1  
   22618  1  
   22725  3  
   22761  2  
   22791  1  
   22791  1  
   22791  1  
   22791  1  
   22794  2  
   22801  1  
   22801  1  
   22984  1  
   22984  1  
   22991  1  
   22991  1  
   23052  2  
   23059  2  
   23167  1  
   23167  1  
   23182  3  
   23200  1  
   23200  1  
   23243  3  
   23243  3  
   23308  2  
   23308  2  
   23350  1  
   23350  1  
   23351  2  
   23404  1  
   23404  1  
   23404  1  
   23404  1  
   23506  2  
   23536  1  
   23536  1  
   23536  1  
   23536  1  
   23626  1  
   23626  1  
   23645  2  
   23645  2  
   23697  2  
   23697  2  
   23727  3  
   23728  3  
   23758  1  
   23758  1  
   23853  1  
   23853  1  
   23944  2  
   23950  2  
   23970  1  
   23970  1  
   24057  1  
   24057  1  
   24185  1  
   24185  1  
   24205  2  
   24205  2  
   24220  3  
   24229  2  
   24266  1  
   24266  1  
   24274  3  
   24400  1  
   24400  1  
   24400  1  
   24400  1  
   24475  1  
   24475  1  
   24477  2  
   24529  2  
   24595  1  
   24595  1  
   24683  1  
   24683  1  
   24683  1  
   24683  1  
   24712  3  
   24742  2  
   24772  1  
   24772  1  
   24826  3  
   24826  3  
   24832  1  
   24832  1  
   24833  2  
   24833  2  
   24965  1  
   24965  1  
   24980  1  
   24980  1  
   24980  1  
   24980  1  
   25024  2  
   25029  2  
   25164  1  
   25164  1  
   25164  1  
   25164  1  
   25212  3  
   25227  2  
   25262  1  
   25262  1  
   25315  2  
   25315  2  
   25337  1  
   25337  1  
   25393  3  
   25427  2  
   25514  1  
   25514  1  
   25546  1  
   25546  1  
   25546  1  
   25546  1  
   25624  2  
   25634  2  
   25684  1  
   25684  1  
   25724  3  
   25816  1  
   25816  1  
   25824  2  
   25868  1  
   25868  1  
   25868  1  
   25868  1  
   25939  2  
   25939  2  
   25948  3  
   26016  2  
   26016  2  
   26061  1  
   26061  1  
   26078  1  
   26078  1  
   26225  3  
   26225  3  
   26235  2  
   26247  1  
   26247  1  
   26263  2  
   26344  1  
   26344  1  
   26429  1  
   26429  1  
   26513  2  
   26516  3  
   26525  2  
   26598  1  
   26598  1  
   26598  1  
   26598  1  
   26614  1  
   26614  1  
   26737  3  
   26769  2  
   26789  1  
   26789  1  
   26811  2  
   26902  1  
   26902  1  
   26976  1  
   26976  1  
   26976  1  
   26976  1  
   27022  2  
   27022  2  
   27096  3  
   27100  2  
   27100  2  
   27113  1  
   27113  1  
   27205  1  
   27205  1  
   27205  1  
   27205  1  
   27234  1  
   27234  1  
   27234  1  
   27234  1  
   27252  3  
   27298  2  
   27349  2  
   27461  1  
   27461  1  
   27507  1  
   27507  1  
   27571  2  
   27604  2  
   27670  3  
   27717  1  
   27717  1  
   27773  3  
   27789  1  
   27789  1  
   27789  1  
   27789  1  
   27807  2  
   27860  2  
   27954  1  
   27954  1  
   27978  1  
   27978  1  
   28011  2  
   28138  2  
   28138  2  
   28160  1  
   28160  1  
   28178  2  
   28205  1  
   28205  1  
   28205  1  
   28205  1  
   28266  3  
   28266  3  
   28306  3  
   28343  2  
   28350  1  
   28350  1  
   28379  1  
   28379  1  
   28400  2  
   28493  2  
   28544  1  
   28544  1  
   28544  1  
   28544  1  
   28561  1  
   28561  1  
   28647  2  
   28656  2  
   28712  1  
   28712  1  
   28715  1  
   28715  1  
   28770  2  
   28830  3  
   28852  3  
   28863  1  
   28863  1  
   28895  1  
   28895  1  
   28895  1  
   28895  1  
   28901  2  
   28901  2  
   28914  2  
   28980  1  
   28980  1  
   28993  2  
   29087  2  
   29090  1  
   29090  1  
   29129  1  
   29129  1  
   29172  2  
   29185  2  
   29185  2  
   29195  1  
   29195  1  
   29265  2  
   29289  1  
   29289  1  
   29358  2  
   29378  1  
   29378  1  
   29380  1  
   29380  1  
   29398  3  
   29398  3  
   29448  2  
   29448  2  
   29457  2  
   29458  1  
   29458  1  
   29478  3  
   29520  2  
   29530  1  
   29530  1  
   29598  2  
   29598  2  
   29609  1  
   29609  1  
   29661  1  
   29661  1  
   29673  1  
   29673  1  
   29715  2  
   29726  1  
   29726  1  
   29759  2  
   29779  1  
   29779  1  
   29832  1  
   29832  1  
   29836  2  
   29871  1  
   29871  1  
   29928  1  
   29928  1  
   29958  1  
   29958  1  
   29980  1  
   29980  1  
   29980  1  
   29980  1  
   29991  1  
   29991  1  
   29991  1  
   29991  1  
   30003  2  
   30014  1  
   30014  1  
   30038  1  
   30038  1  
   30038  1  
   30038  1  
   30078  1  
   30078  1  
   30090  3  
   30118  1  
   30118  1  
   30128  2  
   30147  1  
   30147  1  
   30164  2  
   30174  1  
   30174  1  
   30174  1  
   30174  1  
   30210  1  
   30210  1  
   30246  1  
   30246  1  
   30277  3  
   30286  1  
   30286  1  
   30296  1  
   30296  1  
   30335  1  
   30335  1  
   30338  2  
   30392  1  
   30392  1  
   30440  1  
   30440  1  
   30455  2  
   30455  2  
   30494  2  
   30497  1  
   30497  1  
   30558  1  
   30558  1  
   30577  1  
   30577  1  
   30628  1  
   30628  1  
   30660  2  
   30676  2  
   30700  1  
   30700  1  
   30742  3  
   30789  1  
   30789  1  
   30819  1  
   30819  1  
   30821  2  
   30872  1  
   30872  1  
   30897  2  
   30963  3  
   30973  1  
   30973  1  
   31012  2  
   31053  1  
   31053  1  
   31053  1  
   31053  1  
   31066  1  
   31066  1  
   31095  2  
   31178  1  
   31178  1  
   31203  2  
   31221  1  
   31221  1  
   31278  3  
   31294  1  
   31294  1  
   31301  2  
   31380  1  
   31380  1  
   31380  1  
   31380  1  
   31408  2  
   31442  1  
   31442  1  
   31492  2  
   31537  3  
   31588  1  
   31588  1  
   31629  2  
   31629  2  
   31654  1  
   31654  1  
   31696  2  
   31696  2  
   31784  1  
   31784  1  
   31805  3  
   31846  2  
   31934  1  
   31934  1  
   31934  1  
   31934  1  
   31968  2  
   31975  1  
   31975  1  
   31975  1  
   31975  1  
   32059  2  
   32091  1  
   32091  1  
   32112  3  
   32112  3  
   32220  1  
   32220  1  
   32228  2  
   32228  2  
   32245  1  
   32245  1  
   32272  2  
   32304  3  
   32396  1  
   32396  1  
   32475  1  
   32475  1  
   32475  1  
   32475  1  
   32481  2  
   32481  2  
   32483  2  
   32553  1  
   32553  1  
   32553  1  
   32553  1  
   32665  1  
   32665  1  
   32666  3  
   32690  2  
   32739  1  
   32739  1  
   32752  2  
   32752  2  
   32809  3  
   32809  3  
   32879  1  
   32879  1  
   32899  2  
   32931  2  
   32935  1  
   32935  1  
   32935  1  
   32935  1  
   33086  1  
   33086  1  
   33115  2  
   33123  2  
   33127  1  
   33127  1  
   33249  3  
   33285  1  
   33285  1  
   33291  2  
   33319  1  
   33319  1  
   33334  2  
   33338  3  
   33470  2  
   33470  2  
   33509  1  
   33509  1  
   33513  1  
   33513  1  
   33562  2  
   33626  2  
   33695  1  
   33695  1  
   33695  1  
   33695  1  
   33739  1  
   33739  1  
   33739  1  
   33739  1  
   33779  2  
   33793  2  
   33793  2  
   33834  3  
   33853  3  
   33857  1  
   33857  1  
   33932  2  
   33977  1  
   33977  1  
   34026  1  
   34026  1  
   34063  2  
   34087  2  
   34087  2  
   34173  1  
   34173  1  
   34212  1  
   34212  1  
   34252  2  
   34319  1  
   34319  1  
   34337  2  
   34386  3  
   34412  2  
   34426  3  
   34446  1  
   34446  1  
   34456  1  
   34456  1  
   34563  1  
   34563  1  
   34583  2  
   34621  2  
   34687  1  
   34687  1  
   34694  1  
   34694  1  
   34694  1  
   34694  1  
   34745  2  
   34810  1  
   34810  1  
   34810  1  
   34810  1  
   34889  1  
   34889  1  
   34896  2  
   34896  2  
   34916  2  
   34921  3  
   34933  1  
   34933  1  
   34951  1  
   34951  1  
   34951  1  
   34951  1  
   35023  3  
   35092  2  
   35092  2  
   35124  1  
   35124  1  
   35178  2  
   35180  1  
   35180  1  
   35292  1  
   35292  1  
   35292  1  
   35292  1  
   35321  2  
   35411  1  
   35411  1  
   35419  1  
   35419  1  
   35461  2  
   35466  3  
   35548  1  
   35548  1  
   35559  2  
   35623  3  
   35623  3  
   35646  1  
   35646  1  
   35646  1  
   35646  1  
   35674  1  
   35674  1  
   35730  2  
   35779  2  
   35797  1  
   35797  1  
   35942  1  
   35942  1  
   35949  1  
   35949  1  
   35974  3  
   35974  3  
   35996  2  
   35996  2  
   36011  2  
   36011  2  
   36098  1  
   36098  1  
   36098  1  
   36098  1  
   36191  3  
   36231  2  
   36240  1  
   36240  1  
   36304  2  
   36310  1  
   36310  1  
   36450  2  
   36450  2  
   36480  3  
   36519  1  
   36519  1  
   36523  1  
   36523  1  
   36523  1  
   36523  1  
   36600  2  
   36686  1  
   36686  1  
   36698  2  
   36749  3  
   36804  1  
   36804  1  
   36804  1  
   36804  1  
   36848  1  
   36848  1  
   36907  2  
   36933  2  
   36933  2  
   36974  3  
   37027  1  
   37027  1  
   37062  1  
   37062  1  
   37081  2  
   37208  1  
   37208  1  
   37208  1  
   37208  1  
   37215  2  
   37215  2  
   37225  2  
   37305  3  
   37330  1  
   37330  1  
   37330  1  
   37330  1  
   37374  2  
   37412  1  
   37412  1  
   37473  3  
   37524  2  
   37524  2  
   37532  1  
   37532  1  
   37573  2  
   37625  1  
   37625  1  
   37731  1  
   37731  1  
   37788  2  
   37839  1  
   37839  1  
   37878  3  
   37919  1  
   37919  1  
   37941  2  
   37941  2  
   37999  3  
   38046  1  
   38046  1  
   38046  1  
   38046  1  
   38052  2  
   38052  2  
   38098  1  
   38098  1  
   38186  2  
   38221  1  
   38221  1  
   38259  2  
   38266  1  
   38266  1  
   38386  1  
   38386  1  
   38386  1  
   38386  1  
   38432  1  
   38432  1  
   38436  2  
   38463  2  
   38475  3  
   38519  1  
   38519  1  
   38530  3  
   38583  1  
   38583  1  
   38649  1  
   38649  1  
   38649  1  
   38649  1  
   38660  2  
   38677  2  
   38738  1  
   38738  1  
   38738  1  
   38738  1  
   38817  1  
   38817  1  
   38861  1  
   38861  1  
   38871  2  
   38871  2  
   38932  2  
   38970  1  
   38970  1  
   38970  1  
   38970  1  
   38986  1  
   38986  1  
   39052  2  
   39068  3  
   39068  3  
   39069  3  
   39069  3  
   39071  3  
   39076  3  
   39085  3  
   39098  3  
   39117  3  
   39118  1  
   39118  1  
   39139  3  
   39139  3  
   39157  1  
   39157  1  
   39161  3  
   39175  2  
   39193  3  
   39229  3  
   39233  2  
   39265  3  
   39267  1  
   39267  1  
   39311  3  
   39337  1  
   39337  1  
   39357  3  
   39357  3  
   39402  3  
   39409  1  
   39409  1  
   39416  2  
   39429  2  
   39429  2  
   39449  3  
   39500  1  
   39500  1  
   39511  3  
   39547  1  
   39547  1  
   39568  3  
   39592  2  
   39623  3  
   39661  2  
   39668  1  
   39668  1  
   39670  1  
   39670  1  
   39672  3  
   39692  3  
   39692  3  
   39758  3  
   39767  2  
   39791  1  
   39791  1  
   39829  3  
   39832  1  
   39832  1  
   39901  2  
   39901  2  
   39913  1  
   39913  1  
   39915  3  
   39949  2  
   39949  2  
   39997  3  
   40007  1  
   40007  1  
   40007  1  
   40007  1  
   40029  1  
   40029  1  
   40029  1  
   40029  1  
   40080  2  
   40081  3  
   40154  2  
   40165  3  
   40165  3  
   40184  1  
   40184  1  
   40193  1  
   40193  1  
   40203  2  
   40203  2  
   40261  3  
   40266  3  
   40339  1  
   40339  1  
   40358  3  
   40372  1  
   40372  1  
   40378  2  
   40405  2  
   40448  3  
   40474  1  
   40474  1  
   40549  3  
   40550  1  
   40550  1  
   40554  2  
   40554  2  
   40630  1  
   40630  1  
   40630  1  
   40630  1  
   40652  2  
   40660  3  
   40714  1  
   40714  1  
   40742  1  
   40742  1  
   40742  1  
   40742  1  
   40761  2  
   40769  3  
   40769  3  
   40789  1  
   40789  1  
   40789  1  
   40789  1  
   40855  3  
   40890  3  
   40903  2  
   40903  2  
   40915  1  
   40915  1  
   40968  2  
   40971  1  
   40971  1  
   41011  3  
   41053  1  
   41053  1  
   41121  3  
   41164  2  
   41165  2  
   41190  1  
   41190  1  
   41195  1  
   41195  1  
   41246  3  
   41334  1  
   41334  1  
   41366  2  
   41366  2  
   41379  3  
   41400  1  
   41400  1  
   41407  2  
   41407  2  
   41440  3  
   41491  2  
   41492  1  
   41492  1  
   41497  3  
   41497  3  
   41582  2  
   41618  1  
   41618  1  
   41618  1  
   41618  1  
   41620  2  
   41625  3  
   41648  1  
   41648  1  
   41756  2  
   41761  3  
   41762  2  
   41762  2  
   41786  1  
   41786  1  
   41841  1  
   41841  1  
   41888  2  
   41888  2  
   41895  3  
   41949  1  
   41949  1  
   42010  3  
   42029  1  
   42029  1  
   42037  3  
   42038  2  
   42063  2  
   42106  1  
   42106  1  
   42174  3  
   42249  2  
   42257  1  
   42257  1  
   42265  1  
   42265  1  
   42299  2  
   42314  3  
   42314  3  
   42417  2  
   42427  1  
   42427  1  
   42457  3  
   42470  1  
   42470  1  
   42470  1  
   42470  1  
   42561  3  
   42561  3  
   42569  2  
   42586  1  
   42586  1  
   42586  1  
   42586  1  
   42588  2  
   42588  2  
   42609  3  
   42660  1  
   42660  1  
   42751  1  
   42751  1  
   42762  3  
   42782  2  
   42836  2  
   42837  1  
   42837  1  
   42837  1  
   42837  1  
   42908  1  
   42908  1  
   42908  1  
   42908  1  
   42910  3  
   42968  2  
   43063  3  
   43073  1  
   43073  1  
   43074  1  
   43074  1  
   43108  3  
   43111  2  
   43161  2  
   43222  3  
   43222  3  
   43232  1  
   43232  1  
   43302  1  
   43302  1  
   43357  2  
   43357  2  
   43387  2  
   43387  2  
   43390  3  
   43395  1  
   43395  1  
   43524  2  
   43531  1  
   43531  1  
   43548  3  
   43553  1  
   43553  1  
   43553  1  
   43553  1  
   43648  3  
   43674  2  
   43674  2  
   43689  2  
   43692  1  
   43692  1  
   43709  3  
   43753  1  
   43753  1  
   43801  2  
   43823  1  
   43823  1  
   43874  3  
   43925  2  
   43925  2  
   43949  1  
   43949  1  
   43978  2  
   43978  2  
   43985  1  
   43985  1  
   44037  3  
   44060  2  
   44068  1  
   44068  1  
   44164  3  
   44196  1  
   44196  1  
   44199  2  
   44205  3  
   44205  3  
   44207  2  
   44222  1  
   44222  1  
   44222  1  
   44222  1  
   44309  1  
   44309  1  
   44309  1  
   44309  1  
   44328  2  
   44370  3  
   44440  2  
   44446  1  
   44446  1  
   44476  2  
   44479  1  
   44479  1  
   44548  3  
   44608  2  
   44634  1  
   44634  1  
   44634  1  
   44634  1  
   44672  2  
   44678  1  
   44678  1  
   44678  1  
   44678  1  
   44687  3  
   44729  3  
   44756  2  
   44764  1  
   44764  1  
   44891  1  
   44891  1  
   44893  1  
   44893  1  
   44897  2  
   44902  2  
   44917  3  
   44999  1  
   44999  1  
   45032  2  
   45032  2  
   45094  3  
   45105  1  
   45105  1  
   45121  1  
   45121  1  
   45131  2  
   45201  2  
   45214  3  
   45237  1  
   45237  1  
   45278  3  
   45278  3  
   45319  1  
   45319  1  
   45354  1  
   45354  1  
   45354  1  
   45354  1  
   45363  2  
   45364  2  
   45364  2  
   45461  1  
   45461  1  
   45474  3  
   45530  2  
   45534  1  
   45534  1  
   45575  1  
   45575  1  
   45662  2  
   45666  3  
   45670  1  
   45670  1  
   45685  2  
   45685  2  
   45730  3  
   45730  3  
   45745  1  
   45745  1  
   45773  1  
   45773  1  
   45853  1  
   45853  1  
   45864  3  
   45883  2  
   45927  1  
   45927  1  
   45971  1  
   45971  1  
   45971  1  
   45971  1  
   45976  2  
   45976  2  
   45993  1  
   45993  1  
   46051  1  
   46051  1  
   46068  3  
   46087  2  
   46111  1  
   46111  1  
   46172  1  
   46172  1  
   46203  2  
   46216  1  
   46216  1  
   46238  1  
   46238  1  
   46262  1  
   46262  1  
   46304  3  
   46305  3  
   46312  2  
   46318  1  
   46318  1  
   46353  1  
   46353  1  
   46388  1  
   46388  1  
   46420  1  
   46420  1  
   46420  1  
   46420  1  
   46459  1  
   46459  1  
   46470  2  
   46493  1  
   46493  1  
   46493  1  
   46493  1  
   46519  1  
   46519  1  
   46540  1  
   46540  1  
   46540  1  
   46540  1  
   46547  1  
   46547  1  
   46547  1  
   46547  1  
   46549  2  
   46549  2  
   46559  3  
   46559  3  
   46590  1  
   46590  1  
   46631  1  
   46631  1  
   46684  1  
   46684  1  
   46720  2  
   46730  1  
   46730  1  
   46738  2  
   46792  1  
   46792  1  
   46804  3  
   46809  1  
   46809  1  
   46845  1  
   46845  1  
   46886  2  
   46918  1  
   46918  1  
   46930  3  
   46977  2  
   46983  1  
   46983  1  
   47023  3  
   47036  1  
   47036  1  
   47043  2  
   47061  1  
   47061  1  
   47137  1  
   47137  1  
   47177  2  
   47199  2  
   47228  1  
   47228  1  
   47232  3  
   47244  1  
   47244  1  
   47313  1  
   47313  1  
   47317  2  
   47403  2  
   47403  2  
   47434  3  
   47439  1  
   47439  1  
   47441  3  
   47450  1  
   47450  1  
   47462  2  
   47462  2  
   47564  1  
   47564  1  
   47564  1  
   47564  1  
   47629  2  
   47641  3  
   47655  1  
   47655  1  
   47672  1  
   47672  1  
   47741  2  
   47789  1  
   47789  1  
   47793  2  
   47793  2  
   47843  3  
   47843  3  
   47853  1  
   47853  1  
   47853  1  
   47853  1  
   47891  1  
   47891  1  
   47926  2  
   47933  3  
   48009  1  
   48009  1  
   48047  1  
   48047  1  
   48050  3  
   48063  2  
   48071  2  
   48071  2  
   48125  1  
   48125  1  
   48214  2  
   48239  1  
   48239  1  
   48239  1  
   48239  1  
   48246  1  
   48246  1  
   48246  1  
   48246  1  
   48259  3  
   48290  2  
   48356  2  
   48356  2  
   48393  1  
   48393  1  
   48423  3  
   48471  3  
   48481  1  
   48481  1  
   48498  2  
   48526  2  
   48548  1  
   48548  1  
   48548  1  
   48548  1  
   48667  1  
   48667  1  
   48692  3  
   48705  2  
   48716  2  
   48727  1  
   48727  1  
   48792  1  
   48792  1  
   48872  2  
   48909  3  
   48913  1  
   48913  1  
   48924  2  
   48927  1  
   48927  1  
   48929  3  
   48929  3  
   49033  1  
   49033  1  
   49033  1  
   49033  1  
   49045  2  
   49045  2  
   49128  3  
   49128  3  
   49130  1  
   49130  1  
   49134  2  
   49165  1  
   49165  1  
   49183  2  
   49299  1  
   49299  1  
   49318  1  
   49318  1  
   49333  2  
   49333  2  
   49336  2  
   49336  2  
   49343  3  
   49400  3  
   49421  1  
   49421  1  
   49482  2  
   49504  1  
   49504  1  
   49504  1  
   49504  1  
   49545  1  
   49545  1  
   49545  1  
   49545  1  
   49551  3  
   49590  2  
   49611  1  
   49611  1  
   49627  2  
   49722  1  
   49722  1  
   49722  1  
   49722  1  
   49735  1  
   49735  1  
   49767  3  
   49773  2  
   49853  2  
   49853  2  
   49867  1  
   49867  1  
   49870  3  
   49917  2  
   49917  2  
   49921  1  
   49921  1  
   49921  1  
   49921  1  
   49986  3  
   50027  1  
   50027  1  
   50049  2  
   50068  2  
   50074  1  
   50074  1  
   50132  1  
   50132  1  
   50180  2  
   50206  3  
   50230  1  
   50230  1  
   50250  1  
   50250  1  
   50279  2  
   50285  2  
   50336  1  
   50336  1  
   50337  3  
   50374  1  
   50374  1  
   50398  2  
   50430  3  
   50430  3  
   50435  1  
   50435  1  
   50481  2  
   50482  2  
   50500  1  
   50500  1  
   50518  1  
   50518  1  
   50518  1  
   50518  1  
   50590  1  
   50590  1  
   50600  2  
   50661  1  
   50661  1  
   50663  1  
   50663  1  
   50666  3  
   50696  2  
   50721  2  
   50726  1  
   50726  1  
   50787  1  
   50787  1  
   50796  2  
   50796  2  
   50804  1  
   50804  1  
   50845  1  
   50845  1  
   50856  3  
   50859  2  
   50898  1  
   50898  1  
   50929  2  
   50929  2  
   50931  1  
   50931  1  
   50944  3  
   50954  1  
   50954  1  
   50967  2  
   50991  1  
   50991  1  
   50999  2  
   51035  1  
   51035  1  
   51035  1  
   51035  1  
   51063  1  
   51063  1  
   51071  1  
   51071  1  
   51077  2  
   51077  2  
   51113  1  
   51113  1  
   51152  1  
   51152  1  
   51179  1  
   51179  1  
   51190  1  
   51190  1  
   51206  2  
   51218  1  
   51218  1  
   51248  1  
   51248  1  
   51248  1  
   51248  1  
   51256  2  
   51256  2  
   51275  1  
   51275  1  
   51276  3  
   51298  1  
   51298  1  
   51298  1  
   51298  1  
   51332  1  
   51332  1  
   51341  1  
   51341  1  
   51348  2  
   51379  1  
   51379  1  
   51413  1  
   51413  1  
   51450  1  
   51450  1  
   51459  1  
   51459  1  
   51489  2  
   51501  1  
   51501  1  
   51537  1  
   51537  1  
   51545  1  
   51545  1  
   51547  3  
   51599  1  
   51599  1  
   51609  2  
   51615  3  
   51617  2  
   51633  1  
   51633  1  
   51655  1  
   51655  1  
   51716  1  
   51716  1  
   51716  1  
   51716  1  
   51721  1  
   51721  1  
   51738  2  
   51773  1  
   51773  1  
   51776  1  
   51776  1  
   51845  1  
   51845  1  
   51845  1  
   51845  1  
   51858  1  
   51858  1  
   51867  2  
   51890  1  
   51890  1  
   51898  3  
   51916  2  
   51916  2  
   51940  1  
   51940  1  
   51947  1  
   51947  1  
   51947  1  
   51947  1  
   52010  2  
   52014  1  
   52014  1  
   52016  1  
   52016  1  
   52079  1  
   52079  1  
   52104  1  
   52104  1  
   52114  2  
   52116  3  
   52116  3  
   52154  2  
   52154  2  
   52173  3  
   52173  3  
   52174  1  
   52174  1  
   52211  1  
   52211  1  
   52247  1  
   52247  1  
   52291  2  
   52307  1  
   52307  1  
   52309  2  
   52348  1  
   52348  1  
   52424  3  
   52436  1  
   52436  1  
   52444  1  
   52444  1  
   52450  2  
   52468  2  
   52539  1  
   52539  1  
   52566  1  
   52566  1  
   52591  2  
   52609  3  
   52619  2  
   52643  1  
   52643  1  
   52668  3  
   52722  2  
   52724  1  
   52724  1  
   52767  2  
   52767  2  
   52770  1  
   52770  1  
   52833  2  
   52871  1  
   52871  1  
   52871  1  
   52871  1  
   52906  1  
   52906  1  
   52906  1  
   52906  1  
   52908  3  
   52914  2  
   52947  2  
   53039  1  
   53039  1  
   53046  2  
   53063  2  
   53063  2  
   53066  1  
   53066  1  
   53090  3  
   53140  2  
   53157  3  
   53166  1  
   53166  1  
   53235  2  
   53235  2  
   53260  1  
   53260  1  
   53260  1  
   53260  1  
   53278  2  
   53305  1  
   53305  1  
   53314  2  
   53390  2  
   53390  2  
   53407  3  
   53422  1  
   53422  1  
   53444  1  
   53444  1  
   53458  2  
   53502  2  
   53502  2  
   53521  2  
   53521  2  
   53572  3  
   53575  1  
   53575  1  
   53584  1  
   53584  1  
   53618  2  
   53619  2  
   53654  3  
   53654  3  
   53724  2  
   53741  2  
   53742  1  
   53742  1  
   53742  1  
   53742  1  
   53744  1  
   53744  1  
   53845  2  
   53846  1  
   53846  1  
   53853  2  
   53898  1  
   53898  1  
   53914  3  
   53960  1  
   53960  1  
   53960  1  
   53960  1  
   53966  2  
   53967  2  
   53967  2  
   54044  3  
   54052  1  
   54052  1  
   54084  2  
   54110  1  
   54110  1  
   54153  3  
   54162  2  
   54211  2  
   54216  1  
   54216  1  
   54216  1  
   54216  1  
   54263  1  
   54263  1  
   54263  1  
   54263  1  
   54337  2  
   54337  2  
   54353  2  
   54379  3  
   54407  1  
   54407  1  
   54426  1  
   54426  1  
   54468  2  
   54479  3  
   54504  2  
   54582  1  
   54582  1  
   54593  1  
   54593  1  
   54595  2  
   54605  3  
   54689  2  
   54726  2  
   54738  1  
   54738  1  
   54781  1  
   54781  1  
   54835  3  
   54856  2  
   54856  2  
   54867  2  
   54867  2  
   54894  1  
   54894  1  
   54894  1  
   54894  1  
   54899  3  
   54899  3  
   54957  2  
   54958  1  
   54958  1  
   54958  1  
   54958  1  
   55067  3  
   55067  3  
   55071  2  
   55103  2  
   55126  1  
   55126  1  
   55165  2  
   55172  1  
   55172  1  
   55255  2  
   55293  3  
   55322  3  
   55336  2  
   55351  2  
   55351  2  
   55364  1  
   55364  1  
   55364  1  
   55364  1  
   55379  1  
   55379  1  
   55379  1  
   55379  1  
   55432  2  
   55491  1  
   55491  1  
   55510  2  
   55515  1  
   55515  1  
   55517  2  
   55543  3  
   55595  2  
   55595  2  
   55619  1  
   55619  1  
   55647  2  
   55656  1  
   55656  1  
   55688  2  
   55706  2  
   55706  2  
   55753  1  
   55753  1  
   55763  2  
   55770  3  
   55778  1  
   55778  1  
   55792  3  
   55819  2  
   55819  2  
   55851  2  
   55883  1  
   55883  1  
   55883  1  
   55883  1  
   55904  2  
   55907  1  
   55907  1  
   55977  2  
   56000  1  
   56000  1  
   56013  2  
   56044  3  
   56070  1  
   56070  1  
   56074  2  
   56122  1  
   56122  1  
   56155  2  
   56177  2  
   56208  1  
   56208  1  
   56211  3  
   56244  1  
   56244  1  
   56250  2  
   56291  3  
   56311  1  
   56311  1  
   56311  1  
   56311  1  
   56341  2  
   56341  2  
   56343  2  
   56418  1  
   56418  1  
   56430  1  
   56430  1  
   56456  2  
   56527  3  
   56527  3  
   56546  1  
   56546  1  
   56546  1  
   56546  1  
   56550  2  
   56561  2  
   56561  2  
   56587  1  
   56587  1  
   56587  1  
   56587  1  
   56607  1  
   56607  1  
   56638  3  
   56669  1  
   56669  1  
   56669  1  
   56669  1  
   56671  2  
   56716  1  
   56716  1  
   56753  2  
   56765  3  
   56771  1  
   56771  1  
   56779  2  
   56852  1  
   56852  1  
   56852  1  
   56852  1  
   56862  1  
   56862  1  
   56879  2  
   56955  2  
   56972  1  
   56972  1  
   56977  1  
   56977  1  
   56988  2  
   57004  3  
   57053  3  
   57082  1  
   57082  1  
   57083  1  
   57083  1  
   57083  1  
   57083  1  
   57089  2  
   57156  2  
   57156  2  
   57209  1  
   57209  1  
   57212  2  
   57212  2  
   57219  1  
   57219  1  
   57235  3  
   57274  2  
   57318  1  
   57318  1  
   57324  2  
   57338  1  
   57338  1  
   57401  2  
   57432  2  
   57432  2  
   57435  1  
   57435  1  
   57440  3  
   57440  3  
   57450  1  
   57450  1  
   57457  3  
   57522  2  
   57555  1  
   57555  1  
   57560  2  
   57599  1  
   57599  1  
   57599  1  
   57599  1  
   57636  2  
   57636  2  
   57653  1  
   57653  1  
   57659  2  
   57659  2  
   57689  3  
   57725  1  
   57725  1  
   57770  1  
   57770  1  
   57770  1  
   57770  1  
   57789  2  
   57796  2  
   57835  3  
   57842  1  
   57842  1  
   57859  1  
   57859  1  
   57919  2  
   57925  3  
   57925  3  
   57932  2  
   57961  1  
   57961  1  
   57976  1  
   57976  1  
   58038  1  
   58038  1  
   58045  2  
   58049  2  
   58110  1  
   58110  1  
   58127  1  
   58127  1  
   58166  3  
   58174  2  
   58188  2  
   58188  2  
   58189  1  
   58189  1  
   58249  1  
   58249  1  
   58250  1  
   58250  1  
   58251  3  
   58287  2  
   58304  1  
   58304  1  
   58362  1  
   58362  1  
   58405  1  
   58405  1  
   58405  1  
   58405  1  
   58409  1  
   58409  1  
   58419  2  
   58424  2  
   58439  3  
   58452  1  
   58452  1  
   58493  1  
   58493  1  
   58535  1  
   58535  1  
   58540  1  
   58540  1  
   58542  2  
   58565  1  
   58565  1  
   58603  1  
   58603  1  
   58637  1  
   58637  1  
   58661  1  
   58661  1  
   58670  2  
   58670  2  
   58676  1  
   58676  1  
   58676  1  
   58676  1  
   58688  1  
   58688  1  
   58710  2  
   58710  2  
   58721  1  
   58721  1  
   58745  1  
   58745  1  
   58770  1  
   58770  1  
   58781  1  
   58781  1  
   58792  3  
   58793  3  
   58803  1  
   58803  1  
   58823  1  
   58823  1  
   58843  2  
   58844  1  
   58844  1  
   58858  1  
   58858  1  
   58877  1  
   58877  1  
   58889  1  
   58889  1  
   58909  1  
   58909  1  
   58909  1  
   58909  1  
   58928  1  
   58928  1  
   58949  1  
   58949  1  
   58949  1  
   58949  1  
   58960  1  
   58960  1  
   58974  1  
   58974  1  
   58974  1  
   58974  1  
   58995  1  
   58995  1  
   59010  1  
   59010  1  
   59015  2  
   59017  1  
   59017  1  
   59033  1  
   59033  1  
   59054  1  
   59054  1  
   59072  1  
   59072  1  
   59092  1  
   59092  1  
   59119  1  
   59119  1  
   59139  2  
   59140  1  
   59140  1  
   59170  1  
   59170  1  
   59186  1  
   59186  1  
   59211  1  
   59211  1  
   59234  1  
   59234  1  
   59252  2  
   59264  1  
   59264  1  
   59278  1  
   59278  1  
   59278  1  
   59278  1  
   59280  2  
   59291  1  
   59291  1  
   59327  1  
   59327  1  
   59350  3  
   59370  1  
   59370  1  
   59413  2  
   59414  2  
   59414  2  
   59416  1  
   59416  1  
   59452  1  
   59452  1  
   59484  2  
   59498  1  
   59498  1  
   59509  1  
   59509  1  
   59537  1  
   59537  1  
   59539  2  
   59539  2  
   59545  2  
   59545  2  
   59549  3  
   59594  1  
   59594  1  
   59646  1  
   59646  1  
   59647  3  
   59664  2  
   59701  1  
   59701  1  
   59704  2  
   59708  1  
   59708  1  
   59771  1  
   59771  1  
   59781  2  
   59847  1  
   59847  1  
   59852  2  
   59872  1  
   59872  1  
   59892  3  
   59892  3  
   59905  2  
   59932  1  
   59932  1  
   59971  3  
   59994  2  
   60016  1  
   60016  1  
   60017  2  
   60046  1  
   60046  1  
   60046  1  
   60046  1  
   60110  1  
   60110  1  
   60110  1  
   60110  1  
   60128  3  
   60135  2  
   60135  2  
   60142  2  
   60167  1  
   60167  1  
   60212  1  
   60212  1  
   60242  2  
   60278  2  
   60299  1  
   60299  1  
   60305  1  
   60305  1  
   60340  2  
   60340  2  
   60343  3  
   60343  3  
   60354  3  
   60400  1  
   60400  1  
   60407  1  
   60407  1  
   60423  2  
   60475  2  
   60498  1  
   60498  1  
   60514  1  
   60514  1  
   60559  2  
   60559  2  
   60578  3  
   60600  1  
   60600  1  
   60617  1  
   60617  1  
   60619  2  
   60619  2  
   60676  2  
   60691  3  
   60703  1  
   60703  1  
   60703  1  
   60703  1  
   60719  2  
   60720  1  
   60720  1  
   60720  1  
   60720  1  
   60801  1  
   60801  1  
   60805  3  
   60817  2  
   60824  1  
   60824  1  
   60826  2  
   60867  1  
   60867  1  
   60867  1  
   60867  1  
   60915  2  
   60921  2  
   60943  1  
   60943  1  
   60943  1  
   60943  1  
   60949  1  
   60949  1  
   61016  2  
   61020  2  
   61022  1  
   61022  1  
   61022  1  
   61022  1  
   61024  3  
   61038  1  
   61038  1  
   61057  3  
   61117  2  
   61118  2  
   61135  1  
   61135  1  
   61140  1  
   61140  1  
   61193  2  
   61198  2  
   61198  2  
   61241  1  
   61241  1  
   61243  1  
   61243  1  
   61254  3  
   61254  3  
   61285  2  
   61299  2  
   61332  1  
   61332  1  
   61332  1  
   61332  1  
   61340  1  
   61340  1  
   61375  2  
   61375  2  
   61405  2  
   61419  3  
   61425  2  
   61457  1  
   61457  1  
   61465  1  
   61465  1  
   61469  3  
   61470  2  
   61470  2  
   61475  2  
   61537  2  
   61560  2  
   61574  1  
   61574  1  
   61584  1  
   61584  1  
   61597  2  
   61627  2  
   61668  2  
   61683  1  
   61683  1  
   61697  2  
   61708  1  
   61708  1  
   61708  1  
   61708  1  
   61712  3  
   61729  2  
   61755  2  
   61774  3  
   61801  2  
   61802  1  
   61802  1  
   61802  1  
   61802  1  
   61806  1  
   61806  1  
   61830  2  
   61860  2  
   61860  2  
   61861  2  
   61861  2  
   61888  1  
   61888  1  
   61893  1  
   61893  1  
   61897  2  
   61911  2  
   61934  3  
   61939  2  
   61945  2  
   61961  2  
   61961  2  
   61970  1  
   61970  1  
   61975  1  
   61975  1  
   62022  2  
   62022  2  
   62037  2  
   62058  1  
   62058  1  
   62079  1  
   62079  1  
   62096  2  
   62115  1  
   62115  1  
   62127  2  
   62136  3  
   62160  3  
   62161  1  
   62161  1  
   62161  1  
   62161  1  
   62170  2  
   62178  1  
   62178  1  
   62218  2  
   62231  1  
   62231  1  
   62253  2  
   62279  1  
   62279  1  
   62281  1  
   62281  1  
   62325  2  
   62335  1  
   62335  1  
   62337  2  
   62382  1  
   62382  1  
   62393  3  
   62407  1  
   62407  1  
   62416  2  
   62420  1  
   62420  1  
   62436  2  
   62470  1  
   62470  1  
   62470  1  
   62470  1  
   62502  1  
   62502  1  
   62520  3  
   62520  3  
   62528  1  
   62528  1  
   62528  1  
   62528  1  
   62536  2  
   62546  2  
   62550  1  
   62550  1  
   62575  1  
   62575  1  
   62637  1  
   62637  1  
   62637  1  
   62637  1  
   62642  2  
   62642  2  
   62659  3  
   62659  3  
   62672  2  
   62680  1  
   62680  1  
   62682  1  
   62682  1  
   62682  1  
   62682  1  
   62711  1  
   62711  1  
   62715  2  
   62762  1  
   62762  1  
   62786  1  
   62786  1  
   62791  2  
   62791  2  
   62809  2  
   62819  1  
   62819  1  
   62864  1  
   62864  1  
   62865  2  
   62880  1  
   62880  1  
   62900  3  
   62901  3  
   62933  1  
   62933  1  
   62947  2  
   62954  2  
   62967  1  
   62967  1  
   62993  2  
   62994  1  
   62994  1  
   63034  1  
   63034  1  
   63040  2  
   63054  1  
   63054  1  
   63095  2  
   63111  1  
   63111  1  
   63125  2  
   63136  2  
   63154  1  
   63154  1  
   63176  1  
   63176  1  
   63180  2  
   63188  3  
   63214  2  
   63220  1  
   63220  1  
   63247  2  
   63248  1  
   63248  1  
   63290  1  
   63290  1  
   63293  2  
   63320  2  
   63333  2  
   63346  1  
   63346  1  
   63353  2  
   63376  3  
   63383  2  
   63403  1  
   63403  1  
   63409  1  
   63409  1  
   63414  2  
   63436  2  
   63461  2  
   63467  1  
   63467  1  
   63481  2  
   63505  2  
   63525  2  
   63538  1  
   63538  1  
   63553  2  
   63565  2  
   63584  2  
   63600  2  
   63609  1  
   63609  1  
   63621  2  
   63621  2  
   63637  1  
   63637  1  
   63637  1  
   63637  1  
   63640  2  
   63653  2  
   63653  2  
   63665  3  
   63671  2  
   63687  2  
   63700  1  
   63700  1  
   63705  2  
   63723  2  
   63737  2  
   63737  2  
   63746  2  
   63751  1  
   63751  1  
   63768  2  
   63795  2  
   63803  1  
   63803  1  
   63814  2  
   63840  1  
   63840  1  
   63847  2  
   63874  1  
   63874  1  
   63880  2  
   63899  1  
   63899  1  
   63912  2  
   63926  1  
   63926  1  
   63948  2  
   63949  1  
   63949  1  
   63973  1  
   63973  1  
   63975  1  
   63975  1  
   63993  2  
   63998  1  
   63998  1  
   64005  2  
   64026  1  
   64026  1  
   64042  1  
   64042  1  
   64065  1  
   64065  1  
   64081  2  
   64088  1  
   64088  1  
   64112  1  
   64112  1  
   64130  1  
   64130  1  
   64149  1  
   64149  1  
   64166  1  
   64166  1  
   64184  1  
   64184  1  
   64203  1  
   64203  1  
   64219  1  
   64219  1  
   64219  1  
   64219  1  
   64231  1  
   64231  1  
   64239  1  
   64239  1  
   64239  1  
   64239  1  
   64251  2  
   64253  1  
   64253  1  
   64264  1  
   64264  1  
   64273  1  
   64273  1  
   64282  1  
   64282  1  
   64282  1  
   64282  1  
   64293  1  
   64293  1  
   64303  1  
   64303  1  
   64316  1  
   64316  1  
   64327  1  
   64327  1  
   64340  1  
   64340  1  
   64359  1  
   64359  1  
   64375  1  
   64375  1  
   64381  2  
   64389  1  
   64389  1  
   64404  1  
   64404  1  
   64418  1  
   64418  1  
   64438  1  
   64438  1  
   64459  1  
   64459  1  
   64471  2  
   64477  2  
   64479  1  
   64479  1  
   64496  1  
   64496  1  
   64521  1  
   64521  1  
   64522  1  
   64522  1  
   64527  3  
   64535  2  
   64546  1  
   64546  1  
   64557  3  
   64570  1  
   64570  1  
   64594  1  
   64594  1  
   64599  2  
   64624  1  
   64624  1  
   64659  1  
   64659  1  
   64670  2  
   64673  2  
   64691  1  
   64691  1  
   64721  1  
   64721  1  
   64733  2  
   64744  1  
   64744  1  
   64760  1  
   64760  1  
   64786  2  
   64786  2  
   64788  1  
   64788  1  
   64806  2  
   64806  2  
   64834  1  
   64834  1  
   64855  2  
   64877  1  
   64877  1  
   64882  3  
   64893  1  
   64893  1  
   64893  1  
   64893  1  
   64922  2  
   64925  1  
   64925  1  
   64961  1  
   64961  1  
   64973  1  
   64973  1  
   64978  2  
   64990  2  
   65019  1  
   65019  1  
   65033  3  
   65052  2  
   65055  1  
   65055  1  
   65073  1  
   65073  1  
   65120  2  
   65126  3  
   65126  3  
   65127  1  
   65127  1  
   65136  1  
   65136  1  
   65137  2  
   65137  2  
   65190  2  
   65194  1  
   65194  1  
   65194  1  
   65194  1  
   65196  1  
   65196  1  
   65246  2  
   65260  1  
   65260  1  
   65263  1  
   65263  1  
   65267  2  
   65318  2  
   65323  3  
   65335  1  
   65335  1  
   65335  1  
   65335  1  
   65339  3  
   65343  1  
   65343  1  
   65399  2  
   65399  2  
   65403  2  
   65407  1  
   65407  1  
   65426  1  
   65426  1  
   65471  1  
   65471  1  
   65484  2  
   65484  2  
   65500  2  
   65514  3  
   65525  1  
   65525  1  
   65528  1  
   65528  1  
   65570  2  
   65577  1  
   65577  1  
   65599  2  
   65623  1  
   65623  1  
   65624  1  
   65624  1  
   65630  3  
   65630  3  
   65654  2  
   65677  1  
   65677  1  
   65711  3  
   65712  1  
   65712  1  
   65714  2  
   65726  2  
   65729  1  
   65729  1  
   65729  1  
   65729  1  
   65766  1  
   65766  1  
   65766  1  
   65766  1  
   65798  1  
   65798  1  
   65802  1  
   65802  1  
   65810  2  
   65831  2  
   65831  2  
   65833  1  
   65833  1  
   65833  1  
   65833  1  
   65863  1  
   65863  1  
   65879  1  
   65879  1  
   65885  2  
   65902  1  
   65902  1  
   65902  1  
   65902  1  
   65936  3  
   65949  1  
   65949  1  
   65953  1  
   65953  1  
   65956  2  
   65958  3  
   65960  2  
   65996  1  
   65996  1  
   66022  1  
   66022  1  
   66022  1  
   66022  1  
   66025  2  
   66048  1  
   66048  1  
   66065  2  
   66090  2  
   66098  1  
   66098  1  
   66104  1  
   66104  1  
   66136  2  
   66149  1  
   66149  1  
   66154  3  
   66175  2  
   66180  1  
   66180  1  
   66190  2  
   66190  2  
   66201  1  
   66201  1  
   66235  2  
   66252  1  
   66252  1  
   66261  3  
   66267  1  
   66267  1  
   66272  2  
   66280  2  
   66280  2  
   66305  2  
   66317  1  
   66317  1  
   66334  1  
   66334  1  
   66358  2  
   66362  3  
   66362  3  
   66375  2  
   66375  2  
   66391  2  
   66392  1  
   66392  1  
   66397  2  
   66404  2  
   66416  2  
   66424  1  
   66424  1  
   66432  2  
   66432  2  
   66455  1  
   66455  1  
   66464  2  
   66507  2  
   66519  1  
   66519  1  
   66519  1  
   66519  1  
   66523  1  
   66523  1  
   66527  2  
   66566  2  
   66571  3  
   66576  1  
   66576  1  
   66579  3  
   66600  2  
   66608  2  
   66618  1  
   66618  1  
   66625  1  
   66625  1  
   66666  2  
   66673  1  
   66673  1  
   66673  1  
   66673  1  
   66688  1  
   66688  1  
   66695  2  
   66702  1  
   66702  1  
   66702  1  
   66702  1  
   66720  2  
   66738  1  
   66738  1  
   66739  1  
   66739  1  
   66770  3  
   66774  1  
   66774  1  
   66778  2  
   66802  2  
   66803  1  
   66803  1  
   66841  1  
   66841  1  
   66847  2  
   66855  1  
   66855  1  
   66866  3  
   66885  1  
   66885  1  
   66902  2  
   66902  2  
   66919  2  
   66919  2  
   66924  1  
   66924  1  
   66959  3  
   66962  1  
   66962  1  
   66963  1  
   66963  1  
   66963  1  
   66963  1  
   66981  2  
   66996  2  
   67012  1  
   67012  1  
   67029  2  
   67029  2  
   67033  1  
   67033  1  
   67058  2  
   67068  1  
   67068  1  
   67072  2  
   67093  1  
   67093  1  
   67093  1  
   67093  1  
   67112  1  
   67112  1  
   67112  1  
   67112  1  
   67113  2  
   67119  1  
   67119  1  
   67126  2  
   67128  1  
   67128  1  
   67128  1  
   67128  1  
   67131  1  
   67131  1  
   67133  3  
   67140  2  
   67141  2  
   67145  3  
   67163  1  
   67163  1  
   67176  1  
   67176  1  
   67187  1  
   67187  1  
   67193  2  
   67193  2  
   67207  1  
   67207  1  
   67209  2  
   67215  1  
   67215  1  
   67244  2  
   67247  1  
   67247  1  
   67247  1  
   67247  1  
   67284  2  
   67301  3  
   67341  2  
   67356  2  
   67356  2  
   67363  3  
   67363  3  
   67419  2  
   67432  2  
   67432  2  
   67451  3  
   67451  3  
   67487  2  
   67521  2  
   67555  2  
   67577  3  
   67596  3  
   67610  2  
   67614  2  
   67614  2  
   67668  2  
   67700  2  
   67731  2  
   67740  3  
   67777  3  
   67784  2  
   67785  2  
   67785  2  
   67823  2  
   67823  2  
   67839  2  
   67843  2  
   67887  3  
   67895  2  
   67898  2  
   67900  2  
   67903  2  
   67950  2  
   67962  2  
   67962  2  
   67967  2  
   67983  3  
   67995  2  
   67995  2  
   68026  3  
   68037  2  
   68088  2  
   68105  2  
   68105  2  
   68151  3  
   68168  2  
   68169  2  
   68171  3  
   68233  2  
   68252  2  
   68280  3  
   68280  3  
   68296  2  
   68327  2  
   68327  2  
   68344  3  
   68355  2  
   68355  2  
   68376  2  
   68403  3  
   68422  2  
   68428  2  
   68482  2  
   68487  2  
   68515  3  
   68515  3  
   68525  3  
   68532  2  
   68541  2  
   68580  2  
   68602  2  
   68629  2  
   68641  3  
   68664  2  
   68676  2  
   68686  3  
   68719  2  
   68719  2  
   68723  2  
   68754  2  
   68764  3  
   68775  2  
   68786  2  
   68810  2  
   68818  2  
   68818  2  
   68844  2  
   68844  2  
   68847  3  
   68853  2  
   68870  3  
   68882  2  
   68883  2  
   68913  2  
   68921  2  
   68947  2  
   68955  2  
   68972  3  
   68972  3  
   68974  2  
   68987  3  
   68991  2  
   69002  2  
   69031  2  
   69035  2  
   69064  2  
   69064  2  
   69066  2  
   69073  3  
   69092  2  
   69101  2  
   69113  2  
   69120  3  
   69133  2  
   69141  2  
   69162  3  
   69164  2  
   69165  2  
   69182  2  
   69191  2  
   69191  2  
   69208  2  
   69215  2  
   69229  2  
   69232  3  
   69235  2  
   69237  3  
   69249  2  
   69249  2  
   69254  2  
   69262  2  
   69268  2  
   69271  2  
   69286  2  
   69287  2  
   69300  2  
   69306  2  
   69309  3  
   69312  2  
   69324  2  
   69329  2  
   69330  3  
   69330  3  
   69338  2  
   69340  2  
   69352  2  
   69360  2  
   69365  2  
   69374  3  
   69378  2  
   69378  2  
   69409  3  
   69421  3  
   69421  3  
   69457  3  
   69459  3  
   69494  3  
   69506  3  
   69530  3  
   69558  3  
   69564  3  
   69613  3  
   69616  3  
   69663  3  
   69663  3  
   69679  3  
   69679  3  
   69680  3  
   69681  3  
   69682  3  
   69685  3  
   69687  3  
   69688  3  
   69688  3  
   69689  3  
   69690  3  
   69692  3  
   69694  3  
   69696  3  
   69699  3  
   69699  3  
   69702  3  
   69706  3  
   69710  3  
   69713  3  
   69714  3  
   69718  3  
   69723  3  
   69723  3  
   69725  3  
   69729  3  
   69735  3  
   69737  3  
   69741  3  
   69745  3  
   69745  3  
   69748  3  
   69752  3  
   69754  3  
   69759  3  
   69762  3  
   69768  3  
   69774  3  
   69774  3  
   69779  3  
   69783  3  
   69788  3  
   69795  3  
   69798  3  
   69802  3  
   69810  3  
   69810  3  
   69816  3  
   69823  3  
   69827  3  
   69831  3  
   69832  3  
   69835  3  
   69841  3  
   69841  3  
   69849  3  
   69856  3  
   69860  3  
   69861  3  
   69866  3  
   69872  3  
   69879  3  
   69879  3  
   69887  3  
   69892  3  
   69892  3  
   69894  3  
   69901  3  
   69906  3  
   69912  3  
   69918  3  
   69919  3  
   69919  3  
   69926  3  
   69933  3  
   69940  3  
   69945  3  
   69946  3  
   69955  3  
   69958  3  
   69958  3  
   69967  3  
   69972  3  
   69974  3  
   69980  3  
   69983  3  
   69992  3  
   69995  3  
   70001  3  
   70001  3  
   70007  3  
   70013  3  
   70021  3  
   70022  3  
   70026  3  
   70033  3  
   70039  3  
   70039  3  
   70041  3  
   70041  3  
   70048  3  
   70052  3  
   70066  3  
   70069  3  
   70076  3  
   70079  3  
   70085  3  
   70085  3  
   70087  3  
   70092  3  
   70100  3  
   70105  3  
   70109  3  
   70115  3  
   70121  3  
   70127  3  
   70127  3  
   70128  3  
   70137  3  
   70144  3  
   70150  3  
   70154  3  
   70161  3  
   70170  3  
   70172  3  
   70172  3  
   70174  3  
   70174  3  
   70181  3  
   70189  3  
   70190  3  
   70196  3  
   70205  3  
   70209  3  
   70213  3  
   70218  3  
   70218  3  
   70229  3  
   70230  3  
   70234  3  
   70243  3  
   70253  3  
   70255  3  
   70260  3  
   70268  3  
   70268  3  
   70269  3  
   70273  3  
   70284  3  
   70289  3  
   70289  3  
   70291  3  
   70294  3  
   70305  3  
   70306  3  
   70311  3  
   70311  3  
   70321  3  
   70325  3  
   70329  3  
   70335  3  
   70338  3  
   70341  3  
   70350  3  
   70357  3  
   70359  3  
   70359  3  
   70366  3  
   70371  3  
   70373  3  
   70379  3  
   70388  3  
   70389  3  
   70389  3  
   70397  3  
   70403  3  
   70403  3  
   70406  3  
   70413  3  
   70421  3  
   70423  3  
   70427  3  
   70436  3  
   70439  3  
   70443  3  
   70450  3  
   70450  3  
   70453  3  
   70456  3  
   70466  3  
   70471  3  
   70473  3  
   70480  3  
   70482  3  
   70482  3  
   70486  3  
   70493  3  
   70493  3  
   70496  3  
   70499  3  
   70507  3  
   70514  3  
   70517  3  
   70525  3  
   70527  3  
   70532  3  
   70539  3  
   70539  3  
   70541  3  
   70546  3  
   70554  3  
   70558  3  
   70563  3  
   70569  3  
   70570  3  
   70570  3  
   70577  3  
   70585  3  
   70585  3  
   70586  3  
   70595  3  
   70600  3  
   70601  3  
   70608  3  
   70614  3  
   70616  3  
   70621  3  
   70626  3  
   70630  3  
   70630  3  
   70637  3  
   70639  3  
   70644  3  
   70650  3  
   70651  3  
   70651  3  
   70656  3  
   70665  3  
   70666  3  
   70670  3  
   70670  3  
   70675  3  
   70678  3  
   70683  3  
   70688  3  
   70692  3  
   70697  3  
   70700  3  
   70703  3  
   70709  3  
   70709  3  
   70710  3  
   70715  3  
   70720  3  
   70720  3  
   70722  3  
   70724  3  
   70729  3  
   70731  3  
   70736  3  
   70738  3  
   70740  3  
   70740  3  
   70743  3  
   70744  3  
   70746  3  
   70747  3  
   70748  3  
   70750  3  
   70751  3  
   70752  3  
   70753  3  
   70753  3  
  END_ON_NODES
