  ON_BOUNDARIES, UNKNOWN
 1885  2  47069 46947  1  
 1886  2  21073 21178  1  
 1887  2  47602 47476  1  
 1888  2  20076 20200  1  
 1889  2  85572 85577  1  
 1890  2  46561 46435  1  
 1891  2  20573 20687  1  
 1892  2  85545 85552  1  
 1893  2  85601 85606  1  
 1894  2  46826 46678  1  
 1895  2  85531 85535  1  
 1896  2  47327 47218  1  
 1897  2  20328 20436  1  
 1898  2  85586 85592  1  
 1899  2  19833 19962  1  
 1900  2  20825 20941  1  
 1901  2  85559 85564  1  
 1902  2  47866 47714  1  
 1903  2  46947 46826  1  
 1904  2  21178 21304  1  
 1905  2  47476 47327  1  
 1906  2  20200 20328  1  
 1907  2  85577 85586  1  
 1908  2  46435 46295  1  
 1909  2  20687 20825  1  
 1910  2  85552 85559  1  
 1911  2  85606 85617  1  
 1912  2  46678 46561  1  
 1913  2  85535 85545  1  
 1914  2  47218 47069  1  
 1915  2  20436 20573  1  
 1916  2  85592 85601  1  
 1917  2  19962 20076  1  
 1918  2  20941 21073  1  
 1919  2  85564 85572  1  
 1920  2  47714 47602  1  
 1921  2  46295 46169  1  
 1922  2  21304 21440  1  
 1923  2  85617 85625  1  
 1924  2  18863 18982  1  
 1925  2  85452 85460  1  
 1926  2  48903 48757  1  
 1927  2  45765 45632  1  
 1928  2  21801 21938  1  
 1929  2  85652 85659  1  
 1930  2  19339 19477  1  
 1931  2  85485 85497  1  
 1932  2  48376 48258  1  
 1933  2  46020 45904  1  
 1934  2  21553 21685  1  
 1935  2  85633 85643  1  
 1936  2  19098 19228  1  
 1937  2  85468 85479  1  
 1938  2  48641 48516  1  
 1939  2  45507 45359  1  
 1940  2  22052 22192  1  
 1941  2  85667 85672  1  
 1942  2  19582 19722  1  
 1943  2  85509 85519  1  
 1944  2  48117 47988  1  
 1945  2  46169 46020  1  
 1946  2  21440 21553  1  
 1947  2  85625 85633  1  
 1948  2  18982 19098  1  
 1949  2  85460 85468  1  
 1950  2  48757 48641  1  
 1951  2  45632 45507  1  
 1952  2  21938 22052  1  
 1953  2  85659 85667  1  
 1954  2  19477 19582  1  
 1955  2  85497 85509  1  
 1956  2  48258 48117  1  
 1957  2  45904 45765  1  
 1958  2  21685 21801  1  
 1959  2  85643 85652  1  
 1960  2  19228 19339  1  
 1961  2  85479 85485  1  
 1962  2  48516 48376  1  
 1963  2  45359 45237  1  
 1964  2  22192 22308  1  
 1965  2  85672 85677  1  
 1966  2  19722 19833  1  
 1967  2  85519 85531  1  
 1968  2  47988 47866  1  
 1969  2  45237 45102  1  
 1970  2  22566 22681  1  
 1971  2  85697 85701  1  
 1972  2  18136 18248  1  
 1973  2  85421 85430  1  
 1974  2  49170 49029  1  
 1975  2  44691 44556  1  
 1976  2  23087 23207  1  
 1977  2  49682 49565  1  
 1978  2  18625 18735  1  
 1979  2  85677 85681  1  
 1980  2  44962 44836  1  
 1981  2  22823 22946  1  
 1982  2  85706 85715  1  
 1983  2  18382 18496  1  
 1984  2  85437 85446  1  
 1985  2  44428 44288  1  
 1986  2  85405 85415  1  
 1987  2  49416 49295  1  
 1988  2  22308 22438  1  
 1989  2  85685 85691  1  
 1990  2  45102 44962  1  
 1991  2  22681 22823  1  
 1992  2  85701 85706  1  
 1993  2  18248 18382  1  
 1994  2  85430 85437  1  
 1995  2  49029 48903  1  
 1996  2  44556 44428  1  
 1997  2  85393 85405  1  
 1998  2  49565 49416  1  
 1999  2  18735 18863  1  
 2000  2  85681 85685  1  
 2001  2  44836 44691  1  
 2002  2  22946 23087  1  
 2003  2  49808 49682  1  
 2004  2  18496 18625  1  
 2005  2  85446 85452  1  
 2006  2  17998 18136  1  
 2007  2  85415 85421  1  
 2008  2  49295 49170  1  
 2009  2  22438 22566  1  
 2010  2  85691 85697  1  
 2011  2  44288 44156  1  
 2012  2  23207 23345  1  
 2013  2  85715 85721  1  
 2014  2  17051 17164  1  
 2015  2  85303 85310  1  
 2016  2  50873 50736  1  
 2017  2  43755 43600  1  
 2018  2  23731 23857  1  
 2019  2  85734 85742  1  
 2020  2  17525 17649  1  
 2021  2  85346 85356  1  
 2022  2  50342 50216  1  
 2023  2  44015 43886  1  
 2024  2  23464 23606  1  
 2025  2  85725 85728  1  
 2026  2  17291 17408  1  
 2027  2  85323 85332  1  
 2028  2  50610 50461  1  
 2029  2  43481 43325  1  
 2030  2  23995 24122  1  
 2031  2  85749 85755  1  
 2032  2  17762 17898  1  
 2033  2  85368 85381  1  
 2034  2  50072 49953  1  
 2035  2  44156 44015  1  
 2036  2  23345 23464  1  
 2037  2  85721 85725  1  
 2038  2  17164 17291  1  
 2039  2  85310 85323  1  
 2040  2  50736 50610  1  
 2041  2  43600 43481  1  
 2042  2  23857 23995  1  
 2043  2  85742 85749  1  
 2044  2  17649 17762  1  
 2045  2  85356 85368  1  
 2046  2  50216 50072  1  
 2047  2  43886 43755  1  
 2048  2  23606 23731  1  
 2049  2  85728 85734  1  
 2050  2  17408 17525  1  
 2051  2  85332 85346  1  
 2052  2  50461 50342  1  
 2053  2  43325 43195  1  
 2054  2  24122 24264  1  
 2055  2  85755 85763  1  
 2056  2  17898 17998  1  
 2057  2  85381 85393  1  
 2058  2  49953 49808  1  
 2059  2  43195 43067  1  
 2060  2  24264 24383  1  
 2061  2  85763 85772  1  
 2062  2  16089 16198  1  
 2063  2  85209 85221  1  
 2064  2  51924 51789  1  
 2065  2  42627 42508  1  
 2066  2  24791 24914  1  
 2067  2  85791 85796  1  
 2068  2  16568 16677  1  
 2069  2  85266 85277  1  
 2070  2  51396 51267  1  
 2071  2  42916 42787  1  
 2072  2  24517 24646  1  
 2073  2  85780 85785  1  
 2074  2  16327 16434  1  
 2075  2  85241 85254  1  
 2076  2  51664 51516  1  
 2077  2  42370 42218  1  
 2078  2  25052 25186  1  
 2079  2  85800 85803  1  
 2080  2  16808 16922  1  
 2081  2  85286 85298  1  
 2082  2  51124 51003  1  
 2083  2  43067 42916  1  
 2084  2  24383 24517  1  
 2085  2  85772 85780  1  
 2086  2  16198 16327  1  
 2087  2  85221 85241  1  
 2088  2  51789 51664  1  
 2089  2  42508 42370  1  
 2090  2  24914 25052  1  
 2091  2  85796 85800  1  
 2092  2  16677 16808  1  
 2093  2  85277 85286  1  
 2094  2  51267 51124  1  
 2095  2  42787 42627  1  
 2096  2  24646 24791  1  
 2097  2  85785 85791  1  
 2098  2  16434 16568  1  
 2099  2  85254 85266  1  
 2100  2  51516 51396  1  
 2101  2  42218 42096  1  
 2102  2  25186 25304  1  
 2103  2  85803 85809  1  
 2104  2  16922 17051  1  
 2105  2  85298 85303  1  
 2106  2  51003 50873  1  
 2107  2  42096 41940  1  
 2108  2  25579 25728  1  
 2109  2  85826 85831  1  
 2110  2  15369 15477  1  
 2111  2  85167 85179  1  
 2112  2  52174 52057  1  
 2113  2  41522 41386  1  
 2114  2  26127 26273  1  
 2115  2  52722 52587  1  
 2116  2  15851 15951  1  
 2117  2  85809 85813  1  
 2118  2  41810 41660  1  
 2119  2  25850 25995  1  
 2120  2  85839 85844  1  
 2121  2  15608 15717  1  
 2122  2  85191 85201  1  
 2123  2  41230 41105  1  
 2124  2  85146 85156  1  
 2125  2  52450 52328  1  
 2126  2  25304 25459  1  
 2127  2  85817 85823  1  
 2128  2  41940 41810  1  
 2129  2  25728 25850  1  
 2130  2  85831 85839  1  
 2131  2  15477 15608  1  
 2132  2  85179 85191  1  
 2133  2  52057 51924  1  
 2134  2  41386 41230  1  
 2135  2  85130 85146  1  
 2136  2  52587 52450  1  
 2137  2  15951 16089  1  
 2138  2  85813 85817  1  
 2139  2  41660 41522  1  
 2140  2  25995 26127  1  
 2141  2  52841 52722  1  
 2142  2  15717 15851  1  
 2143  2  85201 85209  1  
 2144  2  15239 15369  1  
 2145  2  85156 85167  1  
 2146  2  52328 52174  1  
 2147  2  25459 25579  1  
 2148  2  85823 85826  1  
 2149  2  41105 40944  1  
 2150  2  26273 26402  1  
 2151  2  85844 85848  1  
 2152  2  14301 14414  1  
 2153  2  85017 85030  1  
 2154  2  53899 53787  1  
 2155  2  40532 40394  1  
 2156  2  26815 26964  1  
 2157  2  85867 85876  1  
 2158  2  14775 14889  1  
 2159  2  85067 85082  1  
 2160  2  53395 53239  1  
 2161  2  40824 40668  1  
 2162  2  26543 26683  1  
 2163  2  85853 85861  1  
 2164  2  14540 14651  1  
 2165  2  85044 85055  1  
 2166  2  53655 53510  1  
 2167  2  40237 40108  1  
 2168  2  27085 27232  1  
 2169  2  85883 85894  1  
 2170  2  15009 15124  1  
 2171  2  85098 85116  1  
 2172  2  53118 52993  1  
 2173  2  40944 40824  1  
 2174  2  26402 26543  1  
 2175  2  85848 85853  1  
 2176  2  14414 14540  1  
 2177  2  85030 85044  1  
 2178  2  53787 53655  1  
 2179  2  40394 40237  1  
 2180  2  26964 27085  1  
 2181  2  85876 85883  1  
 2182  2  14889 15009  1  
 2183  2  85082 85098  1  
 2184  2  53239 53118  1  
 2185  2  40668 40532  1  
 2186  2  26683 26815  1  
 2187  2  85861 85867  1  
 2188  2  14651 14775  1  
 2189  2  85055 85067  1  
 2190  2  53510 53395  1  
 2191  2  40108 39946  1  
 2192  2  27232 27366  1  
 2193  2  85894 85899  1  
 2194  2  15124 15239  1  
 2195  2  85116 85130  1  
 2196  2  52993 52841  1  
 2197  2  39946 39823  1  
 2198  2  27366 27522  1  
 2199  2  85899 85908  1  
 2200  2  13362 13474  1  
 2201  2  84882 84902  1  
 2202  2  54968 54836  1  
 2203  2  39393 39238  1  
 2204  2  27929 28081  1  
 2205  2  85914 85916  1  
 2206  2  13834 13942  1  
 2207  2  84950 84966  1  
 2208  2  54446 54313  1  
 2209  2  39669 39532  1  
 2210  2  27643 27799  1  
 2211  2  85910 85912  1  
 2212  2  13595 13705  1  
 2213  2  84916 84934  1  
 2214  2  54715 54564  1  
 2215  2  39109 38942  1  
 2216  2  28220 28357  1  
 2217  2  85918 85919  1  
 2218  2  14071 14178  1  
 2219  2  84981 85001  1  
 2220  2  54174 54051  1  
 2221  2  39823 39669  1  
 2222  2  27522 27643  1  
 2223  2  85908 85910  1  
 2224  2  13474 13595  1  
 2225  2  84902 84916  1  
 2226  2  54836 54715  1  
 2227  2  39238 39109  1  
 2228  2  28081 28220  1  
 2229  2  85916 85918  1  
 2230  2  13942 14071  1  
 2231  2  84966 84981  1  
 2232  2  54313 54174  1  
 2233  2  39532 39393  1  
 2234  2  27799 27929  1  
 2235  2  85912 85914  1  
 2236  2  13705 13834  1  
 2237  2  84934 84950  1  
 2238  2  54564 54446  1  
 2239  2  38942 38822  1  
 2240  2  28357 28490  1  
 2241  2  85919 85921  1  
 2242  2  14178 14301  1  
 2243  2  85001 85017  1  
 2244  2  54051 53899  1  
 2245  2  38822 38650  1  
 2246  2  28490 28627  1  
 2247  2  85921 85923  1  
 2248  2  12438 12545  1  
 2249  2  84743 84764  1  
 2250  2  56028 55890  1  
 2251  2  38182 38025  1  
 2252  2  29095 29244  1  
 2253  2  85929 85931  1  
 2254  2  12899 13008  1  
 2255  2  84813 84837  1  
 2256  2  55506 55374  1  
 2257  2  38515 38355  1  
 2258  2  28780 28913  1  
 2259  2  85925 85927  1  
 2260  2  12670 12773  1  
 2261  2  84777 84796  1  
 2262  2  55773 55614  1  
 2263  2  37838 37675  1  
 2264  2  29432 29592  1  
 2265  2  85933 85935  1  
 2266  2  13132 13239  1  
 2267  2  84851 84873  1  
 2268  2  55227 55115  1  
 2269  2  38650 38515  1  
 2270  2  28627 28780  1  
 2271  2  85923 85925  1  
 2272  2  12545 12670  1  
 2273  2  84764 84777  1  
 2274  2  55890 55773  1  
 2275  2  38025 37838  1  
 2276  2  29244 29432  1  
 2277  2  85931 85933  1  
 2278  2  13008 13132  1  
 2279  2  84837 84851  1  
 2280  2  55374 55227  1  
 2281  2  38355 38182  1  
 2282  2  28913 29095  1  
 2283  2  85927 85929  1  
 2284  2  12773 12899  1  
 2285  2  84796 84813  1  
 2286  2  55614 55506  1  
 2287  2  37675 37477  1  
 2288  2  29592 29780  1  
 2289  2  85935 85937  1  
 2290  2  13239 13362  1  
 2291  2  84873 84882  1  
 2292  2  55115 54968  1  
 2293  2  37477 37317  1  
 2294  2  85937 85939  1  
 2295  2  29780 29938  1  
 2296  2  11524 11638  1  
 2297  2  57090 56944  1  
 2298  2  84592 84610  1  
 2299  2  36752 36575  1  
 2300  2  85945 85947  1  
 2301  2  30487 30664  1  
 2302  2  11984 12092  1  
 2303  2  56553 56426  1  
 2304  2  84668 84694  1  
 2305  2  37110 36950  1  
 2306  2  85941 85943  1  
 2307  2  30126 30300  1  
 2308  2  11754 11863  1  
 2309  2  56823 56686  1  
 2310  2  84621 84653  1  
 2311  2  36390 36186  1  
 2312  2  85949 85951  1  
 2313  2  30855 31049  1  
 2314  2  12212 12315  1  
 2315  2  56281 56165  1  
 2316  2  84707 84728  1  
 2317  2  37317 37110  1  
 2318  2  85939 85941  1  
 2319  2  29938 30126  1  
 2320  2  11638 11754  1  
 2321  2  56944 56823  1  
 2322  2  84610 84621  1  
 2323  2  36575 36390  1  
 2324  2  85947 85949  1  
 2325  2  30664 30855  1  
 2326  2  12092 12212  1  
 2327  2  56426 56281  1  
 2328  2  84694 84707  1  
 2329  2  36950 36752  1  
 2330  2  85943 85945  1  
 2331  2  30300 30487  1  
 2332  2  11863 11984  1  
 2333  2  56686 56553  1  
 2334  2  84653 84668  1  
 2335  2  36186 36007  1  
 2336  2  85951 85953  1  
 2337  2  31049 31228  1  
 2338  2  12315 12438  1  
 2339  2  56165 56028  1  
 2340  2  84728 84743  1  
 2341  2  36007 35809  1  
 2342  2  31228 31427  1  
 2343  2  85953 85955  1  
 2344  2  10617 10739  1  
 2345  2  84412 84434  1  
 2346  2  58140 57986  1  
 2347  2  35229 35013  1  
 2348  2  32004 32210  1  
 2349  2  85961 85963  1  
 2350  2  11069 11188  1  
 2351  2  84505 84523  1  
 2352  2  57603 57486  1  
 2353  2  35617 35420  1  
 2354  2  31606 31816  1  
 2355  2  85957 85959  1  
 2356  2  10839 10965  1  
 2357  2  84464 84483  1  
 2358  2  57880 57744  1  
 2359  2  34829 34617  1  
 2360  2  32395 32614  1  
 2361  2  85964 85966  1  
 2362  2  11296 11413  1  
 2363  2  84548 84569  1  
 2364  2  57339 57215  1  
 2365  2  35809 35617  1  
 2366  2  31427 31606  1  
 2367  2  85955 85957  1  
 2368  2  10739 10839  1  
 2369  2  84434 84464  1  
 2370  2  57986 57880  1  
 2371  2  35013 34829  1  
 2372  2  32210 32395  1  
 2373  2  85963 85964  1  
 2374  2  11188 11296  1  
 2375  2  84523 84548  1  
 2376  2  57486 57339  1  
 2377  2  35420 35229  1  
 2378  2  31816 32004  1  
 2379  2  85959 85961  1  
 2380  2  10965 11069  1  
 2381  2  84483 84505  1  
 2382  2  57744 57603  1  
 2383  2  34617 34427  1  
 2384  2  32614 32796  1  
 2385  2  85966 85968  1  
 2386  2  11413 11524  1  
 2387  2  84569 84592  1  
 2388  2  57215 57090  1  
 2389  2  34427 34226  1  
 2390  2  32796 33000  1  
 2391  2  85968 85970  1  
 2392  2  9748 9866  1  
 2393  2  84231 84252  1  
 2394  2  59188 59042  1  
 2395  2  33604 33411  1  
 2396  2  33592 33799  1  
 2397  2  85976 85975  1  
 2398  2  10182 10300  1  
 2399  2  84325 84350  1  
 2400  2  58649 58535  1  
 2401  2  34018 33818  1  
 2402  2  33190 33402  1  
 2403  2  85972 85974  1  
 2404  2  9965 10084  1  
 2405  2  84281 84301  1  
 2406  2  58917 58792  1  
 2407  2  33207 33013  1  
 2408  2  34004 34213  1  
 2409  2  85973 85971  1  
 2410  2  10401 10524  1  
 2411  2  84375 84402  1  
 2412  2  58392 58263  1  
 2413  2  34226 34018  1  
 2414  2  33000 33190  1  
 2415  2  85970 85972  1  
 2416  2  9866 9965  1  
 2417  2  84252 84281  1  
 2418  2  59042 58917  1  
 2419  2  33411 33207  1  
 2420  2  33799 34004  1  
 2421  2  85975 85973  1  
 2422  2  10300 10401  1  
 2423  2  84350 84375  1  
 2424  2  58535 58392  1  
 2425  2  33818 33604  1  
 2426  2  33402 33592  1  
 2427  2  85974 85976  1  
 2428  2  10084 10182  1  
 2429  2  84301 84325  1  
 2430  2  58792 58649  1  
 2431  2  33013 32811  1  
 2432  2  34213 34417  1  
 2433  2  85971 85969  1  
 2434  2  10524 10617  1  
 2435  2  84402 84412  1  
 2436  2  58263 58140  1  
 2437  2  32811 32620  1  
 2438  2  84127 84157  1  
 2439  2  9538 9647  1  
 2440  2  59958 59838  1  
 2441  2  31203 31011  1  
 2442  2  85960 85958  1  
 2443  2  35631 35822  1  
 2444  2  32001 31807  1  
 2445  2  85969 85967  1  
 2446  2  34822 35014  1  
 2447  2  59448 59304  1  
 2448  2  9109 9214  1  
 2449  2  85952 85950  1  
 2450  2  84023 84049  1  
 2451  2  32402 32209  1  
 2452  2  84180 84208  1  
 2453  2  34417 34610  1  
 2454  2  59689 59577  1  
 2455  2  8898 8998  1  
 2456  2  85956 85954  1  
 2457  2  36028 36213  1  
 2458  2  31596 31412  1  
 2459  2  85965 85962  1  
 2460  2  35232 35426  1  
 2461  2  9325 9431  1  
 2462  2  84080 84103  1  
 2463  2  60229 60092  1  
 2464  2  32620 32402  1  
 2465  2  84157 84180  1  
 2466  2  9647 9748  1  
 2467  2  59838 59689  1  
 2468  2  8786 8898  1  
 2469  2  85958 85956  1  
 2470  2  35822 36028  1  
 2471  2  31807 31596  1  
 2472  2  85967 85965  1  
 2473  2  35014 35232  1  
 2474  2  59304 59188  1  
 2475  2  9214 9325  1  
 2476  2  60341 60229  1  
 2477  2  84049 84080  1  
 2478  2  32209 32001  1  
 2479  2  84208 84231  1  
 2480  2  34610 34822  1  
 2481  2  59577 59448  1  
 2482  2  8998 9109  1  
 2483  2  85954 85952  1  
 2484  2  84004 84023  1  
 2485  2  31412 31203  1  
 2486  2  85962 85960  1  
 2487  2  35426 35631  1  
 2488  2  9431 9538  1  
 2489  2  84103 84127  1  
 2490  2  60092 59958  1  
 2491  2  31011 30804  1  
 2492  2  85950 85948  1  
 2493  2  36213 36426  1  
 2494  2  7964 8067  1  
 2495  2  61370 61255  1  
 2496  2  83775 83807  1  
 2497  2  30242 30050  1  
 2498  2  85942 85940  1  
 2499  2  37002 37193  1  
 2500  2  8370 8480  1  
 2501  2  60874 60729  1  
 2502  2  83891 83917  1  
 2503  2  30626 30426  1  
 2504  2  85946 85944  1  
 2505  2  36616 36819  1  
 2506  2  8164 8276  1  
 2507  2  61127 60989  1  
 2508  2  83829 83862  1  
 2509  2  29874 29687  1  
 2510  2  85938 85936  1  
 2511  2  37387 37568  1  
 2512  2  8578 8690  1  
 2513  2  60612 60485  1  
 2514  2  83940 83974  1  
 2515  2  30804 30626  1  
 2516  2  85948 85946  1  
 2517  2  36426 36616  1  
 2518  2  8067 8164  1  
 2519  2  61255 61127  1  
 2520  2  83807 83829  1  
 2521  2  30050 29874  1  
 2522  2  85940 85938  1  
 2523  2  37193 37387  1  
 2524  2  8480 8578  1  
 2525  2  60729 60612  1  
 2526  2  83917 83940  1  
 2527  2  30426 30242  1  
 2528  2  85944 85942  1  
 2529  2  36819 37002  1  
 2530  2  8276 8370  1  
 2531  2  60989 60874  1  
 2532  2  83862 83891  1  
 2533  2  29687 29505  1  
 2534  2  85936 85934  1  
 2535  2  37568 37758  1  
 2536  2  8690 8786  1  
 2537  2  60485 60341  1  
 2538  2  83974 84004  1  
 2539  2  29505 29329  1  
 2540  2  83652 83682  1  
 2541  2  7759 7864  1  
 2542  2  62147 62010  1  
 2543  2  28206 28053  1  
 2544  2  85926 85924  1  
 2545  2  38808 38941  1  
 2546  2  28813 28663  1  
 2547  2  85934 85932  1  
 2548  2  38135 38291  1  
 2549  2  61635 61515  1  
 2550  2  7362 7450  1  
 2551  2  85917 85915  1  
 2552  2  83523 83560  1  
 2553  2  29151 28971  1  
 2554  2  83709 83744  1  
 2555  2  37758 37931  1  
 2556  2  61898 61761  1  
 2557  2  7165 7254  1  
 2558  2  85922 85920  1  
 2559  2  39121 39258  1  
 2560  2  28503 28360  1  
 2561  2  85930 85928  1  
 2562  2  38484 38622  1  
 2563  2  7561 7653  1  
 2564  2  62383 62273  1  
 2565  2  83593 83619  1  
 2566  2  29329 29151  1  
 2567  2  83682 83709  1  
 2568  2  7864 7964  1  
 2569  2  62010 61898  1  
 2570  2  7057 7165  1  
 2571  2  85924 85922  1  
 2572  2  38941 39121  1  
 2573  2  28663 28503  1  
 2574  2  85932 85930  1  
 2575  2  38291 38484  1  
 2576  2  61515 61370  1  
 2577  2  7450 7561  1  
 2578  2  62529 62383  1  
 2579  2  83560 83593  1  
 2580  2  28971 28813  1  
 2581  2  83744 83775  1  
 2582  2  37931 38135  1  
 2583  2  61761 61635  1  
 2584  2  7254 7362  1  
 2585  2  85920 85917  1  
 2586  2  83491 83523  1  
 2587  2  28360 28206  1  
 2588  2  85928 85926  1  
 2589  2  38622 38808  1  
 2590  2  7653 7759  1  
 2591  2  62273 62147  1  
 2592  2  83619 83652  1  
 2593  2  28053 27897  1  
 2594  2  83359 83392  1  
 2595  2  6868 6965  1  
 2596  2  63280 63157  1  
 2597  2  26831 26679  1  
 2598  2  85905 85895  1  
 2599  2  40209 40363  1  
 2600  2  27445 27292  1  
 2601  2  85915 85913  1  
 2602  2  39576 39740  1  
 2603  2  62775 62649  1  
 2604  2  6486 6571  1  
 2605  2  85869 85860  1  
 2606  2  83224 83252  1  
 2607  2  27749 27598  1  
 2608  2  83419 83463  1  
 2609  2  39258 39432  1  
 2610  2  63016 62907  1  
 2611  2  6292 6382  1  
 2612  2  85886 85878  1  
 2613  2  40516 40674  1  
 2614  2  27142 26989  1  
 2615  2  85911 85909  1  
 2616  2  39889 40050  1  
 2617  2  6674 6767  1  
 2618  2  63536 63389  1  
 2619  2  83288 83326  1  
 2620  2  27897 27749  1  
 2621  2  83392 83419  1  
 2622  2  6965 7057  1  
 2623  2  63157 63016  1  
 2624  2  6194 6292  1  
 2625  2  85895 85886  1  
 2626  2  40363 40516  1  
 2627  2  27292 27142  1  
 2628  2  85913 85911  1  
 2629  2  39740 39889  1  
 2630  2  62649 62529  1  
 2631  2  6571 6674  1  
 2632  2  63653 63536  1  
 2633  2  83252 83288  1  
 2634  2  27598 27445  1  
 2635  2  83463 83491  1  
 2636  2  39432 39576  1  
 2637  2  62907 62775  1  
 2638  2  6382 6486  1  
 2639  2  85878 85869  1  
 2640  2  83183 83224  1  
 2641  2  26989 26831  1  
 2642  2  85909 85905  1  
 2643  2  40050 40209  1  
 2644  2  6767 6868  1  
 2645  2  63389 63280  1  
 2646  2  83326 83359  1  
 2647  2  26679 26518  1  
 2648  2  83037 83075  1  
 2649  2  6008 6106  1  
 2650  2  64389 64279  1  
 2651  2  25461 25294  1  
 2652  2  85835 85829  1  
 2653  2  41609 41793  1  
 2654  2  26065 25905  1  
 2655  2  85860 85852  1  
 2656  2  40981 41157  1  
 2657  2  63908 63783  1  
 2658  2  5643 5722  1  
 2659  2  85814 85807  1  
 2660  2  82890 82929  1  
 2661  2  26374 26208  1  
 2662  2  83110 83153  1  
 2663  2  40674 40840  1  
 2664  2  64160 64018  1  
 2665  2  5462 5547  1  
 2666  2  85824 85818  1  
 2667  2  41939 42114  1  
 2668  2  25765 25603  1  
 2669  2  85847 85841  1  
 2670  2  41301 41473  1  
 2671  2  5823 5911  1  
 2672  2  64645 64528  1  
 2673  2  82966 83008  1  
 2674  2  26518 26374  1  
 2675  2  83075 83110  1  
 2676  2  6106 6194  1  
 2677  2  64279 64160  1  
 2678  2  5375 5462  1  
 2679  2  85829 85824  1  
 2680  2  41793 41939  1  
 2681  2  25905 25765  1  
 2682  2  85852 85847  1  
 2683  2  41157 41301  1  
 2684  2  63783 63653  1  
 2685  2  5722 5823  1  
 2686  2  64773 64645  1  
 2687  2  82929 82966  1  
 2688  2  26208 26065  1  
 2689  2  83153 83183  1  
 2690  2  40840 40981  1  
 2691  2  64018 63908  1  
 2692  2  5547 5643  1  
 2693  2  85818 85814  1  
 2694  2  82857 82890  1  
 2695  2  25603 25461  1  
 2696  2  85841 85835  1  
 2697  2  41473 41609  1  
 2698  2  5911 6008  1  
 2699  2  64528 64389  1  
 2700  2  83008 83037  1  
 2701  2  25294 25154  1  
 2702  2  82697 82736  1  
 2703  2  5195 5284  1  
 2704  2  65511 65377  1  
 2705  2  24080 23938  1  
 2706  2  85788 85782  1  
 2707  2  43071 43218  1  
 2708  2  24686 24538  1  
 2709  2  85807 85801  1  
 2710  2  42429 42580  1  
 2711  2  65013 64900  1  
 2712  2  4851 4930  1  
 2713  2  85753 85745  1  
 2714  2  82539 82576  1  
 2715  2  24983 24845  1  
 2716  2  82780 82811  1  
 2717  2  42114 42254  1  
 2718  2  65264 65145  1  
 2719  2  4680 4763  1  
 2720  2  85771 85762  1  
 2721  2  43385 43540  1  
 2722  2  24381 24241  1  
 2723  2  85798 85794  1  
 2724  2  42748 42899  1  
 2725  2  5021 5100  1  
 2726  2  65752 65628  1  
 2727  2  82619 82655  1  
 2728  2  25154 24983  1  
 2729  2  82736 82780  1  
 2730  2  5284 5375  1  
 2731  2  65377 65264  1  
 2732  2  4594 4680  1  
 2733  2  85782 85771  1  
 2734  2  43218 43385  1  
 2735  2  24538 24381  1  
 2736  2  85801 85798  1  
 2737  2  42580 42748  1  
 2738  2  64900 64773  1  
 2739  2  4930 5021  1  
 2740  2  65876 65752  1  
 2741  2  82576 82619  1  
 2742  2  24845 24686  1  
 2743  2  82811 82857  1  
 2744  2  42254 42429  1  
 2745  2  65145 65013  1  
 2746  2  4763 4851  1  
 2747  2  85762 85753  1  
 2748  2  82491 82539  1  
 2749  2  24241 24080  1  
 2750  2  85794 85788  1  
 2751  2  42899 43071  1  
 2752  2  5100 5195  1  
 2753  2  65628 65511  1  
 2754  2  82655 82697  1  
 2755  2  23938 23771  1  
 2756  2  82148 82185  1  
 2757  2  4263 4342  1  
 2758  2  85692 85684  1  
 2759  2  22694 22553  1  
 2760  2  85745 85737  1  
 2761  2  44181 44334  1  
 2762  2  66345 66233  1  
 2763  2  23313 23156  1  
 2764  2  82321 82355  1  
 2765  2  43540 43700  1  
 2766  2  66836 66718  1  
 2767  2  3935 4027  1  
 2768  2  85720 85713  1  
 2769  2  44830 44974  1  
 2770  2  23629 23458  1  
 2771  2  82231 82279  1  
 2772  2  4426 4506  1  
 2773  2  67073 66945  1  
 2774  2  3782 3867  1  
 2775  2  85729 85724  1  
 2776  2  44506 44654  1  
 2777  2  66115 65988  1  
 2778  2  23004 22852  1  
 2779  2  82408 82451  1  
 2780  2  43863 44019  1  
 2781  2  66592 66477  1  
 2782  2  4101 4186  1  
 2783  2  85703 85698  1  
 2784  2  82053 82092  1  
 2785  2  23771 23629  1  
 2786  2  82185 82231  1  
 2787  2  4342 4426  1  
 2788  2  85684 85679  1  
 2789  2  22553 22390  1  
 2790  2  85737 85729  1  
 2791  2  44334 44506  1  
 2792  2  66233 66115  1  
 2793  2  23156 23004  1  
 2794  2  82355 82408  1  
 2795  2  43700 43863  1  
 2796  2  66718 66592  1  
 2797  2  4027 4101  1  
 2798  2  85713 85703  1  
 2799  2  44974 45149  1  
 2800  2  23458 23313  1  
 2801  2  82279 82321  1  
 2802  2  4506 4594  1  
 2803  2  66945 66836  1  
 2804  2  3867 3935  1  
 2805  2  85724 85720  1  
 2806  2  44654 44830  1  
 2807  2  65988 65876  1  
 2808  2  22852 22694  1  
 2809  2  82451 82491  1  
 2810  2  44019 44181  1  
 2811  2  66477 66345  1  
 2812  2  4186 4263  1  
 2813  2  85698 85692  1  
 2814  2  82092 82148  1  
 2815  2  22390 22247  1  
 2816  2  81666 81714  1  
 2817  2  3483 3553  1  
 2818  2  85605 85596  1  
 2819  2  21173 21020  1  
 2820  2  85679 85674  1  
 2821  2  45795 45944  1  
 2822  2  67535 67430  1  
 2823  2  21787 21644  1  
 2824  2  81857 81912  1  
 2825  2  45149 45300  1  
 2826  2  68011 67887  1  
 2827  2  3197 3266  1  
 2828  2  85650 85641  1  
 2829  2  46440 46595  1  
 2830  2  22091 21945  1  
 2831  2  81763 81813  1  
 2832  2  3632 3716  1  
 2833  2  68233 68131  1  
 2834  2  3043 3125  1  
 2835  2  85668 85660  1  
 2836  2  46112 46273  1  
 2837  2  67290 67189  1  
 2838  2  21478 21336  1  
 2839  2  81955 82002  1  
 2840  2  45469 45624  1  
 2841  2  67784 67646  1  
 2842  2  3339 3403  1  
 2843  2  85629 85618  1  
 2844  2  81566 81614  1  
 2845  2  22247 22091  1  
 2846  2  81714 81763  1  
 2847  2  3553 3632  1  
 2848  2  85596 85588  1  
 2849  2  21020 20873  1  
 2850  2  85674 85668  1  
 2851  2  45944 46112  1  
 2852  2  67430 67290  1  
 2853  2  21644 21478  1  
 2854  2  81912 81955  1  
 2855  2  45300 45469  1  
 2856  2  67887 67784  1  
 2857  2  3266 3339  1  
 2858  2  85641 85629  1  
 2859  2  46595 46746  1  
 2860  2  21945 21787  1  
 2861  2  81813 81857  1  
 2862  2  3716 3782  1  
 2863  2  68131 68011  1  
 2864  2  3125 3197  1  
 2865  2  85660 85650  1  
 2866  2  46273 46440  1  
 2867  2  67189 67073  1  
 2868  2  21336 21173  1  
 2869  2  82002 82053  1  
 2870  2  45624 45795  1  
 2871  2  67646 67535  1  
 2872  2  3403 3483  1  
 2873  2  85618 85605  1  
 2874  2  81614 81666  1  
 2875  2  20873 20715  1  
 2876  2  68477 68365  1  
 2877  2  48359 48528  1  
 2878  2  2642 2704  1  
 2879  2  85557 85547  1  
 2880  2  19663 19509  1  
 2881  2  81363 81421  1  
 2882  2  47067 47242  1  
 2883  2  69397 69280  1  
 2884  2  20275 20115  1  
 2885  2  81158 81207  1  
 2886  2  2907 2983  1  
 2887  2  85516 85504  1  
 2888  2  2378 2442  1  
 2889  2  85588 85582  1  
 2890  2  47708 47889  1  
 2891  2  68930 68815  1  
 2892  2  20575 20415  1  
 2893  2  81042 81100  1  
 2894  2  2773 2845  1  
 2895  2  85538 85530  1  
 2896  2  19352 19213  1  
 2897  2  81466 81517  1  
 2898  2  47386 47565  1  
 2899  2  69159 69055  1  
 2900  2  19970 19805  1  
 2901  2  81253 81309  1  
 2902  2  46746 46915  1  
 2903  2  85488 85476  1  
 2904  2  2511 2569  1  
 2905  2  85573 85563  1  
 2906  2  48034 48212  1  
 2907  2  68710 68581  1  
 2908  2  20715 20575  1  
 2909  2  68365 68233  1  
 2910  2  80988 81042  1  
 2911  2  2704 2773  1  
 2912  2  85547 85538  1  
 2913  2  19509 19352  1  
 2914  2  81421 81466  1  
 2915  2  47242 47386  1  
 2916  2  69280 69159  1  
 2917  2  20115 19970  1  
 2918  2  81207 81253  1  
 2919  2  2983 3043  1  
 2920  2  85504 85488  1  
 2921  2  2442 2511  1  
 2922  2  85582 85573  1  
 2923  2  47889 48034  1  
 2924  2  68815 68710  1  
 2925  2  20415 20275  1  
 2926  2  81100 81158  1  
 2927  2  2845 2907  1  
 2928  2  85530 85516  1  
 2929  2  2315 2378  1  
 2930  2  81517 81566  1  
 2931  2  47565 47708  1  
 2932  2  69055 68930  1  
 2933  2  19805 19663  1  
 2934  2  81309 81363  1  
 2935  2  46915 47067  1  
 2936  2  69498 69397  1  
 2937  2  2569 2642  1  
 2938  2  85563 85557  1  
 2939  2  48212 48359  1  
 2940  2  68581 68477  1  
 2941  2  19213 19053  1  
 2942  2  69728 69618  1  
 2943  2  50111 50288  1  
 2944  2  1950 2010  1  
 2945  2  85436 85429  1  
 2946  2  18009 17873  1  
 2947  2  80764 80820  1  
 2948  2  48851 49009  1  
 2949  2  70614 70493  1  
 2950  2  18618 18461  1  
 2951  2  80531 80597  1  
 2952  2  2197 2249  1  
 2953  2  85395 85380  1  
 2954  2  1724 1781  1  
 2955  2  85476 85465  1  
 2956  2  49484 49648  1  
 2957  2  70159 70060  1  
 2958  2  18918 18763  1  
 2959  2  80421 80472  1  
 2960  2  2072 2131  1  
 2961  2  85419 85408  1  
 2962  2  17715 17579  1  
 2963  2  80882 80929  1  
 2964  2  49174 49322  1  
 2965  2  70394 70284  1  
 2966  2  18315 18166  1  
 2967  2  80645 80709  1  
 2968  2  48528 48678  1  
 2969  2  85363 85352  1  
 2970  2  1835 1894  1  
 2971  2  85457 85447  1  
 2972  2  49798 49970  1  
 2973  2  69953 69828  1  
 2974  2  19053 18918  1  
 2975  2  69618 69498  1  
 2976  2  80354 80421  1  
 2977  2  2010 2072  1  
 2978  2  85429 85419  1  
 2979  2  17873 17715  1  
 2980  2  80820 80882  1  
 2981  2  49009 49174  1  
 2982  2  70493 70394  1  
 2983  2  18461 18315  1  
 2984  2  80597 80645  1  
 2985  2  2249 2315  1  
 2986  2  85380 85363  1  
 2987  2  1781 1835  1  
 2988  2  85465 85457  1  
 2989  2  49648 49798  1  
 2990  2  70060 69953  1  
 2991  2  18763 18618  1  
 2992  2  80472 80531  1  
 2993  2  2131 2197  1  
 2994  2  85408 85395  1  
 2995  2  1665 1724  1  
 2996  2  80929 80988  1  
 2997  2  49322 49484  1  
 2998  2  70284 70159  1  
 2999  2  18166 18009  1  
 3000  2  80709 80764  1  
 3001  2  48678 48851  1  
 3002  2  70721 70614  1  
 3003  2  1894 1950  1  
 3004  2  85447 85436  1  
 3005  2  49970 50111  1  
 3006  2  69828 69728  1  
 3007  2  17579 17425  1  
 3008  2  85189 85176  1  
 3009  2  51250 51405  1  
 3010  2  1166 1216  1  
 3011  2  80115 80176  1  
 3012  2  16409 16264  1  
 3013  2  71367 71267  1  
 3014  2  79610 79670  1  
 3015  2  1560 1616  1  
 3016  2  85301 85290  1  
 3017  2  16981 16849  1  
 3018  2  71799 71685  1  
 3019  2  51882 52045  1  
 3020  2  1362 1406  1  
 3021  2  85352 85335  1  
 3022  2  15835 15676  1  
 3023  2  70947 70830  1  
 3024  2  79867 79918  1  
 3025  2  50612 50758  1  
 3026  2  85253 85229  1  
 3027  2  17285 17137  1  
 3028  2  72002 71896  1  
 3029  2  51571 51731  1  
 3030  2  1260 1309  1  
 3031  2  80234 80293  1  
 3032  2  16127 15963  1  
 3033  2  71158 71043  1  
 3034  2  79737 79794  1  
 3035  2  50288 50438  1  
 3036  2  85279 85265  1  
 3037  2  16693 16557  1  
 3038  2  71579 71477  1  
 3039  2  52192 52369  1  
 3040  2  1460 1511  1  
 3041  2  85322 85309  1  
 3042  2  1077 1124  1  
 3043  2  79989 80052  1  
 3044  2  50935 51087  1  
 3045  2  85213 85202  1  
 3046  2  17425 17285  1  
 3047  2  72113 72002  1  
 3048  2  51405 51571  1  
 3049  2  1216 1260  1  
 3050  2  80176 80234  1  
 3051  2  16264 16127  1  
 3052  2  71267 71158  1  
 3053  2  79670 79737  1  
 3054  2  1616 1665  1  
 3055  2  85290 85279  1  
 3056  2  16849 16693  1  
 3057  2  71685 71579  1  
 3058  2  52045 52192  1  
 3059  2  1406 1460  1  
 3060  2  85335 85322  1  
 3061  2  1032 1077  1  
 3062  2  70830 70721  1  
 3063  2  79918 79989  1  
 3064  2  50758 50935  1  
 3065  2  85229 85213  1  
 3066  2  17137 16981  1  
 3067  2  71896 71799  1  
 3068  2  51731 51882  1  
 3069  2  1309 1362  1  
 3070  2  80293 80354  1  
 3071  2  15963 15835  1  
 3072  2  71043 70947  1  
 3073  2  79794 79867  1  
 3074  2  50438 50612  1  
 3075  2  85265 85253  1  
 3076  2  16557 16409  1  
 3077  2  71477 71367  1  
 3078  2  79530 79610  1  
 3079  2  1511 1560  1  
 3080  2  85309 85301  1  
 3081  2  1124 1166  1  
 3082  2  80052 80115  1  
 3083  2  51087 51250  1  
 3084  2  85202 85189  1  
 3085  2  15676 15551  1  
 3086  2  84971 84951  1  
 3087  2  53320 53470  1  
 3088  2  637 673  1  
 3089  2  79273 79344  1  
 3090  2  14556 14407  1  
 3091  2  72726 72625  1  
 3092  2  78709 78784  1  
 3093  2  947 991  1  
 3094  2  85115 85090  1  
 3095  2  15115 14963  1  
 3096  2  73127 73036  1  
 3097  2  53945 54105  1  
 3098  2  784 822  1  
 3099  2  85176 85161  1  
 3100  2  13979 13854  1  
 3101  2  72317 72212  1  
 3102  2  78994 79068  1  
 3103  2  52684 52828  1  
 3104  2  85046 85029  1  
 3105  2  15396 15257  1  
 3106  2  73333 73233  1  
 3107  2  53631 53793  1  
 3108  2  708 743  1  
 3109  2  79411 79476  1  
 3110  2  14263 14131  1  
 3111  2  72526 72425  1  
 3112  2  78856 78923  1  
 3113  2  52369 52511  1  
 3114  2  85074 85061  1  
 3115  2  14837 14686  1  
 3116  2  72929 72823  1  
 3117  2  54242 54421  1  
 3118  2  862 904  1  
 3119  2  85150 85133  1  
 3120  2  567 601  1  
 3121  2  79136 79206  1  
 3122  2  53006 53153  1  
 3123  2  85012 84990  1  
 3124  2  15551 15396  1  
 3125  2  73432 73333  1  
 3126  2  53470 53631  1  
 3127  2  673 708  1  
 3128  2  79344 79411  1  
 3129  2  14407 14263  1  
 3130  2  72625 72526  1  
 3131  2  78784 78856  1  
 3132  2  991 1032  1  
 3133  2  85090 85074  1  
 3134  2  14963 14837  1  
 3135  2  73036 72929  1  
 3136  2  54105 54242  1  
 3137  2  822 862  1  
 3138  2  85161 85150  1  
 3139  2  535 567  1  
 3140  2  72212 72113  1  
 3141  2  79068 79136  1  
 3142  2  52828 53006  1  
 3143  2  85029 85012  1  
 3144  2  15257 15115  1  
 3145  2  73233 73127  1  
 3146  2  53793 53945  1  
 3147  2  743 784  1  
 3148  2  79476 79530  1  
 3149  2  14131 13979  1  
 3150  2  72425 72317  1  
 3151  2  78923 78994  1  
 3152  2  52511 52684  1  
 3153  2  85061 85046  1  
 3154  2  14686 14556  1  
 3155  2  72823 72726  1  
 3156  2  78637 78709  1  
 3157  2  904 947  1  
 3158  2  85133 85115  1  
 3159  2  601 637  1  
 3160  2  79206 79273  1  
 3161  2  53153 53320  1  
 3162  2  84990 84971  1  
 3163  2  13854 13709  1  
 3164  2  84951 84935  1  
 3165  2  54421 54560  1  
 3166  2  136 154  1  
 3167  2  74985 74884  1  
 3168  2  77414 77500  1  
 3169  2  12754 12605  1  
 3170  2  84794 84773  1  
 3171  2  55659 55816  1  
 3172  2  304 328  1  
 3173  2  74217 74120  1  
 3174  2  78046 78121  1  
 3175  2  13286 13168  1  
 3176  2  84876 84858  1  
 3177  2  55044 55196  1  
 3178  2  214 236  1  
 3179  2  74593 74501  1  
 3180  2  77738 77816  1  
 3181  2  12221 12083  1  
 3182  2  84710 84688  1  
 3183  2  56273 56439  1  
 3184  2  412 440  1  
 3185  2  73826 73722  1  
 3186  2  78345 78418  1  
 3187  2  13573 13433  1  
 3188  2  84914 84895  1  
 3189  2  54738 54879  1  
 3190  2  173 194  1  
 3191  2  74789 74700  1  
 3192  2  77570 77651  1  
 3193  2  12485 12341  1  
 3194  2  84754 84732  1  
 3195  2  55962 56136  1  
 3196  2  356 385  1  
 3197  2  74026 73926  1  
 3198  2  78186 78277  1  
 3199  2  13021 12892  1  
 3200  2  84840 84811  1  
 3201  2  55356 55510  1  
 3202  2  259 282  1  
 3203  2  74416 74311  1  
 3204  2  77881 77969  1  
 3205  2  11944 11819  1  
 3206  2  84664 84643  1  
 3207  2  56583 56751  1  
 3208  2  470 503  1  
 3209  2  73629 73535  1  
 3210  2  78494 78572  1  
 3211  2  13709 13573  1  
 3212  2  84935 84914  1  
 3213  2  54560 54738  1  
 3214  2  154 173  1  
 3215  2  74884 74789  1  
 3216  2  77500 77570  1  
 3217  2  12605 12485  1  
 3218  2  84773 84754  1  
 3219  2  55816 55962  1  
 3220  2  328 356  1  
 3221  2  74120 74026  1  
 3222  2  78121 78186  1  
 3223  2  13168 13021  1  
 3224  2  84858 84840  1  
 3225  2  55196 55356  1  
 3226  2  236 259  1  
 3227  2  74501 74416  1  
 3228  2  77816 77881  1  
 3229  2  12083 11944  1  
 3230  2  84688 84664  1  
 3231  2  56439 56583  1  
 3232  2  440 470  1  
 3233  2  73722 73629  1  
 3234  2  78418 78494  1  
 3235  2  13433 13286  1  
 3236  2  84895 84876  1  
 3237  2  54879 55044  1  
 3238  2  194 214  1  
 3239  2  74700 74593  1  
 3240  2  77651 77738  1  
 3241  2  12341 12221  1  
 3242  2  84732 84710  1  
 3243  2  56136 56273  1  
 3244  2  385 412  1  
 3245  2  73926 73826  1  
 3246  2  78277 78345  1  
 3247  2  12892 12754  1  
 3248  2  84811 84794  1  
 3249  2  55510 55659  1  
 3250  2  282 304  1  
 3251  2  74311 74217  1  
 3252  2  77969 78046  1  
 3253  2  11819 11681  1  
 3254  2  84643 84613  1  
 3255  2  56751 56902  1  
 3256  2  503 535  1  
 3257  2  73535 73432  1  
 3258  2  78572 78637  1  
 3259  2  11681 11556  1  
 3260  2  76760 76836  1  
 3261  2  76 88  1  
 3262  2  76076 75969  1  
 3263  2  9635 9512  1  
 3264  2  84421 84399  1  
 3265  2  58721 58882  1  
 3266  2  10632 10516  1  
 3267  2  84613 84597  1  
 3268  2  57516 57654  1  
 3269  2  75347 75262  1  
 3270  2  8 13  1  
 3271  2  84207 84176  1  
 3272  2  76075 76164  1  
 3273  2  11161 11019  1  
 3274  2  77089 77175  1  
 3275  2  56902 57052  1  
 3276  2  75708 75623  1  
 3277  2  9 3  1  
 3278  2  84314 84292  1  
 3279  2  59320 59481  1  
 3280  2  10133 10002  1  
 3281  2  84518 84492  1  
 3282  2  58128 58268  1  
 3283  2  35 43  1  
 3284  2  76424 76329  1  
 3285  2  76423 76507  1  
 3286  2  11421 11282  1  
 3287  2  76924 77014  1  
 3288  2  105 121  1  
 3289  2  75898 75801  1  
 3290  2  20 14  1  
 3291  2  84370 84339  1  
 3292  2  59013 59175  1  
 3293  2  10380 10260  1  
 3294  2  84570 84547  1  
 3295  2  57819 57962  1  
 3296  2  75153 75069  1  
 3297  2  19 27  1  
 3298  2  76584 76508  1  
 3299  2  76240 76328  1  
 3300  2  10900 10771  1  
 3301  2  77252 77339  1  
 3302  2  57204 57350  1  
 3303  2  75542 75438  1  
 3304  2  1 2  1  
 3305  2  84261 84234  1  
 3306  2  75896 75968  1  
 3307  2  9886 9755  1  
 3308  2  84473 84442  1  
 3309  2  58428 58577  1  
 3310  2  54 65  1  
 3311  2  76241 76165  1  
 3312  2  76583 76680  1  
 3313  2  11556 11421  1  
 3314  2  76836 76924  1  
 3315  2  88 105  1  
 3316  2  75969 75898  1  
 3317  2  9512 9385  1  
 3318  2  84399 84370  1  
 3319  2  58882 59013  1  
 3320  2  10516 10380  1  
 3321  2  84597 84570  1  
 3322  2  57654 57819  1  
 3323  2  75262 75153  1  
 3324  2  13 19  1  
 3325  2  84176 84142  1  
 3326  2  76164 76240  1  
 3327  2  11019 10900  1  
 3328  2  77175 77252  1  
 3329  2  57052 57204  1  
 3330  2  75623 75542  1  
 3331  2  3 1  1  
 3332  2  84292 84261  1  
 3333  2  59481 59620  1  
 3334  2  10002 9886  1  
 3335  2  84492 84473  1  
 3336  2  58268 58428  1  
 3337  2  43 54  1  
 3338  2  76329 76241  1  
 3339  2  76507 76583  1  
 3340  2  11282 11161  1  
 3341  2  77014 77089  1  
 3342  2  121 136  1  
 3343  2  75801 75708  1  
 3344  2  14 9  1  
 3345  2  84339 84314  1  
 3346  2  59175 59320  1  
 3347  2  10260 10133  1  
 3348  2  84547 84518  1  
 3349  2  57962 58128  1  
 3350  2  75069 74985  1  
 3351  2  27 35  1  
 3352  2  76508 76424  1  
 3353  2  76328 76423  1  
 3354  2  10771 10632  1  
 3355  2  77339 77414  1  
 3356  2  57350 57516  1  
 3357  2  75438 75347  1  
 3358  2  2 8  1  
 3359  2  84234 84207  1  
 3360  2  75968 76075  1  
 3361  2  9755 9635  1  
 3362  2  84442 84421  1  
 3363  2  58577 58721  1  
 3364  2  65 76  1  
 3365  2  76165 76076  1  
 3366  2  76680 76760  1  
 3367  2  9385 9273  1  
 3368  2  61373 61533  1  
 3369  2  83340 83303  1  
 3370  2  363 337  1  
 3371  2  75152 75255  1  
 3372  2  7508 7394  1  
 3373  2  73594 73695  1  
 3374  2  77580 77511  1  
 3375  2  55 45  1  
 3376  2  83901 83874  1  
 3377  2  8422 8309  1  
 3378  2  62535 62659  1  
 3379  2  78218 78140  1  
 3380  2  177 157  1  
 3381  2  84142 84114  1  
 3382  2  6625 6517  1  
 3383  2  74392 74489  1  
 3384  2  76930 76842  1  
 3385  2  60221 60354  1  
 3386  2  83630 83600  1  
 3387  2  8902 8776  1  
 3388  2  61957 62093  1  
 3389  2  78525 78445  1  
 3390  2  262 240  1  
 3391  2  75536 75621  1  
 3392  2  7055 6947  1  
 3393  2  73993 74104  1  
 3394  2  77253 77181  1  
 3395  2  59620 59771  1  
 3396  2  83772 83735  1  
 3397  2  7960 7837  1  
 3398  2  63082 63231  1  
 3399  2  77899 77831  1  
 3400  2  106 92  1  
 3401  2  84026 84000  1  
 3402  2  483 453  1  
 3403  2  74782 74868  1  
 3404  2  60809 60943  1  
 3405  2  83490 83458  1  
 3406  2  9141 9028  1  
 3407  2  61667 61817  1  
 3408  2  78667 78593  1  
 3409  2  313 285  1  
 3410  2  75338 75434  1  
 3411  2  7275 7173  1  
 3412  2  73798 73903  1  
 3413  2  77421 77346  1  
 3414  2  36 28  1  
 3415  2  83835 83811  1  
 3416  2  8187 8078  1  
 3417  2  62814 62954  1  
 3418  2  78067 77988  1  
 3419  2  139 123  1  
 3420  2  84089 84056  1  
 3421  2  549 515  1  
 3422  2  74585 74683  1  
 3423  2  76763 76681  1  
 3424  2  60518 60653  1  
 3425  2  83563 83528  1  
 3426  2  8665 8540  1  
 3427  2  62246 62373  1  
 3428  2  78369 78294  1  
 3429  2  215 197  1  
 3430  2  75707 75800  1  
 3431  2  6838 6724  1  
 3432  2  74197 74284  1  
 3433  2  77095 77019  1  
 3434  2  59921 60054  1  
 3435  2  83702 83670  1  
 3436  2  7734 7615  1  
 3437  2  73386 73488  1  
 3438  2  77752 77660  1  
 3439  2  78 66  1  
 3440  2  83965 83932  1  
 3441  2  422 390  1  
 3442  2  74976 75062  1  
 3443  2  61086 61246  1  
 3444  2  83413 83378  1  
 3445  2  9273 9141  1  
 3446  2  61533 61667  1  
 3447  2  83303 83262  1  
 3448  2  337 313  1  
 3449  2  75255 75338  1  
 3450  2  7394 7275  1  
 3451  2  73695 73798  1  
 3452  2  77511 77421  1  
 3453  2  45 36  1  
 3454  2  83874 83835  1  
 3455  2  8309 8187  1  
 3456  2  62659 62814  1  
 3457  2  78140 78067  1  
 3458  2  157 139  1  
 3459  2  84114 84089  1  
 3460  2  6517 6401  1  
 3461  2  74489 74585  1  
 3462  2  76842 76763  1  
 3463  2  60354 60518  1  
 3464  2  83600 83563  1  
 3465  2  8776 8665  1  
 3466  2  62093 62246  1  
 3467  2  78445 78369  1  
 3468  2  240 215  1  
 3469  2  75621 75707  1  
 3470  2  6947 6838  1  
 3471  2  74104 74197  1  
 3472  2  77181 77095  1  
 3473  2  59771 59921  1  
 3474  2  83735 83702  1  
 3475  2  7837 7734  1  
 3476  2  63231 63362  1  
 3477  2  77831 77752  1  
 3478  2  92 78  1  
 3479  2  84000 83965  1  
 3480  2  453 422  1  
 3481  2  74868 74976  1  
 3482  2  60943 61086  1  
 3483  2  83458 83413  1  
 3484  2  9028 8902  1  
 3485  2  61817 61957  1  
 3486  2  78593 78525  1  
 3487  2  285 262  1  
 3488  2  75434 75536  1  
 3489  2  7173 7055  1  
 3490  2  73903 73993  1  
 3491  2  77346 77253  1  
 3492  2  28 20  1  
 3493  2  83811 83772  1  
 3494  2  8078 7960  1  
 3495  2  62954 63082  1  
 3496  2  77988 77899  1  
 3497  2  123 106  1  
 3498  2  84056 84026  1  
 3499  2  515 483  1  
 3500  2  74683 74782  1  
 3501  2  76681 76584  1  
 3502  2  60653 60809  1  
 3503  2  83528 83490  1  
 3504  2  8540 8422  1  
 3505  2  62373 62535  1  
 3506  2  78294 78218  1  
 3507  2  197 177  1  
 3508  2  75800 75896  1  
 3509  2  6724 6625  1  
 3510  2  74284 74392  1  
 3511  2  77019 76930  1  
 3512  2  60054 60221  1  
 3513  2  83670 83630  1  
 3514  2  7615 7508  1  
 3515  2  73488 73594  1  
 3516  2  77660 77580  1  
 3517  2  66 55  1  
 3518  2  83932 83901  1  
 3519  2  390 363  1  
 3520  2  75062 75152  1  
 3521  2  61246 61373  1  
 3522  2  83378 83340  1  
 3523  2  6401 6304  1  
 3524  2  69380 69493  1  
 3525  2  1312 1265  1  
 3526  2  82026 81975  1  
 3527  2  3415 3343  1  
 3528  2  72976 73076  1  
 3529  2  65294 65433  1  
 3530  2  80189 80130  1  
 3531  2  4804 4716  1  
 3532  2  71238 71344  1  
 3533  2  617 581  1  
 3534  2  81171 81110  1  
 3535  2  2248 2190  1  
 3536  2  82778 82728  1  
 3537  2  67388 67521  1  
 3538  2  79111 79040  1  
 3539  2  5576 5489  1  
 3540  2  70329 70434  1  
 3541  2  936 893  1  
 3542  2  81605 81554  1  
 3543  2  2805 2736  1  
 3544  2  83104 83061  1  
 3545  2  66346 66488  1  
 3546  2  79664 79597  1  
 3547  2  4080 4002  1  
 3548  2  72129 72228  1  
 3549  2  64201 64335  1  
 3550  2  80700 80631  1  
 3551  2  1754 1695  1  
 3552  2  82414 82362  1  
 3553  2  68404 68515  1  
 3554  2  5992 5879  1  
 3555  2  69846 69980  1  
 3556  2  1120 1072  1  
 3557  2  81822 81768  1  
 3558  2  3110 3032  1  
 3559  2  83262 83230  1  
 3560  2  65832 65949  1  
 3561  2  79932 79870  1  
 3562  2  4442 4346  1  
 3563  2  71681 71802  1  
 3564  2  63648 63794  1  
 3565  2  80926 80873  1  
 3566  2  1997 1931  1  
 3567  2  82590 82554  1  
 3568  2  67888 68025  1  
 3569  2  78823 78747  1  
 3570  2  5191 5086  1  
 3571  2  70777 70904  1  
 3572  2  768 730  1  
 3573  2  81397 81331  1  
 3574  2  2527 2457  1  
 3575  2  82941 82902  1  
 3576  2  66884 66999  1  
 3577  2  79390 79324  1  
 3578  2  3748 3657  1  
 3579  2  72555 72665  1  
 3580  2  64749 64896  1  
 3581  2  80450 80374  1  
 3582  2  1527 1470  1  
 3583  2  82223 82174  1  
 3584  2  68879 69016  1  
 3585  2  6196 6093  1  
 3586  2  69619 69735  1  
 3587  2  1217 1164  1  
 3588  2  81925 81869  1  
 3589  2  3265 3183  1  
 3590  2  73188 73283  1  
 3591  2  65562 65679  1  
 3592  2  80070 79998  1  
 3593  2  4622 4533  1  
 3594  2  71462 71571  1  
 3595  2  63362 63518  1  
 3596  2  81050 80991  1  
 3597  2  2121 2059  1  
 3598  2  82689 82646  1  
 3599  2  67628 67776  1  
 3600  2  78959 78889  1  
 3601  2  5383 5289  1  
 3602  2  70557 70675  1  
 3603  2  852 811  1  
 3604  2  81502 81441  1  
 3605  2  2663 2586  1  
 3606  2  83019 82982  1  
 3607  2  66609 66753  1  
 3608  2  79522 79463  1  
 3609  2  3910 3830  1  
 3610  2  72347 72452  1  
 3611  2  64482 64613  1  
 3612  2  80572 80507  1  
 3613  2  1636 1578  1  
 3614  2  82320 82273  1  
 3615  2  68645 68773  1  
 3616  2  5789 5682  1  
 3617  2  70084 70204  1  
 3618  2  1027 982  1  
 3619  2  81713 81662  1  
 3620  2  2962 2887  1  
 3621  2  83186 83149  1  
 3622  2  66093 66225  1  
 3623  2  79798 79735  1  
 3624  2  4261 4173  1  
 3625  2  71907 72017  1  
 3626  2  63933 64060  1  
 3627  2  80810 80752  1  
 3628  2  1873 1813  1  
 3629  2  82508 82463  1  
 3630  2  68148 68255  1  
 3631  2  4998 4903  1  
 3632  2  71013 71123  1  
 3633  2  691 651  1  
 3634  2  81280 81228  1  
 3635  2  2388 2321  1  
 3636  2  82862 82813  1  
 3637  2  67140 67257  1  
 3638  2  79239 79180  1  
 3639  2  3583 3502  1  
 3640  2  72767 72879  1  
 3641  2  65016 65164  1  
 3642  2  80324 80255  1  
 3643  2  1414 1368  1  
 3644  2  82126 82078  1  
 3645  2  69135 69246  1  
 3646  2  6304 6196  1  
 3647  2  69493 69619  1  
 3648  2  1265 1217  1  
 3649  2  81975 81925  1  
 3650  2  3343 3265  1  
 3651  2  73076 73188  1  
 3652  2  65433 65562  1  
 3653  2  80130 80070  1  
 3654  2  4716 4622  1  
 3655  2  71344 71462  1  
 3656  2  581 549  1  
 3657  2  81110 81050  1  
 3658  2  2190 2121  1  
 3659  2  82728 82689  1  
 3660  2  67521 67628  1  
 3661  2  79040 78959  1  
 3662  2  5489 5383  1  
 3663  2  70434 70557  1  
 3664  2  893 852  1  
 3665  2  81554 81502  1  
 3666  2  2736 2663  1  
 3667  2  83061 83019  1  
 3668  2  66488 66609  1  
 3669  2  79597 79522  1  
 3670  2  4002 3910  1  
 3671  2  72228 72347  1  
 3672  2  64335 64482  1  
 3673  2  80631 80572  1  
 3674  2  1695 1636  1  
 3675  2  82362 82320  1  
 3676  2  68515 68645  1  
 3677  2  5879 5789  1  
 3678  2  69980 70084  1  
 3679  2  1072 1027  1  
 3680  2  81768 81713  1  
 3681  2  3032 2962  1  
 3682  2  83230 83186  1  
 3683  2  65949 66093  1  
 3684  2  79870 79798  1  
 3685  2  4346 4261  1  
 3686  2  71802 71907  1  
 3687  2  63794 63933  1  
 3688  2  80873 80810  1  
 3689  2  1931 1873  1  
 3690  2  82554 82508  1  
 3691  2  68025 68148  1  
 3692  2  78747 78667  1  
 3693  2  5086 4998  1  
 3694  2  70904 71013  1  
 3695  2  730 691  1  
 3696  2  81331 81280  1  
 3697  2  2457 2388  1  
 3698  2  82902 82862  1  
 3699  2  66999 67140  1  
 3700  2  79324 79239  1  
 3701  2  3657 3583  1  
 3702  2  72665 72767  1  
 3703  2  64896 65016  1  
 3704  2  80374 80324  1  
 3705  2  1470 1414  1  
 3706  2  82174 82126  1  
 3707  2  69016 69135  1  
 3708  2  6093 5992  1  
 3709  2  69735 69846  1  
 3710  2  1164 1120  1  
 3711  2  81869 81822  1  
 3712  2  3183 3110  1  
 3713  2  73283 73386  1  
 3714  2  65679 65832  1  
 3715  2  79998 79932  1  
 3716  2  4533 4442  1  
 3717  2  71571 71681  1  
 3718  2  63518 63648  1  
 3719  2  80991 80926  1  
 3720  2  2059 1997  1  
 3721  2  82646 82590  1  
 3722  2  67776 67888  1  
 3723  2  78889 78823  1  
 3724  2  5289 5191  1  
 3725  2  70675 70777  1  
 3726  2  811 768  1  
 3727  2  81441 81397  1  
 3728  2  2586 2527  1  
 3729  2  82982 82941  1  
 3730  2  66753 66884  1  
 3731  2  79463 79390  1  
 3732  2  3830 3748  1  
 3733  2  72452 72555  1  
 3734  2  64613 64749  1  
 3735  2  80507 80450  1  
 3736  2  1578 1527  1  
 3737  2  82273 82223  1  
 3738  2  68773 68879  1  
 3739  2  5682 5576  1  
 3740  2  70204 70329  1  
 3741  2  982 936  1  
 3742  2  81662 81605  1  
 3743  2  2887 2805  1  
 3744  2  83149 83104  1  
 3745  2  66225 66346  1  
 3746  2  79735 79664  1  
 3747  2  4173 4080  1  
 3748  2  72017 72129  1  
 3749  2  64060 64201  1  
 3750  2  80752 80700  1  
 3751  2  1813 1754  1  
 3752  2  82463 82414  1  
 3753  2  68255 68404  1  
 3754  2  4903 4804  1  
 3755  2  71123 71238  1  
 3756  2  651 617  1  
 3757  2  81228 81171  1  
 3758  2  2321 2248  1  
 3759  2  82813 82778  1  
 3760  2  67257 67388  1  
 3761  2  79180 79111  1  
 3762  2  3502 3415  1  
 3763  2  72879 72976  1  
 3764  2  65164 65294  1  
 3765  2  80255 80189  1  
 3766  2  1368 1312  1  
 3767  2  82078 82026  1  
 3768  2  69246 69380  1  
  END_ON_BOUNDARIES
