MAGNETIC_FLUX
1 9.989915e-01
2 9.994421e-01
3 9.995164e-01
4 9.989546e-01
5 9.998841e-01
6 9.999108e-01
7 9.996235e-01
8 1.000000e+00
9 9.991028e-01
10 1.000000e+00
11 1.000000e+00
12 9.996801e-01
13 9.994738e-01
14 1.000000e+00
15 1.000000e+00
16 1.000000e+00
17 1.000000e+00
18 1.000000e+00
19 1.000000e+00
20 1.000000e+00
21 9.999884e-01
22 1.000000e+00
23 1.000000e+00
24 9.999164e-01
25 1.000000e+00
26 1.000000e+00
27 9.998486e-01
28 1.000000e+00
29 1.000000e+00
30 1.000000e+00
31 1.000000e+00
32 1.000000e+00
33 1.000000e+00
34 9.982334e-01
35 1.000000e+00
36 9.991781e-01
37 1.000000e+00
38 9.986940e-01
39 1.000000e+00
40 1.000000e+00
41 1.000000e+00
42 9.969208e-01
43 9.999056e-01
44 1.000000e+00
45 9.996884e-01
46 9.965620e-01
47 1.000000e+00
48 1.000000e+00
49 9.986032e-01
50 9.974817e-01
51 9.999384e-01
52 9.954532e-01
53 9.991348e-01
54 1.000000e+00
55 9.991667e-01
56 1.000000e+00
57 9.934708e-01
58 9.969917e-01
59 1.000000e+00
60 9.970050e-01
61 1.000000e+00
62 1.000000e+00
63 1.000000e+00
64 1.000000e+00
65 9.998201e-01
66 9.983835e-01
67 1.000000e+00
68 9.907130e-01
69 9.959344e-01
70 1.000000e+00
71 1.000000e+00
72 9.914633e-01
73 1.000000e+00
74 1.000000e+00
75 9.976925e-01
76 1.000000e+00
77 9.980954e-01
78 1.000000e+00
79 9.840644e-01
80 1.000000e+00
81 9.935493e-01
82 1.000000e+00
83 9.894599e-01
84 1.000000e+00
85 9.942852e-01
86 1.000000e+00
87 9.982395e-01
88 9.917479e-01
89 9.984130e-01
90 1.000000e+00
91 1.000000e+00
92 1.000000e+00
93 1.000000e+00
94 1.000000e+00
95 9.787204e-01
96 1.000000e+00
97 9.880246e-01
98 9.773326e-01
99 9.945831e-01
100 1.000000e+00
101 1.000000e+00
102 1.000000e+00
103 1.000000e+00
104 9.983645e-01
105 1.000000e+00
106 9.900124e-01
107 9.983436e-01
108 9.617942e-01
109 9.949225e-01
110 9.856909e-01
111 1.000000e+00
112 1.000000e+00
113 1.000000e+00
114 1.000000e+00
115 9.987551e-01
116 1.000000e+00
117 1.000000e+00
118 1.000000e+00
119 9.941178e-01
120 9.734414e-01
121 1.000000e+00
122 1.000000e+00
123 1.000000e+00
124 9.982041e-01
125 1.000000e+00
126 9.848639e-01
127 9.909121e-01
128 9.637125e-01
129 1.000000e+00
130 1.000000e+00
131 9.981522e-01
132 1.000000e+00
133 9.934964e-01
134 1.000000e+00
135 9.998518e-01
136 1.000000e+00
137 1.000000e+00
138 9.797241e-01
139 1.000000e+00
140 9.913762e-01
141 1.000000e+00
142 9.924273e-01
143 1.000000e+00
144 1.000000e+00
145 9.976202e-01
146 1.000000e+00
147 9.739303e-01
148 9.378218e-01
149 1.000000e+00
150 9.290624e-01
151 9.988440e-01
152 9.540382e-01
153 1.000000e+00
154 9.787290e-01
155 1.000000e+00
156 9.904643e-01
157 1.000000e+00
158 9.914507e-01
159 9.973777e-01
160 1.000000e+00
161 1.000000e+00
162 9.990243e-01
163 1.000000e+00
164 1.000000e+00
165 9.407193e-01
166 1.000000e+00
167 9.915742e-01
168 1.000000e+00
169 9.734253e-01
170 9.970351e-01
171 1.000000e+00
172 1.000000e+00
173 9.911421e-01
174 9.999841e-01
175 1.000000e+00
176 1.000000e+00
177 9.977309e-01
178 9.789481e-01
179 9.908268e-01
180 1.000000e+00
181 9.041337e-01
182 9.973528e-01
183 1.000000e+00
184 8.735242e-01
185 9.899650e-01
186 1.000000e+00
187 1.000000e+00
188 9.523012e-01
189 1.000000e+00
190 9.921323e-01
191 9.755105e-01
192 8.757812e-01
193 9.396515e-01
194 9.752004e-01
195 9.964671e-01
196 9.999916e-01
197 9.986630e-01
198 1.000000e+00
199 1.000000e+00
200 1.000000e+00
201 9.882690e-01
202 1.000000e+00
203 1.000000e+00
204 1.000000e+00
205 9.933896e-01
206 1.000000e+00
207 9.787235e-01
208 9.972388e-01
209 1.000000e+00
210 9.990330e-01
211 1.000000e+00
212 9.863717e-01
213 1.000000e+00
214 1.000000e+00
215 1.000000e+00
216 9.608316e-01
217 9.998976e-01
218 9.925077e-01
219 1.000000e+00
220 1.000000e+00
221 9.802282e-01
222 1.000000e+00
223 9.989740e-01
224 9.785214e-01
225 9.856203e-01
226 9.995583e-01
227 9.941202e-01
228 1.000000e+00
229 9.061518e-01
230 1.000000e+00
231 9.926820e-01
232 9.841052e-01
233 1.000000e+00
234 1.000000e+00
235 1.000000e+00
236 8.606974e-01
237 9.697801e-01
238 1.000000e+00
239 1.000000e+00
240 9.740146e-01
241 9.992956e-01
242 1.000000e+00
243 9.293231e-01
244 9.833597e-01
245 9.382748e-01
246 1.000000e+00
247 1.000000e+00
248 9.898164e-01
249 9.970714e-01
250 1.000000e+00
251 8.303138e-01
252 1.000000e+00
253 1.000000e+00
254 1.000000e+00
255 9.830778e-01
256 9.645982e-01
257 7.621150e-01
258 8.794658e-01
259 9.645092e-01
260 1.000000e+00
261 1.000000e+00
262 1.000000e+00
263 1.000000e+00
264 1.000000e+00
265 9.243637e-01
266 1.000000e+00
267 9.932351e-01
268 1.000000e+00
269 1.000000e+00
270 8.577000e-01
271 1.000000e+00
272 9.855219e-01
273 1.000000e+00
274 1.000000e+00
275 1.000000e+00
276 1.000000e+00
277 9.487624e-01
278 1.000000e+00
279 9.233336e-01
280 1.000000e+00
281 9.963440e-01
282 1.000000e+00
283 1.000000e+00
284 1.000000e+00
285 1.000000e+00
286 1.000000e+00
287 9.828889e-01
288 1.000000e+00
289 9.771436e-01
290 1.000000e+00
291 7.463904e-01
292 1.000000e+00
293 9.975596e-01
294 7.169097e-01
295 1.000000e+00
296 9.953286e-01
297 9.493797e-01
298 8.842814e-01
299 1.000000e+00
300 1.000000e+00
301 1.000000e+00
302 1.000000e+00
303 9.994571e-01
304 9.749695e-01
305 1.000000e+00
306 1.000000e+00
307 1.000000e+00
308 1.000000e+00
309 9.945858e-01
310 9.344792e-01
311 1.000000e+00
312 9.946912e-01
313 1.000000e+00
314 1.000000e+00
315 9.993583e-01
316 7.594934e-01
317 9.720440e-01
318 1.000000e+00
319 8.923807e-01
320 9.928077e-01
321 1.000000e+00
322 1.000000e+00
323 1.000000e+00
324 1.000000e+00
325 9.844974e-01
326 1.000000e+00
327 1.000000e+00
328 9.767252e-01
329 1.000000e+00
330 9.996417e-01
331 9.473624e-01
332 1.000000e+00
333 9.532255e-01
334 9.957714e-01
335 9.957863e-01
336 1.000000e+00
337 8.218451e-01
338 1.000000e+00
339 1.000000e+00
340 8.989963e-01
341 9.995395e-01
342 9.841515e-01
343 1.000000e+00
344 1.000000e+00
345 1.000000e+00
346 1.000000e+00
347 1.000000e+00
348 1.000000e+00
349 9.809792e-01
350 1.000000e+00
351 1.000000e+00
352 1.000000e+00
353 9.501935e-01
354 9.953534e-01
355 1.000000e+00
356 6.385848e-01
357 9.986851e-01
358 9.940096e-01
359 1.000000e+00
360 1.000000e+00
361 1.000000e+00
362 1.000000e+00
363 1.000000e+00
364 9.802740e-01
365 7.138332e-01
366 7.237265e-01
367 1.000000e+00
368 9.036513e-01
369 5.941984e-01
370 9.993030e-01
371 9.922074e-01
372 1.000000e+00
373 9.565610e-01
374 8.343886e-01
375 9.980119e-01
376 1.000000e+00
377 8.133922e-01
378 1.000000e+00
379 1.000000e+00
380 9.774634e-01
381 9.934264e-01
382 1.000000e+00
383 1.000000e+00
384 9.238909e-01
385 9.787250e-01
386 1.000000e+00
387 1.000000e+00
388 9.980799e-01
389 9.895171e-01
390 1.000000e+00
391 1.000000e+00
392 9.523702e-01
393 1.000000e+00
394 9.929297e-01
395 8.699954e-01
396 1.000000e+00
397 1.000000e+00
398 1.000000e+00
399 9.763653e-01
400 1.000000e+00
401 9.904572e-01
402 1.000000e+00
403 1.000000e+00
404 9.856151e-01
405 9.993871e-01
406 1.000000e+00
407 1.000000e+00
408 1.000000e+00
409 9.337386e-01
410 1.000000e+00
411 1.000000e+00
412 9.790289e-01
413 1.000000e+00
414 1.000000e+00
415 1.000000e+00
416 8.759153e-01
417 9.577993e-01
418 8.048162e-01
419 1.000000e+00
420 9.930448e-01
421 1.000000e+00
422 1.000000e+00
423 1.000000e+00
424 4.905646e-01
425 9.970225e-01
426 7.527372e-01
427 9.790788e-01
428 1.000000e+00
429 1.000000e+00
430 5.636499e-01
431 1.000000e+00
432 9.537988e-01
433 9.874214e-01
434 9.975515e-01
435 1.000000e+00
436 1.000000e+00
437 1.000000e+00
438 8.729244e-01
439 6.885187e-01
440 9.779136e-01
441 1.000000e+00
442 1.000000e+00
443 1.000000e+00
444 1.000000e+00
445 9.980434e-01
446 9.902616e-01
447 9.574071e-01
448 1.000000e+00
449 1.000000e+00
450 9.203233e-01
451 1.000000e+00
452 1.000000e+00
453 9.995491e-01
454 7.798380e-01
455 9.760960e-01
456 1.000000e+00
457 1.000000e+00
458 9.890136e-01
459 9.547903e-01
460 1.000000e+00
461 9.750416e-01
462 9.956336e-01
463 1.000000e+00
464 8.551313e-01
465 1.000000e+00
466 1.000000e+00
467 1.000000e+00
468 1.000000e+00
469 1.000000e+00
470 1.000000e+00
471 9.804026e-01
472 9.158059e-01
473 1.000000e+00
474 9.892730e-01
475 9.543835e-01
476 9.253227e-01
477 1.000000e+00
478 7.945110e-01
479 1.000000e+00
480 1.000000e+00
481 9.750585e-01
482 1.000000e+00
483 1.000000e+00
484 1.000000e+00
485 7.848752e-01
486 9.442357e-01
487 9.964716e-01
488 9.943600e-01
489 1.000000e+00
490 1.000000e+00
491 5.304662e-01
492 8.695132e-01
493 1.000000e+00
494 1.000000e+00
495 1.000000e+00
496 1.000000e+00
497 9.741987e-01
498 1.000000e+00
499 1.000000e+00
500 4.014238e-01
501 9.897560e-01
502 1.000000e+00
503 1.000000e+00
504 9.724152e-01
505 9.471486e-01
506 6.162446e-01
507 1.000000e+00
508 7.825491e-01
509 6.555314e-01
510 9.734275e-01
511 9.957155e-01
512 1.000000e+00
513 9.889590e-01
514 9.014512e-01
515 9.514575e-01
516 1.000000e+00
517 1.000000e+00
518 1.000000e+00
519 1.000000e+00
520 1.000000e+00
521 1.000000e+00
522 1.000000e+00
523 9.714860e-01
524 1.000000e+00
525 1.000000e+00
526 1.000000e+00
527 9.405581e-01
528 9.886589e-01
529 3.597995e-01
530 1.000000e+00
531 9.640636e-01
532 9.680245e-01
533 1.000000e+00
534 8.986828e-01
535 8.739924e-01
536 1.000000e+00
537 9.968068e-01
538 1.000000e+00
539 1.000000e+00
540 1.000000e+00
541 1.000000e+00
542 1.000000e+00
543 1.000000e+00
544 9.353093e-01
545 1.000000e+00
546 9.849260e-01
547 1.000000e+00
548 9.650060e-01
549 7.525852e-01
550 9.871968e-01
551 1.000000e+00
552 1.000000e+00
553 1.000000e+00
554 1.000000e+00
555 1.000000e+00
556 9.487874e-01
557 1.000000e+00
558 1.000000e+00
559 1.000000e+00
560 1.000000e+00
561 8.682037e-01
562 1.000000e+00
563 1.000000e+00
564 1.000000e+00
565 1.000000e+00
566 5.826103e-01
567 9.651176e-01
568 1.000000e+00
569 9.884259e-01
570 1.000000e+00
571 1.000000e+00
572 1.000000e+00
573 1.000000e+00
574 1.000000e+00
575 1.000000e+00
576 1.000000e+00
577 9.882669e-01
578 7.237664e-01
579 1.000000e+00
580 1.000000e+00
581 1.000000e+00
582 9.324953e-01
583 1.000000e+00
584 1.000000e+00
585 1.000000e+00
586 1.000000e+00
587 9.879965e-01
588 1.000000e+00
589 8.495929e-01
590 9.665677e-01
591 9.243120e-01
592 1.000000e+00
593 1.000000e+00
594 3.879748e-01
595 1.000000e+00
596 1.000000e+00
597 6.684935e-01
598 9.232212e-01
599 9.902532e-01
600 1.000000e+00
601 1.000000e+00
602 1.000000e+00
603 5.467276e-01
604 9.666565e-01
605 1.000000e+00
606 1.000000e+00
607 1.000000e+00
608 1.000000e+00
609 8.327442e-01
610 7.075492e-01
611 9.876980e-01
612 1.000000e+00
613 1.000000e+00
614 1.000000e+00
615 4.320220e-01
616 1.000000e+00
617 1.000000e+00
618 8.484523e-01
619 1.000000e+00
620 1.000000e+00
621 1.000000e+00
622 9.653332e-01
623 1.000000e+00
624 1.000000e+00
625 1.000000e+00
626 1.000000e+00
627 9.949924e-01
628 9.367649e-01
629 1.000000e+00
630 9.855565e-01
631 1.000000e+00
632 9.068514e-01
633 1.000000e+00
634 1.000000e+00
635 1.000000e+00
636 1.000000e+00
637 1.930166e-01
638 9.617696e-01
639 1.000000e+00
640 8.318268e-01
641 1.000000e+00
642 1.000000e+00
643 3.404713e-01
644 1.000000e+00
645 9.927135e-01
646 5.415310e-01
647 1.000000e+00
648 1.000000e+00
649 9.852397e-01
650 9.088126e-01
651 8.034030e-01
652 1.000000e+00
653 1.000000e+00
654 1.000000e+00
655 7.156108e-01
656 9.566680e-01
657 1.000000e+00
658 9.123993e-01
659 1.000000e+00
660 1.000000e+00
661 1.000000e+00
662 1.000000e+00
663 1.000000e+00
664 8.204368e-01
665 1.000000e+00
666 9.882493e-01
667 1.000000e+00
668 8.977560e-01
669 6.522667e-01
670 1.000000e+00
671 1.000000e+00
672 1.000000e+00
673 9.833210e-01
674 1.000000e+00
675 1.000000e+00
676 1.000000e+00
677 1.000000e+00
678 9.374739e-01
679 1.000000e+00
680 1.000000e+00
681 1.000000e+00
682 1.000000e+00
683 9.987343e-01
684 9.896526e-01
685 1.000000e+00
686 9.743384e-01
687 9.145666e-01
688 1.000000e+00
689 8.549729e-01
690 1.000000e+00
691 1.000000e+00
692 1.000000e+00
693 1.000000e+00
694 1.000000e+00
695 2.229851e-01
696 9.369783e-01
697 1.000000e+00
698 1.000000e+00
699 7.419799e-01
700 1.000000e+00
701 1.000000e+00
702 9.904294e-01
703 8.737027e-01
704 4.791309e-01
705 1.000000e+00
706 1.000000e+00
707 1.000000e+00
708 8.159598e-01
709 9.846490e-01
710 1.000000e+00
711 1.000000e+00
712 9.563439e-01
713 1.000000e+00
714 9.992850e-01
715 1.000000e+00
716 1.000000e+00
717 3.475033e-01
718 1.000000e+00
719 5.787032e-01
720 1.000000e+00
721 9.993177e-01
722 1.269071e-01
723 8.837565e-01
724 1.000000e+00
725 1.000000e+00
726 1.000000e+00
727 1.000000e+00
728 9.984725e-01
729 1.000000e+00
730 8.151493e-02
731 9.677180e-01
732 1.000000e+00
733 1.000000e+00
734 6.965547e-01
735 7.516737e-01
736 1.000000e+00
737 9.976420e-01
738 1.000000e+00
739 8.959875e-01
740 1.000000e+00
741 9.327210e-01
742 1.000000e+00
743 1.000000e+00
744 1.000000e+00
745 1.000000e+00
746 1.000000e+00
747 9.966866e-01
748 1.000000e+00
749 9.644736e-01
750 1.000000e+00
751 1.000000e+00
752 8.527574e-01
753 1.000000e+00
754 1.000000e+00
755 1.000000e+00
756 1.000000e+00
757 9.828862e-01
758 9.284031e-01
759 9.800733e-01
760 1.000000e+00
761 1.000000e+00
762 9.995081e-01
763 8.559174e-01
764 9.639570e-01
765 1.000000e+00
766 9.468723e-01
767 9.982804e-01
768 1.000000e+00
769 1.000000e+00
770 1.000000e+00
771 1.000000e+00
772 9.857370e-01
773 1.000000e+00
774 1.000000e+00
775 9.336804e-01
776 1.000000e+00
777 7.248834e-01
778 1.000000e+00
779 9.675070e-01
780 1.000000e+00
781 9.993078e-01
782 8.550780e-01
783 5.258207e-01
784 1.000000e+00
785 1.000000e+00
786 1.000000e+00
787 9.907537e-01
788 6.310792e-01
789 1.000000e+00
790 1.000000e+00
791 9.990447e-01
792 1.000000e+00
793 9.723370e-01
794 9.905917e-01
795 9.389296e-01
796 1.000000e+00
797 1.000000e+00
798 9.985025e-01
799 1.000000e+00
800 1.000000e+00
801 1.000000e+00
802 1.000000e+00
803 1.000000e+00
804 1.000000e+00
805 1.000000e+00
806 1.000000e+00
807 6.780304e-01
808 1.000000e+00
809 1.000000e+00
810 8.564866e-01
811 9.743023e-01
812 1.000000e+00
813 9.870021e-01
814 1.000000e+00
815 9.983022e-01
816 1.000000e+00
817 3.001916e-01
818 1.000000e+00
819 5.178762e-02
820 8.138405e-01
821 1.000000e+00
822 1.000000e+00
823 1.000000e+00
824 9.933727e-01
825 1.000000e+00
826 1.000000e+00
827 9.356376e-01
828 1.000000e+00
829 9.488985e-01
830 1.000000e+00
831 1.000000e+00
832 1.000000e+00
833 8.503577e-01
834 9.982370e-01
835 9.754386e-01
836 1.000000e+00
837 1.000000e+00
838 1.000000e+00
839 1.000000e+00
840 9.962871e-01
841 1.000000e+00
842 9.307780e-01
843 1.000000e+00
844 1.000000e+00
845 5.074926e-01
846 1.000000e+00
847 1.000000e+00
848 3.661469e-01
849 7.285965e-01
850 1.000000e+00
851 1.000000e+00
852 9.750128e-01
853 1.000000e+00
854 8.455030e-01
855 9.930555e-01
856 1.000000e+00
857 7.389951e-01
858 1.000000e+00
859 1.000000e+00
860 1.000000e+00
861 1.000000e+00
862 9.262168e-01
863 9.733878e-01
864 1.000000e+00
865 1.000000e+00
866 1.000000e+00
867 1.000000e+00
868 9.709287e-01
869 1.000000e+00
870 9.943056e-01
871 8.904814e-01
872 1.000000e+00
873 9.997841e-01
874 8.447512e-01
875 1.000000e+00
876 1.000000e+00
877 1.000000e+00
878 6.778104e-01
879 1.000000e+00
880 9.766612e-01
881 1.000000e+00
882 1.000000e+00
883 1.000000e+00
884 9.950433e-01
885 9.132158e-01
886 1.000000e+00
887 9.994771e-01
888 1.000000e+00
889 1.000000e+00
890 1.000000e+00
891 1.000000e+00
892 6.330727e-01
893 1.000000e+00
894 9.793179e-01
895 1.000000e+00
896 8.115129e-01
897 1.000000e+00
898 1.000000e+00
899 1.000000e+00
900 9.815726e-01
901 1.000000e+00
902 1.000000e+00
903 1.000000e+00
904 1.000000e+00
905 1.000000e+00
906 9.249550e-01
907 1.000000e+00
908 4.511423e-01
909 1.567332e-01
910 1.000000e+00
911 9.802501e-01
912 9.146188e-01
913 1.000000e+00
914 1.000000e+00
915 1.000000e+00
916 1.000000e+00
917 1.000000e+00
918 1.000000e+00
919 1.000000e+00
920 1.000000e+00
921 1.000000e+00
922 2.315320e-01
923 1.000000e+00
924 8.256201e-01
925 9.320377e-01
926 1.000000e+00
927 7.684117e-01
928 1.000000e+00
929 1.000000e+00
930 1.000000e+00
931 1.000000e+00
932 9.778750e-01
933 9.945697e-01
934 1.000000e+00
935 1.000000e+00
936 5.246015e-01
937 1.000000e+00
938 1.000000e+00
939 1.000000e+00
940 9.556065e-01
941 1.837559e-02
942 1.000000e+00
943 8.992971e-01
944 7.552803e-01
945 9.712722e-01
946 1.000000e+00
947 1.000000e+00
948 9.953879e-01
949 1.000000e+00
950 1.000000e+00
951 1.000000e+00
952 1.000000e+00
953 1.000000e+00
954 1.000000e+00
955 9.225144e-01
956 1.000000e+00
957 9.957873e-01
958 1.000000e+00
959 1.000000e+00
960 1.000000e+00
961 1.000000e+00
962 1.000000e+00
963 9.709958e-01
964 9.873104e-01
965 1.000000e+00
966 1.000000e+00
967 1.000000e+00
968 1.000000e+00
969 9.210021e-01
970 9.968089e-01
971 1.000000e+00
972 1.000000e+00
973 1.000000e+00
974 1.000000e+00
975 1.000000e+00
976 1.000000e+00
977 8.118383e-01
978 9.702795e-01
979 1.000000e+00
980 1.000000e+00
981 1.000000e+00
982 9.998967e-01
983 1.000000e+00
984 1.000000e+00
985 6.147761e-01
986 1.000000e+00
987 4.600662e-01
988 1.000000e+00
989 1.000000e+00
990 1.000000e+00
991 9.201943e-01
992 9.976617e-01
993 1.000000e+00
994 9.868584e-01
995 1.000000e+00
996 9.439492e-01
997 1.000000e+00
998 1.000000e+00
999 1.000000e+00
1000 3.841529e-01
1001 6.947339e-01
1002 9.994382e-01
1003 1.000000e+00
1004 1.000000e+00
1005 9.698615e-01
1006 2.315414e-01
1007 1.000000e+00
1008 1.000000e+00
1009 1.000000e+00
1010 1.000000e+00
1011 9.441953e-01
1012 1.000000e+00
1013 9.898264e-01
1014 1.000000e+00
1015 1.000000e+00
1016 8.602102e-01
1017 1.000000e+00
1018 8.888775e-01
1019 1.000000e+00
1020 1.000000e+00
1021 1.000000e+00
1022 9.940302e-01
1023 1.000000e+00
1024 1.000000e+00
1025 1.000000e+00
1026 9.726082e-01
1027 9.611402e-01
1028 1.000000e+00
1029 1.000000e+00
1030 7.745319e-01
1031 9.483123e-01
1032 9.913862e-01
1033 1.000000e+00
1034 1.000000e+00
1035 1.000000e+00
1036 1.000000e+00
1037 1.000000e+00
1038 5.897592e-01
1039 1.000000e+00
1040 9.750219e-01
1041 8.942789e-01
1042 1.000000e+00
1043 1.000000e+00
1044 1.000000e+00
1045 1.000000e+00
1046 8.522507e-01
1047 9.984922e-01
1048 1.000000e+00
1049 1.000000e+00
1050 1.000000e+00
1051 9.543604e-01
1052 1.000000e+00
1053 1.000000e+00
1054 9.946805e-01
1055 9.613252e-01
1056 1.000000e+00
1057 6.884112e-01
1058 1.000000e+00
1059 1.000000e+00
1060 1.000000e+00
1061 1.000000e+00
1062 8.690932e-01
1063 1.000000e+00
1064 1.000000e+00
1065 9.973612e-01
1066 9.807378e-01
1067 1.000000e+00
1068 1.000000e+00
1069 1.000000e+00
1070 7.326043e-01
1071 1.000000e+00
1072 9.525825e-01
1073 1.000000e+00
1074 1.000000e+00
1075 9.987998e-01
1076 1.000000e+00
1077 1.000000e+00
1078 9.808043e-01
1079 5.438444e-01
1080 9.934000e-01
1081 1.000000e+00
1082 1.000000e+00
1083 9.626449e-01
1084 1.000000e+00
1085 1.000000e+00
1086 1.000000e+00
1087 8.949449e-01
1088 1.000000e+00
1089 1.000000e+00
1090 1.000000e+00
1091 1.000000e+00
1092 8.050335e-01
1093 9.472113e-01
1094 9.788788e-01
1095 1.000000e+00
1096 1.000000e+00
1097 9.963653e-01
1098 1.000000e+00
1099 1.000000e+00
1100 1.000000e+00
1101 1.000000e+00
1102 1.000000e+00
1103 9.950095e-01
1104 5.076816e-01
1105 3.247442e-01
1106 2.101891e-01
1107 1.000000e+00
1108 6.864352e-01
1109 1.000000e+00
1110 1.000000e+00
1111 8.933685e-01
1112 1.000000e+00
1113 1.000000e+00
1114 1.000000e+00
1115 9.821087e-01
1116 1.000000e+00
1117 1.000000e+00
1118 1.000000e+00
1119 1.000000e+00
1120 9.726605e-01
1121 9.573839e-01
1122 9.010015e-01
1123 1.000000e+00
1124 1.000000e+00
1125 8.151719e-01
1126 9.960138e-01
1127 1.000000e+00
1128 1.000000e+00
1129 7.805861e-01
1130 1.000000e+00
1131 1.000000e+00
1132 9.963369e-01
1133 9.840088e-01
1134 1.000000e+00
1135 1.000000e+00
1136 9.665254e-01
1137 9.224546e-01
1138 1.000000e+00
1139 1.000000e+00
1140 9.951430e-01
1141 1.000000e+00
1142 1.000000e+00
1143 1.000000e+00
1144 1.000000e+00
1145 9.967515e-01
1146 9.845327e-01
1147 1.000000e+00
1148 1.000000e+00
1149 1.000000e+00
1150 9.616693e-01
1151 1.000000e+00
1152 1.000000e+00
1153 9.948298e-01
1154 1.000000e+00
1155 7.609229e-01
1156 1.000000e+00
1157 1.000000e+00
1158 9.771292e-01
1159 9.818580e-01
1160 1.000000e+00
1161 1.000000e+00
1162 1.000000e+00
1163 1.000000e+00
1164 1.000000e+00
1165 8.749747e-01
1166 6.367403e-01
1167 9.485943e-01
1168 1.000000e+00
1169 3.901725e-01
1170 1.000000e+00
1171 1.000000e+00
1172 9.963599e-01
1173 9.337684e-01
1174 1.000000e+00
1175 1.000000e+00
1176 1.000000e+00
1177 9.793209e-01
1178 1.000000e+00
1179 1.000000e+00
1180 1.000000e+00
1181 1.000000e+00
1182 1.000000e+00
1183 5.007705e-01
1184 5.997738e-01
1185 9.638660e-01
1186 9.331868e-01
1187 1.000000e+00
1188 1.000000e+00
1189 9.909139e-01
1190 1.000000e+00
1191 1.000000e+00
1192 1.000000e+00
1193 8.820342e-01
1194 1.000000e+00
1195 9.809723e-01
1196 1.000000e+00
1197 7.699119e-01
1198 1.000000e+00
1199 9.996158e-01
1200 9.669848e-01
1201 9.950693e-01
1202 1.000000e+00
1203 9.913405e-01
1204 9.412737e-01
1205 8.023902e-01
1206 9.822326e-01
1207 1.000000e+00
1208 1.000000e+00
1209 1.000000e+00
1210 1.000000e+00
1211 1.000000e+00
1212 1.000000e+00
1213 1.000000e+00
1214 9.704200e-01
1215 1.000000e+00
1216 1.000000e+00
1217 9.930211e-01
1218 1.000000e+00
1219 9.397770e-01
1220 9.835650e-01
1221 1.000000e+00
1222 8.833831e-01
1223 1.000000e+00
1224 1.000000e+00
1225 9.479158e-01
1226 6.689333e-01
1227 1.000000e+00
1228 1.000000e+00
1229 1.000000e+00
1230 1.000000e+00
1231 1.000000e+00
1232 1.000000e+00
1233 1.000000e+00
1234 1.000000e+00
1235 9.956852e-01
1236 1.000000e+00
1237 9.849215e-01
1238 1.000000e+00
1239 9.927579e-01
1240 1.000000e+00
1241 1.000000e+00
1242 1.000000e+00
1243 9.421696e-01
1244 1.000000e+00
1245 1.000000e+00
1246 4.488846e-01
1247 1.000000e+00
1248 9.723452e-01
1249 9.868078e-01
1250 1.000000e+00
1251 1.000000e+00
1252 1.000000e+00
1253 1.000000e+00
1254 9.957931e-01
1255 8.743266e-01
1256 1.000000e+00
1257 1.000000e+00
1258 1.000000e+00
1259 1.000000e+00
1260 1.000000e+00
1261 1.000000e+00
1262 9.890433e-01
1263 9.931756e-01
1264 9.796813e-01
1265 8.218101e-01
1266 9.591288e-01
1267 9.504002e-01
1268 1.000000e+00
1269 1.000000e+00
1270 9.961884e-01
1271 1.000000e+00
1272 5.193121e-01
1273 1.000000e+00
1274 9.901498e-01
1275 1.000000e+00
1276 1.000000e+00
1277 9.803925e-01
1278 1.000000e+00
1279 9.972019e-01
1280 1.000000e+00
1281 1.000000e+00
1282 1.000000e+00
1283 9.475113e-01
1284 1.000000e+00
1285 9.917210e-01
1286 1.000000e+00
1287 1.000000e+00
1288 8.877532e-01
1289 6.735796e-01
1290 9.788709e-01
1291 9.959150e-01
1292 8.105298e-01
1293 1.000000e+00
1294 1.000000e+00
1295 9.925138e-01
1296 1.000000e+00
1297 1.000000e+00
1298 1.000000e+00
1299 1.000000e+00
1300 1.000000e+00
1301 9.711917e-01
1302 9.857581e-01
1303 1.000000e+00
1304 7.325218e-01
1305 1.000000e+00
1306 1.000000e+00
1307 9.394361e-01
1308 1.000000e+00
1309 9.986629e-01
1310 1.000000e+00
1311 1.000000e+00
1312 1.000000e+00
1313 1.000000e+00
1314 9.935167e-01
1315 1.000000e+00
1316 8.887021e-01
1317 9.864368e-01
1318 1.000000e+00
1319 9.970633e-01
1320 1.000000e+00
1321 9.991977e-01
1322 1.000000e+00
1323 9.686497e-01
1324 9.938900e-01
1325 1.000000e+00
1326 1.000000e+00
1327 1.000000e+00
1328 1.000000e+00
1329 9.868478e-01
1330 9.431611e-01
1331 1.000000e+00
1332 9.197347e-01
1333 6.690887e-01
1334 1.000000e+00
1335 8.398852e-01
1336 9.940074e-01
1337 1.000000e+00
1338 1.000000e+00
1339 1.000000e+00
1340 1.000000e+00
1341 1.000000e+00
1342 1.000000e+00
1343 1.000000e+00
1344 9.855178e-01
1345 9.793223e-01
1346 1.000000e+00
1347 1.000000e+00
1348 8.226030e-01
1349 9.951389e-01
1350 1.000000e+00
1351 1.000000e+00
1352 1.000000e+00
1353 1.000000e+00
1354 1.000000e+00
1355 1.000000e+00
1356 1.000000e+00
1357 1.000000e+00
1358 1.000000e+00
1359 9.157338e-01
1360 9.971874e-01
1361 1.000000e+00
1362 9.877260e-01
1363 9.703995e-01
1364 1.000000e+00
1365 7.942079e-01
1366 1.000000e+00
1367 1.000000e+00
1368 1.000000e+00
1369 1.000000e+00
1370 9.990681e-01
1371 9.918858e-01
1372 1.000000e+00
1373 1.000000e+00
1374 6.541599e-01
1375 1.000000e+00
1376 1.000000e+00
1377 1.000000e+00
1378 1.000000e+00
1379 1.000000e+00
1380 1.000000e+00
1381 9.906828e-01
1382 9.720067e-01
1383 1.000000e+00
1384 7.494605e-01
1385 1.000000e+00
1386 9.907062e-01
1387 1.000000e+00
1388 1.000000e+00
1389 1.000000e+00
1390 1.000000e+00
1391 8.914217e-01
1392 1.000000e+00
1393 1.000000e+00
1394 1.000000e+00
1395 1.000000e+00
1396 9.933677e-01
1397 7.179375e-01
1398 1.000000e+00
1399 7.817097e-01
1400 1.000000e+00
1401 1.000000e+00
1402 1.000000e+00
1403 9.898474e-01
1404 9.615087e-01
1405 1.000000e+00
1406 9.708573e-01
1407 1.000000e+00
1408 1.000000e+00
1409 1.000000e+00
1410 1.000000e+00
1411 1.000000e+00
1412 1.000000e+00
1413 1.000000e+00
1414 8.566988e-01
1415 1.000000e+00
1416 9.910846e-01
1417 1.000000e+00
1418 1.000000e+00
1419 7.144051e-01
1420 1.000000e+00
1421 1.000000e+00
1422 1.000000e+00
1423 1.000000e+00
1424 1.000000e+00
1425 1.000000e+00
1426 1.000000e+00
1427 1.000000e+00
1428 8.712004e-01
1429 1.000000e+00
1430 1.000000e+00
1431 1.000000e+00
1432 9.574086e-01
1433 1.000000e+00
1434 1.000000e+00
1435 9.935367e-01
1436 1.000000e+00
1437 1.000000e+00
1438 9.575480e-01
1439 1.000000e+00
1440 1.000000e+00
1441 1.000000e+00
1442 8.028876e-01
1443 1.000000e+00
1444 1.000000e+00
1445 1.000000e+00
1446 9.307020e-01
1447 1.000000e+00
1448 1.000000e+00
1449 7.673765e-01
1450 9.922929e-01
1451 1.000000e+00
1452 1.000000e+00
1453 1.000000e+00
1454 1.000000e+00
1455 9.993574e-01
1456 1.000000e+00
1457 1.000000e+00
1458 8.777046e-01
1459 1.000000e+00
1460 1.000000e+00
1461 9.748427e-01
1462 9.010003e-01
1463 1.000000e+00
1464 1.000000e+00
1465 1.000000e+00
1466 9.962875e-01
1467 8.714355e-01
1468 1.000000e+00
1469 1.000000e+00
1470 9.331491e-01
1471 1.000000e+00
1472 1.000000e+00
1473 1.000000e+00
1474 9.607169e-01
1475 1.000000e+00
1476 9.695231e-01
1477 9.967352e-01
1478 1.000000e+00
1479 1.000000e+00
1480 1.000000e+00
1481 1.000000e+00
1482 1.000000e+00
1483 1.000000e+00
1484 1.000000e+00
1485 1.000000e+00
1486 9.995990e-01
1487 1.000000e+00
1488 8.506284e-01
1489 1.000000e+00
1490 1.000000e+00
1491 1.000000e+00
1492 1.000000e+00
1493 9.953455e-01
1494 1.000000e+00
1495 1.000000e+00
1496 1.000000e+00
1497 9.961683e-01
1498 1.000000e+00
1499 1.000000e+00
1500 1.000000e+00
1501 1.000000e+00
1502 9.042354e-01
1503 1.000000e+00
1504 1.000000e+00
1505 9.966594e-01
1506 9.806884e-01
1507 1.000000e+00
1508 1.000000e+00
1509 1.000000e+00
1510 1.000000e+00
1511 1.000000e+00
1512 9.785953e-01
1513 1.000000e+00
1514 1.000000e+00
1515 1.000000e+00
1516 1.000000e+00
1517 9.951485e-01
1518 9.626734e-01
1519 1.000000e+00
1520 9.994411e-01
1521 1.000000e+00
1522 9.993676e-01
1523 1.000000e+00
1524 1.000000e+00
1525 1.000000e+00
1526 1.000000e+00
1527 9.708867e-01
1528 8.862449e-01
1529 1.000000e+00
1530 9.431510e-01
1531 9.958431e-01
1532 1.000000e+00
1533 9.858101e-01
1534 9.998856e-01
1535 1.000000e+00
1536 1.000000e+00
1537 1.000000e+00
1538 1.000000e+00
1539 1.000000e+00
1540 1.000000e+00
1541 1.000000e+00
1542 1.000000e+00
1543 1.000000e+00
1544 9.012485e-01
1545 9.993045e-01
1546 1.000000e+00
1547 1.000000e+00
1548 1.000000e+00
1549 1.000000e+00
1550 1.000000e+00
1551 1.000000e+00
1552 1.000000e+00
1553 9.951021e-01
1554 1.000000e+00
1555 1.000000e+00
1556 9.701521e-01
1557 1.000000e+00
1558 9.904749e-01
1559 1.000000e+00
1560 9.563391e-01
1561 9.306734e-01
1562 1.000000e+00
1563 9.997374e-01
1564 1.000000e+00
1565 1.000000e+00
1566 1.000000e+00
1567 9.994452e-01
1568 1.000000e+00
1569 1.000000e+00
1570 9.956688e-01
1571 1.000000e+00
1572 1.000000e+00
1573 1.000000e+00
1574 9.650160e-01
1575 9.910506e-01
1576 1.000000e+00
1577 1.000000e+00
1578 1.000000e+00
1579 9.994385e-01
1580 1.000000e+00
1581 9.648542e-01
1582 9.961619e-01
1583 9.974766e-01
1584 1.000000e+00
1585 1.000000e+00
1586 1.000000e+00
1587 1.000000e+00
1588 1.000000e+00
1589 9.997774e-01
1590 1.000000e+00
1591 9.913422e-01
1592 1.000000e+00
1593 1.000000e+00
1594 1.000000e+00
1595 1.000000e+00
1596 1.000000e+00
1597 1.000000e+00
1598 1.000000e+00
1599 1.000000e+00
1600 1.000000e+00
1601 1.000000e+00
1602 9.854935e-01
1603 1.000000e+00
1604 1.000000e+00
1605 1.000000e+00
1606 1.000000e+00
1607 1.000000e+00
1608 1.000000e+00
1609 1.000000e+00
1610 1.000000e+00
1611 1.000000e+00
1612 1.000000e+00
1613 1.000000e+00
1614 9.837346e-01
1615 9.967921e-01
1616 9.893528e-01
1617 9.736606e-01
1618 1.000000e+00
1619 9.804910e-01
1620 9.982222e-01
1621 1.000000e+00
1622 1.000000e+00
1623 1.000000e+00
1624 1.000000e+00
1625 1.000000e+00
1626 1.000000e+00
1627 9.865947e-01
1628 1.000000e+00
1629 1.000000e+00
1630 1.000000e+00
1631 1.000000e+00
1632 1.000000e+00
1633 1.000000e+00
1634 1.000000e+00
1635 1.000000e+00
1636 1.000000e+00
1637 1.000000e+00
1638 1.000000e+00
1639 1.000000e+00
1640 1.000000e+00
1641 1.000000e+00
1642 1.000000e+00
1643 1.000000e+00
1644 1.000000e+00
1645 1.000000e+00
1646 1.000000e+00
1647 1.000000e+00
1648 1.000000e+00
1649 1.000000e+00
1650 1.000000e+00
1651 1.000000e+00
1652 1.000000e+00
1653 9.983967e-01
1654 1.000000e+00
1655 1.000000e+00
1656 1.000000e+00
1657 1.000000e+00
1658 1.000000e+00
1659 1.000000e+00
1660 1.000000e+00
1661 1.000000e+00
1662 1.000000e+00
1663 1.000000e+00
1664 1.000000e+00
1665 1.000000e+00
1666 9.978117e-01
1667 1.000000e+00
1668 1.000000e+00
1669 1.000000e+00
1670 1.000000e+00
1671 1.000000e+00
1672 1.000000e+00
1673 1.000000e+00
1674 9.997319e-01
1675 1.000000e+00
1676 1.000000e+00
1677 1.000000e+00
1678 1.000000e+00
1679 1.000000e+00
1680 1.000000e+00
1681 9.998723e-01
1682 1.000000e+00
1683 1.000000e+00
1684 1.000000e+00
1685 1.000000e+00
1686 1.000000e+00
1687 1.000000e+00
1688 1.000000e+00
1689 1.000000e+00
1690 1.000000e+00
1691 1.000000e+00
1692 1.000000e+00
1693 1.000000e+00
1694 1.000000e+00
1695 1.000000e+00
1696 1.000000e+00
1697 1.000000e+00
1698 1.000000e+00
1699 1.000000e+00
1700 1.000000e+00
1701 1.000000e+00
1702 1.000000e+00
1703 1.000000e+00
1704 1.000000e+00
1705 1.000000e+00
1706 1.000000e+00
1707 1.000000e+00
1708 1.000000e+00
1709 1.000000e+00
1710 1.000000e+00
1711 1.000000e+00
1712 1.000000e+00
1713 1.000000e+00
1714 1.000000e+00
1715 1.000000e+00
1716 1.000000e+00
1717 1.000000e+00
1718 1.000000e+00
1719 1.000000e+00
1720 1.000000e+00
1721 1.000000e+00
1722 1.000000e+00
1723 1.000000e+00
1724 1.000000e+00
1725 1.000000e+00
1726 1.000000e+00
1727 1.000000e+00
1728 1.000000e+00
1729 1.000000e+00
1730 1.000000e+00
1731 1.000000e+00
1732 1.000000e+00
1733 1.000000e+00
1734 1.000000e+00
1735 1.000000e+00
1736 1.000000e+00
1737 1.000000e+00
1738 1.000000e+00
1739 1.000000e+00
1740 1.000000e+00
1741 1.000000e+00
1742 1.000000e+00
1743 1.000000e+00
1744 1.000000e+00
1745 1.000000e+00
1746 1.000000e+00
1747 1.000000e+00
1748 1.000000e+00
1749 1.000000e+00
1750 1.000000e+00
1751 1.000000e+00
1752 1.000000e+00
1753 1.000000e+00
1754 1.000000e+00
1755 1.000000e+00
1756 1.000000e+00
1757 1.000000e+00
1758 1.000000e+00
1759 1.000000e+00
1760 1.000000e+00
1761 1.000000e+00
1762 1.000000e+00
1763 1.000000e+00
1764 1.000000e+00
1765 1.000000e+00
1766 1.000000e+00
1767 1.000000e+00
1768 1.000000e+00
1769 1.000000e+00
1770 1.000000e+00
1771 1.000000e+00
1772 1.000000e+00
1773 1.000000e+00
1774 1.000000e+00
1775 1.000000e+00
1776 1.000000e+00
1777 1.000000e+00
1778 1.000000e+00
1779 1.000000e+00
1780 1.000000e+00
1781 1.000000e+00
1782 1.000000e+00
1783 1.000000e+00
1784 1.000000e+00
1785 1.000000e+00
1786 1.000000e+00
1787 1.000000e+00
1788 1.000000e+00
1789 1.000000e+00
1790 1.000000e+00
1791 1.000000e+00
1792 1.000000e+00
1793 1.000000e+00
1794 1.000000e+00
1795 1.000000e+00
1796 1.000000e+00
1797 1.000000e+00
1798 1.000000e+00
1799 1.000000e+00
1800 1.000000e+00
1801 1.000000e+00
1802 1.000000e+00
1803 1.000000e+00
1804 1.000000e+00
1805 1.000000e+00
1806 1.000000e+00
1807 1.000000e+00
1808 1.000000e+00
1809 1.000000e+00
1810 1.000000e+00
1811 1.000000e+00
1812 1.000000e+00
1813 1.000000e+00
1814 1.000000e+00
1815 1.000000e+00
1816 1.000000e+00
1817 1.000000e+00
1818 1.000000e+00
1819 1.000000e+00
1820 1.000000e+00
1821 1.000000e+00
1822 1.000000e+00
1823 1.000000e+00
1824 1.000000e+00
1825 1.000000e+00
1826 1.000000e+00
1827 1.000000e+00
1828 1.000000e+00
1829 1.000000e+00
1830 1.000000e+00
1831 1.000000e+00
1832 1.000000e+00
1833 1.000000e+00
1834 1.000000e+00
1835 1.000000e+00
1836 1.000000e+00
1837 1.000000e+00
1838 1.000000e+00
1839 1.000000e+00
1840 1.000000e+00
1841 1.000000e+00
1842 1.000000e+00
1843 1.000000e+00
1844 1.000000e+00
1845 1.000000e+00
1846 1.000000e+00
1847 1.000000e+00
1848 1.000000e+00
1849 1.000000e+00
1850 1.000000e+00
1851 1.000000e+00
1852 1.000000e+00
1853 1.000000e+00
1854 1.000000e+00
END_MAGNETIC_FLUX
