  ON_NODES
   42  2  
   46  2  
   49  2  
   50  2  
   52  2  
   53  2  
   57  2  
   58  2  
   60  2  
   66  2  
   68  2  
   69  2  
   72  2  
   77  2  
   79  2  
   81  2  
   83  2  
   85  2  
   87  2  
   88  2  
   95  2  
   97  2  
   98  2  
   99  2  
   104  2  
   106  2  
   108  2  
   109  2  
   110  2  
   115  2  
   119  2  
   120  2  
   126  2  
   127  2  
   128  2  
   131  2  
   133  2  
   138  2  
   140  2  
   142  2  
   145  2  
   147  2  
   148  2  
   150  2  
   152  2  
   154  2  
   156  2  
   158  2  
   159  2  
   165  2  
   167  2  
   169  2  
   170  2  
   173  2  
   178  2  
   179  2  
   181  2  
   182  2  
   184  2  
   185  2  
   188  2  
   190  2  
   191  2  
   192  2  
   193  2  
   194  2  
   197  2  
   201  2  
   206  2  
   207  2  
   208  2  
   212  2  
   216  2  
   217  2  
   221  2  
   224  2  
   225  2  
   226  2  
   227  2  
   229  2  
   232  2  
   236  2  
   237  2  
   240  2  
   241  2  
   243  2  
   244  2  
   245  2  
   248  2  
   251  2  
   255  2  
   256  2  
   257  2  
   258  2  
   259  2  
   262  2  
   265  2  
   267  2  
   270  2  
   272  2  
   274  2  
   277  2  
   279  2  
   281  2  
   287  2  
   288  2  
   289  2  
   291  2  
   294  2  
   296  2  
   297  2  
   298  2  
   303  2  
   304  2  
   310  2  
   312  2  
   315  2  
   316  2  
   317  2  
   319  2  
   325  2  
   328  2  
   330  2  
   331  2  
   333  2  
   334  2  
   337  2  
   340  2  
   341  2  
   342  2  
   349  2  
   353  2  
   356  2  
   357  2  
   358  2  
   364  2  
   365  2  
   366  2  
   368  2  
   369  2  
   373  2  
   374  2  
   375  2  
   377  2  
   380  2  
   381  2  
   384  2  
   385  2  
   388  2  
   392  2  
   394  2  
   395  2  
   399  2  
   404  2  
   405  2  
   409  2  
   412  2  
   416  2  
   417  2  
   418  2  
   422  2  
   424  2  
   425  2  
   426  2  
   427  2  
   430  2  
   432  2  
   433  2  
   437  2  
   438  2  
   439  2  
   440  2  
   445  2  
   447  2  
   449  2  
   450  2  
   454  2  
   455  2  
   459  2  
   461  2  
   462  2  
   464  2  
   467  2  
   471  2  
   472  2  
   475  2  
   476  2  
   478  2  
   481  2  
   483  2  
   485  2  
   486  2  
   487  2  
   491  2  
   492  2  
   497  2  
   499  2  
   500  2  
   504  2  
   505  2  
   506  2  
   508  2  
   509  2  
   510  2  
   511  2  
   514  2  
   515  2  
   517  2  
   523  2  
   527  2  
   529  2  
   530  2  
   531  2  
   532  2  
   534  2  
   535  2  
   537  2  
   542  2  
   544  2  
   548  2  
   549  2  
   550  2  
   553  2  
   554  2  
   556  2  
   561  2  
   564  2  
   566  2  
   567  2  
   568  2  
   569  2  
   575  2  
   578  2  
   582  2  
   583  2  
   587  2  
   589  2  
   590  2  
   591  2  
   593  2  
   594  2  
   597  2  
   598  2  
   602  2  
   603  2  
   604  2  
   605  2  
   609  2  
   610  2  
   611  2  
   615  2  
   617  2  
   618  2  
   622  2  
   624  2  
   626  2  
   628  2  
   630  2  
   632  2  
   637  2  
   638  2  
   640  2  
   643  2  
   644  2  
   646  2  
   647  2  
   649  2  
   650  2  
   651  2  
   655  2  
   656  2  
   658  2  
   662  2  
   664  2  
   668  2  
   669  2  
   672  2  
   673  2  
   676  2  
   678  2  
   683  2  
   686  2  
   687  2  
   688  2  
   689  2  
   695  2  
   696  2  
   699  2  
   700  2  
   701  2  
   703  2  
   704  2  
   708  2  
   709  2  
   711  2  
   712  2  
   714  2  
   717  2  
   719  2  
   722  2  
   723  2  
   726  2  
   728  2  
   730  2  
   731  2  
   734  2  
   735  2  
   739  2  
   740  2  
   741  2  
   747  2  
   749  2  
   752  2  
   755  2  
   758  2  
   759  2  
   763  2  
   764  2  
   766  2  
   767  2  
   770  2  
   775  2  
   777  2  
   779  2  
   782  2  
   783  2  
   787  2  
   788  2  
   790  2  
   791  2  
   793  2  
   795  2  
   798  2  
   799  2  
   807  2  
   810  2  
   811  2  
   813  2  
   814  2  
   815  2  
   817  2  
   819  2  
   820  2  
   825  2  
   827  2  
   829  2  
   833  2  
   834  2  
   835  2  
   842  2  
   845  2  
   847  2  
   848  2  
   849  2  
   852  2  
   854  2  
   855  2  
   857  2  
   860  2  
   862  2  
   863  2  
   868  2  
   870  2  
   871  2  
   873  2  
   874  2  
   878  2  
   879  2  
   880  2  
   884  2  
   885  2  
   887  2  
   889  2  
   892  2  
   894  2  
   896  2  
   897  2  
   900  2  
   903  2  
   906  2  
   908  2  
   909  2  
   911  2  
   912  2  
   916  2  
   917  2  
   922  2  
   924  2  
   925  2  
   926  2  
   927  2  
   932  2  
   933  2  
   936  2  
   939  2  
   940  2  
   941  2  
   943  2  
   944  2  
   945  2  
   948  2  
   950  2  
   952  2  
   955  2  
   957  2  
   959  2  
   962  2  
   963  2  
   964  2  
   969  2  
   971  2  
   974  2  
   977  2  
   978  2  
   982  2  
   985  2  
   986  2  
   987  2  
   991  2  
   994  2  
   996  2  
   1000  2  
   1001  2  
   1002  2  
   1004  2  
   1005  2  
   1006  2  
   1008  2  
   1010  2  
   1011  2  
   1016  2  
   1018  2  
   1019  2  
   1022  2  
   1025  2  
   1026  2  
   1027  2  
   1030  2  
   1031  2  
   1034  2  
   1037  2  
   1038  2  
   1040  2  
   1041  2  
   1046  2  
   1047  2  
   1049  2  
   1050  2  
   1051  2  
   1055  2  
   1057  2  
   1059  2  
   1062  2  
   1065  2  
   1066  2  
   1067  2  
   1070  2  
   1072  2  
   1074  2  
   1078  2  
   1079  2  
   1080  2  
   1083  2  
   1085  2  
   1086  2  
   1087  2  
   1092  2  
   1093  2  
   1094  2  
   1100  2  
   1101  2  
   1103  2  
   1104  2  
   1105  2  
   1106  2  
   1108  2  
   1111  2  
   1114  2  
   1115  2  
   1120  2  
   1121  2  
   1122  2  
   1125  2  
   1127  2  
   1129  2  
   1132  2  
   1133  2  
   1135  2  
   1136  2  
   1137  2  
   1145  2  
   1146  2  
   1148  2  
   1150  2  
   1151  2  
   1155  2  
   1158  2  
   1159  2  
   1161  2  
   1163  2  
   1165  2  
   1166  2  
   1167  2  
   1169  2  
   1173  2  
   1177  2  
   1179  2  
   1182  2  
   1183  2  
   1184  2  
   1185  2  
   1186  2  
   1193  2  
   1195  2  
   1197  2  
   1198  2  
   1200  2  
   1201  2  
   1204  2  
   1205  2  
   1206  2  
   1208  2  
   1212  2  
   1214  2  
   1219  2  
   1220  2  
   1222  2  
   1224  2  
   1225  2  
   1226  2  
   1232  2  
   1237  2  
   1239  2  
   1242  2  
   1243  2  
   1246  2  
   1248  2  
   1249  2  
   1250  2  
   1255  2  
   1256  2  
   1261  2  
   1262  2  
   1263  2  
   1264  2  
   1265  2  
   1266  2  
   1267  2  
   1269  2  
   1272  2  
   1274  2  
   1276  2  
   1277  2  
   1282  2  
   1283  2  
   1285  2  
   1288  2  
   1289  2  
   1290  2  
   1291  2  
   1292  2  
   1294  2  
   1295  2  
   1297  2  
   1301  2  
   1302  2  
   1304  2  
   1307  2  
   1314  2  
   1315  2  
   1316  2  
   1317  2  
   1319  2  
   1322  2  
   1323  2  
   1324  2  
   1329  2  
   1330  2  
   1332  2  
   1333  2  
   1335  2  
   1336  2  
   1338  2  
   1341  2  
   1344  2  
   1345  2  
   1348  2  
   1349  2  
   1354  2  
   1359  2  
   1360  2  
   1362  2  
   1363  2  
   1365  2  
   1366  2  
   1370  2  
   1371  2  
   1374  2  
   1380  2  
   1381  2  
   1382  2  
   1384  2  
   1386  2  
   1388  2  
   1391  2  
   1394  2  
   1396  2  
   1397  2  
   1399  2  
   1403  2  
   1404  2  
   1405  2  
   1406  2  
   1409  2  
   1414  2  
   1415  2  
   1416  2  
   1417  2  
   1419  2  
   1425  2  
   1428  2  
   1429  2  
   1432  2  
   1435  2  
   1436  2  
   1438  2  
   1442  2  
   1445  2  
   1446  2  
   1448  2  
   1449  2  
   1450  2  
   1451  2  
   1455  2  
   1458  2  
   1461  2  
   1462  2  
   1465  2  
   1466  2  
   1467  2  
   1469  2  
   1470  2  
   1472  2  
   1474  2  
   1476  2  
   1477  2  
   1480  2  
   1484  2  
   1486  2  
   1488  2  
   1490  2  
   1491  2  
   1493  2  
   1497  2  
   1501  2  
   1502  2  
   1503  2  
   1505  2  
   1506  2  
   1509  2  
   1512  2  
   1513  2  
   1514  2  
   1517  2  
   1518  2  
   1520  2  
   1521  2  
   1522  2  
   1524  2  
   1527  2  
   1528  2  
   1529  2  
   1530  2  
   1531  2  
   1533  2  
   1534  2  
   1537  2  
   1538  2  
   1544  2  
   1545  2  
   1547  2  
   1553  2  
   1554  2  
   1555  2  
   1556  2  
   1557  2  
   1558  2  
   1560  2  
   1561  2  
   1563  2  
   1567  2  
   1568  2  
   1570  2  
   1571  2  
   1574  2  
   1575  2  
   1579  2  
   1580  2  
   1581  2  
   1582  2  
   1583  2  
   1587  2  
   1589  2  
   1590  2  
   1591  2  
   1593  2  
   1596  2  
   1597  2  
   1599  2  
   1602  2  
   1603  2  
   1606  2  
   1607  2  
   1610  2  
   1612  2  
   1614  2  
   1615  2  
   1616  2  
   1617  2  
   1618  2  
   1619  2  
   1620  2  
   1622  2  
   1624  2  
   1626  2  
   1627  2  
   1630  2  
   1632  2  
   1633  2  
   1638  2  
   1639  2  
   1642  2  
   1648  2  
   1649  2  
   1650  2  
   1651  2  
   1652  2  
   1653  2  
   1656  2  
   1657  2  
   1658  2  
   1660  2  
   1661  2  
   1662  2  
   1663  2  
   1666  2  
   1667  2  
   1670  2  
   1674  2  
   1676  2  
   1677  2  
   1680  2  
   1681  2  
   1684  2  
   1686  2  
   1687  2  
   1690  2  
   1691  2  
   1694  2  
   1696  2  
   1698  2  
   1699  2  
   1700  2  
   1703  2  
   1705  2  
   1708  2  
   1709  2  
   1711  2  
   1712  2  
   1714  2  
   1715  2  
   1716  2  
   1717  2  
   1718  2  
   1720  2  
   1722  2  
   1725  2  
   1729  2  
   1731  2  
   1734  2  
   1735  2  
   1736  2  
   1737  2  
   1740  2  
   1742  2  
   1743  2  
   1745  2  
   1746  2  
   1748  2  
  END_ON_NODES
  ON_BOUNDARIES, UNKNOWN
 1  2  1 2  1	
 2  2  2 6  1	
 3  2  4 1  1	
 4  2  6 10  1	
 5  2  9 4  1	
 6  2  10 14  1	
 7  2  13 9  1	
 8  2  14 20  1	
 9  2  20 26  1	
 10  2  21 13  1	
 11  2  26 33  1	
 12  2  28 21  1	
 13  2  33 44  1	
 14  2  40 28  1	
 15  2  44 54  1	
 16  2  54 71  1	
 17  2  56 40  1	
 18  2  71 80  1	
 19  2  74 56  1	
 20  2  80 86  1	
 21  2  86 100  1	
 22  2  90 74  1	
 23  2  100 111  1	
 24  2  103 90  1	
 25  2  111 122  1	
 26  2  116 103  1	
 27  2  122 130  1	
 28  2  129 116  1	
 29  2  130 144  1	
 30  2  139 129  1	
 31  2  144 160  1	
 32  2  153 139  1	
 33  2  160 172  1	
 34  2  164 153  1	
 35  2  172 189  1	
 36  2  180 164  1	
 37  2  189 213  1	
 38  2  200 180  1	
 39  2  209 200  1	
 40  2  213 234  1	
 41  2  222 209  1	
 42  2  234 252  1	
 43  2  235 222  1	
 44  2  252 276  1	
 45  2  254 235  1	
 46  2  269 254  1	
 47  2  276 292  1	
 48  2  282 269  1	
 49  2  292 307  1	
 50  2  295 282  1	
 51  2  305 295  1	
 52  2  307 324  1	
 53  2  313 305  1	
 54  2  324 343  1	
 55  2  327 313  1	
 56  2  339 327  1	
 57  2  343 362  1	
 58  2  352 339  1	
 59  2  362 383  1	
 60  2  363 352  1	
 61  2  379 363  1	
 62  2  383 407  1	
 63  2  391 379  1	
 64  2  403 391  1	
 65  2  407 428  1	
 66  2  423 403  1	
 67  2  428 457  1	
 68  2  436 423  1	
 69  2  448 436  1	
 70  2  457 490  1	
 71  2  460 448  1	
 72  2  477 460  1	
 73  2  489 477  1	
 74  2  490 507  1	
 75  2  503 489  1	
 76  2  507 525  1	
 77  2  522 503  1	
 78  2  525 545  1	
 79  2  536 522  1	
 80  2  545 563  1	
 81  2  552 536  1	
 82  2  563 581  1	
 83  2  572 552  1	
 84  2  581 592  1	
 85  2  592 606  1	
 86  2  595 572  1	
 87  2  606 621  1	
 88  2  608 595  1	
 89  2  621 631  1	
 90  2  625 608  1	
 91  2  631 653  1	
 92  2  641 625  1	
 93  2  653 667  1	
 94  2  663 641  1	
 95  2  667 680  1	
 96  2  680 693  1	
 97  2  681 663  1	
 98  2  693 706  1	
 99  2  697 681  1	
 100  2  706 716  1	
 101  2  715 697  1	
 102  2  716 733  1	
 103  2  733 746  1	
 104  2  736 715  1	
 105  2  746 753  1	
 106  2  751 736  1	
 107  2  753 768  1	
 108  2  768 785  1	
 109  2  771 751  1	
 110  2  785 803  1	
 111  2  786 771  1	
 112  2  801 786  1	
 113  2  803 823  1	
 114  2  818 801  1	
 115  2  823 831  1	
 116  2  831 851  1	
 117  2  841 818  1	
 118  2  851 859  1	
 119  2  856 841  1	
 120  2  859 877  1	
 121  2  872 856  1	
 122  2  877 886  1	
 123  2  886 899  1	
 124  2  890 872  1	
 125  2  899 919  1	
 126  2  907 890  1	
 127  2  919 935  1	
 128  2  921 907  1	
 129  2  935 953  1	
 130  2  938 921  1	
 131  2  953 961  1	
 132  2  954 938  1	
 133  2  961 973  1	
 134  2  968 954  1	
 135  2  973 983  1	
 136  2  983 995  1	
 137  2  988 968  1	
 138  2  995 1007  1	
 139  2  1007 1020  1	
 140  2  1012 988  1	
 141  2  1020 1042  1	
 142  2  1039 1012  1	
 143  2  1042 1052  1	
 144  2  1052 1071  1	
 145  2  1058 1039  1	
 146  2  1071 1088  1	
 147  2  1084 1058  1	
 148  2  1088 1095  1	
 149  2  1095 1113  1	
 150  2  1102 1084  1	
 151  2  1113 1131  1	
 152  2  1124 1102  1	
 153  2  1131 1143  1	
 154  2  1142 1124  1	
 155  2  1143 1154  1	
 156  2  1154 1168  1	
 157  2  1168 1178  1	
 158  2  1171 1142  1	
 159  2  1178 1196  1	
 160  2  1191 1171  1	
 161  2  1196 1209  1	
 162  2  1209 1228  1	
 163  2  1210 1191  1	
 164  2  1228 1238  1	
 165  2  1230 1210  1	
 166  2  1238 1245  1	
 167  2  1244 1230  1	
 168  2  1245 1271  1	
 169  2  1271 1287  1	
 170  2  1273 1244  1	
 171  2  1287 1300  1	
 172  2  1300 1313  1	
 173  2  1308 1273  1	
 174  2  1313 1327  1	
 175  2  1327 1339  1	
 176  2  1328 1308  1	
 177  2  1339 1356  1	
 178  2  1353 1328  1	
 179  2  1356 1368  1	
 180  2  1368 1376  1	
 181  2  1373 1353  1	
 182  2  1376 1395  1	
 183  2  1390 1373  1	
 184  2  1395 1407  1	
 185  2  1407 1413  1	
 186  2  1413 1421  1	
 187  2  1421 1431  1	
 188  2  1427 1390  1	
 189  2  1431 1439  1	
 190  2  1439 1447  1	
 191  2  1447 1457  1	
 192  2  1454 1427  1	
 193  2  1457 1463  1	
 194  2  1463 1475  1	
 195  2  1475 1489  1	
 196  2  1487 1454  1	
 197  2  1489 1498  1	
 198  2  1498 1508  1	
 199  2  1508 1523  1	
 200  2  1516 1487  1	
 201  2  1523 1543  1	
 202  2  1542 1516  1	
 203  2  1543 1559  1	
 204  2  1559 1573  1	
 205  2  1573 1592  1	
 206  2  1576 1542  1	
 207  2  1592 1609  1	
 208  2  1609 1629  1	
 209  2  1611 1576  1	
 210  2  1629 1647  1	
 211  2  1646 1611  1	
 212  2  1647 1665  1	
 213  2  1665 1678  1	
 214  2  1678 1704  1	
 215  2  1697 1646  1	
 216  2  1704 1723  1	
 217  2  1723 1741  1	
 218  2  1732 1697  1	
 219  2  1741 1755  1	
 220  2  1755 1770  1	
 221  2  1757 1732  1	
 222  2  1770 1779  1	
 223  2  1778 1757  1	
 224  2  1779 1789  1	
 225  2  1788 1778  1	
 226  2  1789 1796  1	
 227  2  1796 1800  1	
 228  2  1800 1806  1	
 229  2  1802 1788  1	
 230  2  1806 1810  1	
 231  2  1810 1817  1	
 232  2  1812 1802  1	
 233  2  1817 1821  1	
 234  2  1819 1812  1	
 235  2  1821 1826  1	
 236  2  1823 1819  1	
 237  2  1826 1828  1	
 238  2  1828 1833  1	
 239  2  1829 1823  1	
 240  2  1832 1829  1	
 241  2  1833 1837  1	
 242  2  1837 1840  1	
 243  2  1838 1832  1	
 244  2  1840 1843  1	
 245  2  1842 1838  1	
 246  2  1843 1845  1	
 247  2  1844 1842  1	
 248  2  1845 1847  1	
 249  2  1846 1844  1	
 250  2  1847 1849  1	
 251  2  1848 1846  1	
 252  2  1849 1851  1	
 253  2  1850 1848  1	
 254  2  1851 1853  1	
 255  2  1852 1850  1	
 256  2  1853 1854  1	
 257  2  1854 1852  1	
  END_ON_BOUNDARIES
