  NODES_PER_ELEMENT
   1 3
   2 3
   3 3
   4 3
   5 3
   6 3
   7 3
   8 3
   9 3
   10 3
   11 3
   12 3
   13 3
   14 3
   15 3
   16 3
   17 3
   18 3
   19 3
   20 3
   21 3
   22 3
   23 3
   24 3
   25 3
   26 3
   27 3
   28 3
   29 3
   30 3
   31 3
   32 3
   33 3
   34 3
   35 3
   36 3
   37 3
   38 3
   39 3
   40 3
   41 3
   42 3
   43 3
   44 3
   45 3
   46 3
   47 3
   48 3
   49 3
   50 3
   51 3
   52 3
   53 3
   54 3
   55 3
   56 3
   57 3
   58 3
   59 3
   60 3
   61 3
   62 3
   63 3
   64 3
   65 3
   66 3
   67 3
   68 3
   69 3
   70 3
   71 3
   72 3
   73 3
   74 3
   75 3
   76 3
   77 3
   78 3
   79 3
   80 3
   81 3
   82 3
   83 3
   84 3
   85 3
   86 3
   87 3
   88 3
   89 3
   90 3
   91 3
   92 3
   93 3
   94 3
   95 3
   96 3
   97 3
   98 3
   99 3
   100 3
   101 3
   102 3
   103 3
   104 3
   105 3
   106 3
   107 3
   108 3
   109 3
   110 3
   111 3
   112 3
   113 3
   114 3
   115 3
   116 3
   117 3
   118 3
   119 3
   120 3
   121 3
   122 3
   123 3
   124 3
   125 3
   126 3
   127 3
   128 3
   129 3
   130 3
   131 3
   132 3
   133 3
   134 3
   135 3
   136 3
   137 3
   138 3
   139 3
   140 3
   141 3
   142 3
   143 3
   144 3
   145 3
   146 3
   147 3
   148 3
   149 3
   150 3
   151 3
   152 3
   153 3
   154 3
   155 3
   156 3
   157 3
   158 3
   159 3
   160 3
   161 3
   162 3
   163 3
   164 3
   165 3
   166 3
  END_NODES_PER_ELEMENT
  ELEMENTS
  1 74 75 62  
  2 28 20 27  
  3 45 56 49  
  4 63 55 53  
  5 16 21 26  
  6 73 69 61  
  7 15 12 19  
  8 64 70 54  
  9 44 36 38  
  10 29 37 35  
  11 75 73 62  
  12 20 15 19  
  13 56 64 49  
  14 55 44 53  
  15 21 29 26  
  16 69 63 61  
  17 12 16 19  
  18 70 74 62  
  19 36 28 38  
  20 37 45 35  
  21 27 20 19  
  22 54 70 62  
  23 16 26 19  
  24 44 38 53  
  25 45 49 35  
  26 28 27 38  
  27 73 61 62  
  28 29 35 26  
  29 63 53 61  
  30 64 54 49  
  31 27 19 32  
  32 32 19 26  
  33 27 32 38  
  34 35 49 41  
  35 41 49 54  
  36 35 41 26  
  37 61 53 50  
  38 50 53 38  
  39 61 50 62  
  40 54 62 48  
  41 48 62 50  
  42 54 48 41  
  43 48 50 32  
  44 41 48 32  
  45 32 50 38  
  46 41 32 26  
  47 74 70 85  
  48 16 12 5  
  49 63 69 82  
  50 45 37 47  
  51 28 36 39  
  52 64 56 72  
  53 15 20 13  
  54 73 75 90  
  55 29 21 23  
  56 44 55 65  
  57 70 64 83  
  58 12 15 4  
  59 69 73 84  
  60 37 29 40  
  61 36 44 46  
  62 56 45 66  
  63 20 28 22  
  64 75 74 91  
  65 21 16 14  
  66 55 63 71  
  67 89 91 74  
  68 65 57 44  
  69 4 5 12  
  70 58 66 45  
  71 84 82 69  
  72 30 22 28  
  73 23 31 29  
  74 83 85 70  
  75 90 88 73  
  76 46 39 36  
  77 9 14 16  
  78 72 79 64  
  79 78 71 63  
  80 13 8 15  
  81 40 47 37  
  82 91 90 75  
  83 57 46 44  
  84 5 9 16  
  85 66 72 56  
  86 82 78 63  
  87 22 13 20  
  88 31 40 29  
  89 85 89 74  
  90 88 84 73  
  91 39 30 28  
  92 14 23 21  
  93 79 83 64  
  94 71 65 55  
  95 8 4 15  
  96 47 58 45  
  97 89 85 99  
  98 40 31 43  
  99 13 22 17  
  100 78 82 94  
  101 72 66 81  
  102 9 5 3  
  103 46 57 59  
  104 90 91 104  
  105 83 79 95  
  106 23 14 18  
  107 30 39 42  
  108 84 88 98  
  109 58 47 60  
  110 4 8 2  
  111 65 71 80  
  112 85 83 97  
  113 31 23 25  
  114 22 30 24  
  115 82 84 96  
  116 66 58 77  
  117 5 4 1  
  118 57 65 76  
  119 91 89 103  
  120 79 72 87  
  121 14 9 11  
  122 39 46 51  
  123 88 90 102  
  124 47 40 52  
  125 8 13 10  
  126 71 78 86  
  127 101 103 89  
  128 33 24 30  
  129 68 77 58  
  130 92 86 78  
  131 7 11 9  
  132 100 98 88  
  133 6 2 8  
  134 93 95 79  
  135 67 59 57  
  136 34 43 31  
  137 104 102 90  
  138 17 10 13  
  139 81 87 72  
  140 80 76 65  
  141 18 25 23  
  142 96 94 82  
  143 1 3 5  
  144 97 99 85  
  145 51 42 39  
  146 52 60 47  
  147 103 104 91  
  148 24 17 22  
  149 77 81 66  
  150 86 80 71  
  151 11 18 14  
  152 98 96 84  
  153 2 1 4  
  154 95 97 83  
  155 59 51 46  
  156 43 52 40  
  157 102 100 88  
  158 10 6 8  
  159 87 93 79  
  160 76 67 57  
  161 25 34 31  
  162 94 92 78  
  163 3 7 9  
  164 99 101 89  
  165 42 33 30  
  166 60 68 58  
  END_ELEMENTS  
  COORDINATES  
   1   6.180340e-01 -1.902113e+00   
   2   3.128689e-01 -1.975377e+00   
   3   9.079810e-01 -1.782013e+00   
   4   3.118675e-01 -1.467221e+00   
   5   6.101050e-01 -1.370318e+00   
   6  -2.317750e-09 -2.000000e+00   
   7   1.175571e+00 -1.618034e+00   
   8  -1.738312e-09 -1.500000e+00   
   9   8.816779e-01 -1.213525e+00   
   10  -3.128689e-01 -1.975377e+00   
   11   1.414214e+00 -1.414214e+00   
   12   3.090170e-01 -9.510565e-01   
   13  -3.118675e-01 -1.467221e+00   
   14   1.114717e+00 -1.003696e+00   
   15  -1.158876e-09 -1.000000e+00   
   16   5.877853e-01 -8.090170e-01   
   17  -6.180340e-01 -1.902113e+00   
   18   1.618034e+00 -1.175571e+00   
   19   1.028890e-01 -7.133271e-01   
   20  -3.090170e-01 -9.510565e-01   
   21   8.090170e-01 -5.877853e-01   
   22  -6.101050e-01 -1.370318e+00   
   23   1.299038e+00 -7.500000e-01   
   24  -9.079810e-01 -1.782013e+00   
   25   1.782013e+00 -9.079810e-01   
   26   4.862112e-01 -3.726592e-01   
   27  -3.008877e-01 -5.905254e-01   
   28  -5.877853e-01 -8.090170e-01   
   29   9.510565e-01 -3.090170e-01   
   30  -8.816779e-01 -1.213525e+00   
   31   1.426585e+00 -4.635255e-01   
   32  -3.531820e-02 -2.229903e-01   
   33  -1.175571e+00 -1.618034e+00   
   34   1.902113e+00 -6.180340e-01   
   35   7.076300e-01 -1.089141e-02   
   36  -8.090170e-01 -5.877853e-01   
   37   1.000000e+00 -5.794368e-10   
   38  -5.303499e-01 -3.293219e-01   
   39  -1.114717e+00 -1.003696e+00   
   40   1.491783e+00 -1.567927e-01   
   41   2.804187e-01  4.441396e-02   
   42  -1.414214e+00 -1.414214e+00   
   43   1.975377e+00 -3.128689e-01   
   44  -9.510565e-01 -3.090170e-01   
   45   9.510565e-01  3.090170e-01   
   46  -1.299038e+00 -7.500000e-01   
   47   1.491783e+00  1.567927e-01   
   48   4.441395e-02  2.804187e-01   
   49   5.946045e-01  3.588812e-01   
   50  -3.013924e-01  1.639109e-01   
   51  -1.618034e+00 -1.175571e+00   
   52   2.000000e+00 -1.158872e-09   
   53  -7.269922e-01  5.017085e-02   
   54   2.847469e-01  5.067327e-01   
   55  -1.000000e+00  1.751050e-09   
   56   8.090170e-01  5.877853e-01   
   57  -1.426585e+00 -4.635255e-01   
   58   1.426585e+00  4.635255e-01   
   59  -1.782013e+00 -9.079810e-01   
   60   1.975377e+00  3.128689e-01   
   61  -5.679221e-01  4.380019e-01   
   62  -1.036788e-01  6.546025e-01   
   63  -9.510565e-01  3.090170e-01   
   64   5.877853e-01  8.090170e-01   
   65  -1.491783e+00 -1.567927e-01   
   66   1.299038e+00  7.500000e-01   
   67  -1.902113e+00 -6.180340e-01   
   68   1.902113e+00  6.180340e-01   
   69  -8.090170e-01  5.877853e-01   
   70   3.090170e-01  9.510565e-01   
   71  -1.491783e+00  1.567927e-01   
   72   1.114717e+00  1.003696e+00   
   73  -5.877853e-01  8.090170e-01   
   74   0.000000e+00  1.000000e+00   
   75  -3.090170e-01  9.510565e-01   
   76  -1.975377e+00 -3.128689e-01   
   77   1.782013e+00  9.079810e-01   
   78  -1.426585e+00  4.635255e-01   
   79   8.816779e-01  1.213525e+00   
   80  -2.000000e+00  3.502101e-09   
   81   1.618034e+00  1.175571e+00   
   82  -1.299038e+00  7.500000e-01   
   83   6.101050e-01  1.370318e+00   
   84  -1.114717e+00  1.003696e+00   
   85   3.118675e-01  1.467221e+00   
   86  -1.975377e+00  3.128689e-01   
   87   1.414214e+00  1.414214e+00   
   88  -8.816779e-01  1.213525e+00   
   89   0.000000e+00  1.500000e+00   
   90  -6.101050e-01  1.370318e+00   
   91  -3.118675e-01  1.467221e+00   
   92  -1.902113e+00  6.180340e-01   
   93   1.175571e+00  1.618034e+00   
   94  -1.782013e+00  9.079810e-01   
   95   9.079810e-01  1.782013e+00   
   96  -1.618034e+00  1.175571e+00   
   97   6.180340e-01  1.902113e+00   
   98  -1.414214e+00  1.414214e+00   
   99   3.128689e-01  1.975377e+00   
   100  -1.175571e+00  1.618034e+00   
   101   0.000000e+00  2.000000e+00   
   102  -9.079810e-01  1.782013e+00   
   103  -3.128689e-01  1.975377e+00   
   104  -6.180340e-01  1.902113e+00   
  END_COORDINATES
  BOUNDARIES, ELEMENT
    1		1	3	143	
    2		2	1	153	
    3		3	7	163	
    4		6	2	133	
    5		7	11	131	
    6		10	6	158	
    7		11	18	151	
    8		17	10	138	
    9		18	25	141	
    10		24	17	148	
    11		25	34	161	
    12		33	24	128	
    13		34	43	136	
    14		42	33	165	
    15		43	52	156	
    16		51	42	145	
    17		52	60	146	
    18		59	51	155	
    19		60	68	166	
    20		67	59	135	
    21		68	77	129	
    22		76	67	160	
    23		77	81	149	
    24		80	76	140	
    25		81	87	139	
    26		86	80	150	
    27		87	93	159	
    28		92	86	130	
    29		93	95	134	
    30		94	92	162	
    31		95	97	154	
    32		96	94	142	
    33		97	99	144	
    34		98	96	152	
    35		99	101	164	
    36		100	98	132	
    37		101	103	127	
    38		102	100	157	
    39		103	104	147	
    40		104	102	137	
  END_BOUNDARIES
  MATERIALS
     1     1
     2     1
     3     1
     4     1
     5     1
     6     1
     7     1
     8     1
     9     1
     10     1
     11     1
     12     1
     13     1
     14     1
     15     1
     16     1
     17     1
     18     1
     19     1
     20     1
     21     1
     22     1
     23     1
     24     1
     25     1
     26     1
     27     1
     28     1
     29     1
     30     1
     31     1
     32     1
     33     1
     34     1
     35     1
     36     1
     37     1
     38     1
     39     1
     40     1
     41     1
     42     1
     43     1
     44     1
     45     1
     46     1
     47     2
     48     2
     49     2
     50     2
     51     2
     52     2
     53     2
     54     2
     55     2
     56     2
     57     2
     58     2
     59     2
     60     2
     61     2
     62     2
     63     2
     64     2
     65     2
     66     2
     67     2
     68     2
     69     2
     70     2
     71     2
     72     2
     73     2
     74     2
     75     2
     76     2
     77     2
     78     2
     79     2
     80     2
     81     2
     82     2
     83     2
     84     2
     85     2
     86     2
     87     2
     88     2
     89     2
     90     2
     91     2
     92     2
     93     2
     94     2
     95     2
     96     2
     97     2
     98     2
     99     2
     100     2
     101     2
     102     2
     103     2
     104     2
     105     2
     106     2
     107     2
     108     2
     109     2
     110     2
     111     2
     112     2
     113     2
     114     2
     115     2
     116     2
     117     2
     118     2
     119     2
     120     2
     121     2
     122     2
     123     2
     124     2
     125     2
     126     2
     127     2
     128     2
     129     2
     130     2
     131     2
     132     2
     133     2
     134     2
     135     2
     136     2
     137     2
     138     2
     139     2
     140     2
     141     2
     142     2
     143     2
     144     2
     145     2
     146     2
     147     2
     148     2
     149     2
     150     2
     151     2
     152     2
     153     2
     154     2
     155     2
     156     2
     157     2
     158     2
     159     2
     160     2
     161     2
     162     2
     163     2
     164     2
     165     2
     166     2
  END_MATERIALS 
  SUBDOMAINS
  END_SUBDOMAINS
  CHARACTERISTICS
  END_CHARACTERISTICS
