  ON_NODES
   1  3  
   1  3  
   1  3  
   1  3  
   2  3  
   2  3  
   2  3  
   2  3  
   3  3  
   3  3  
   3  3  
   3  3  
   5  3  
   5  3  
   5  3  
   5  3  
   6  3  
   6  3  
   6  3  
   6  3  
   9  3  
   9  3  
   9  3  
   9  3  
   10  3  
   10  3  
   10  3  
   10  3  
   13  3  
   13  3  
   13  3  
   13  3  
   15  3  
   15  3  
   15  3  
   15  3  
   17  3  
   17  3  
   17  3  
   17  3  
   20  3  
   20  3  
   20  3  
   20  3  
   22  3  
   22  3  
   22  3  
   22  3  
   26  3  
   26  3  
   26  3  
   26  3  
   27  3  
   27  3  
   27  3  
   27  3  
   32  3  
   32  3  
   32  3  
   32  3  
   33  3  
   33  3  
   33  3  
   33  3  
   37  3  
   37  3  
   37  3  
   37  3  
   38  3  
   38  3  
   38  3  
   38  3  
   45  3  
   45  3  
   45  3  
   45  3  
   46  3  
   46  3  
   46  3  
   46  3  
   52  3  
   52  3  
   52  3  
   52  3  
   54  3  
   54  3  
   54  3  
   54  3  
   60  3  
   60  3  
   60  3  
   60  3  
   62  3  
   62  3  
   62  3  
   62  3  
   74  3  
   74  3  
   74  3  
   74  3  
   84  3  
   84  3  
   84  3  
   84  3  
   107  3  
   107  3  
   107  3  
   107  3  
   141  2  
   141  2  
   141  2  
   141  2  
   143  2  
   143  2  
   143  2  
   143  2  
   144  2  
   144  2  
   146  2  
   146  2  
   146  2  
   146  2  
   148  2  
   148  2  
   148  2  
   148  2  
   154  2  
   154  2  
   155  2  
   155  2  
   155  2  
   155  2  
   158  3  
   158  3  
   158  3  
   158  3  
   160  2  
   160  2  
   163  2  
   163  2  
   163  2  
   163  2  
   166  2  
   166  2  
   168  2  
   168  2  
   168  2  
   168  2  
   169  2  
   169  2  
   176  2  
   176  2  
   177  2  
   177  2  
   186  2  
   186  2  
   187  2  
   187  2  
   187  2  
   187  2  
   194  2  
   194  2  
   198  2  
   198  2  
   199  2  
   199  2  
   207  2  
   207  2  
   213  2  
   213  2  
   214  2  
   214  2  
   214  2  
   214  2  
   217  2  
   217  2  
   217  2  
   217  2  
   223  2  
   223  2  
   226  2  
   226  2  
   230  2  
   230  2  
   234  2  
   234  2  
   234  2  
   234  2  
   237  2  
   237  2  
   237  2  
   237  2  
   240  2  
   240  2  
   242  2  
   242  2  
   249  2  
   249  2  
   254  2  
   254  2  
   260  2  
   260  2  
   262  2  
   262  2  
   274  2  
   274  2  
   276  2  
   276  2  
   281  2  
   281  2  
   286  2  
   286  2  
   286  2  
   286  2  
   293  2  
   293  2  
   293  2  
   293  2  
   295  2  
   295  2  
   300  3  
   300  3  
   300  3  
   300  3  
   302  2  
   302  2  
   302  2  
   302  2  
   305  2  
   305  2  
   305  2  
   305  2  
   309  2  
   309  2  
   317  2  
   317  2  
   318  2  
   318  2  
   326  2  
   326  2  
   335  2  
   335  2  
   337  2  
   337  2  
   337  2  
   337  2  
   349  2  
   349  2  
   351  2  
   351  2  
   351  2  
   351  2  
   358  2  
   358  2  
   358  2  
   358  2  
   362  2  
   362  2  
   362  2  
   362  2  
   366  2  
   366  2  
   377  2  
   377  2  
   377  2  
   377  2  
   381  2  
   381  2  
   381  2  
   381  2  
   384  3  
   384  3  
   384  3  
   384  3  
   394  2  
   394  2  
   403  2  
   403  2  
   403  2  
   403  2  
   406  2  
   406  2  
   416  2  
   416  2  
   416  2  
   416  2  
   423  3  
   423  3  
   423  3  
   423  3  
   432  2  
   432  2  
   432  2  
   432  2  
   438  2  
   438  2  
   438  2  
   438  2  
   465  2  
   465  2  
   465  2  
   465  2  
   476  2  
   476  2  
   476  2  
   476  2  
   504  2  
   504  2  
   504  2  
   504  2  
   536  1  
   536  1  
   536  1  
   536  1  
   536  1  
   536  1  
   537  1  
   537  1  
   537  1  
   538  1  
   538  1  
   538  1  
   539  1  
   539  1  
   539  1  
   539  1  
   539  1  
   539  1  
   540  1  
   540  1  
   540  1  
   542  1  
   542  1  
   542  1  
   544  1  
   544  1  
   544  1  
   545  1  
   545  1  
   545  1  
   545  1  
   545  1  
   545  1  
   546  1  
   546  1  
   546  1  
   546  1  
   546  1  
   546  1  
   549  1  
   549  1  
   549  1  
   552  1  
   552  1  
   552  1  
   553  1  
   553  1  
   553  1  
   558  1  
   558  1  
   558  1  
   562  1  
   562  1  
   562  1  
   562  1  
   562  1  
   562  1  
   564  1  
   564  1  
   564  1  
   566  1  
   566  1  
   566  1  
   567  1  
   567  1  
   567  1  
   569  1  
   569  1  
   569  1  
   570  1  
   570  1  
   570  1  
   570  1  
   570  1  
   570  1  
   575  1  
   575  1  
   575  1  
   582  1  
   582  1  
   582  1  
   583  1  
   583  1  
   583  1  
   585  1  
   585  1  
   585  1  
   585  1  
   585  1  
   585  1  
   591  1  
   591  1  
   591  1  
   598  2  
   598  2  
   598  2  
   598  2  
   601  1  
   601  1  
   601  1  
   603  1  
   603  1  
   603  1  
   610  1  
   610  1  
   610  1  
   614  1  
   614  1  
   614  1  
   619  3  
   619  3  
   619  3  
   619  3  
   624  1  
   624  1  
   624  1  
   630  1  
   630  1  
   630  1  
   637  1  
   637  1  
   637  1  
   637  1  
   637  1  
   637  1  
   644  1  
   644  1  
   644  1  
   646  1  
   646  1  
   646  1  
   658  1  
   658  1  
   658  1  
   659  1  
   659  1  
   659  1  
   666  2  
   666  2  
   666  2  
   666  2  
   674  1  
   674  1  
   674  1  
   676  1  
   676  1  
   676  1  
   685  1  
   685  1  
   685  1  
   690  1  
   690  1  
   690  1  
   690  1  
   690  1  
   690  1  
   700  1  
   700  1  
   700  1  
   709  1  
   709  1  
   709  1  
   709  1  
   709  1  
   709  1  
   715  1  
   715  1  
   715  1  
   715  1  
   715  1  
   715  1  
   717  1  
   717  1  
   717  1  
   720  1  
   720  1  
   720  1  
   720  1  
   720  1  
   720  1  
   731  1  
   731  1  
   731  1  
   742  1  
   742  1  
   742  1  
   748  1  
   748  1  
   748  1  
   760  1  
   760  1  
   760  1  
   766  2  
   766  2  
   767  1  
   767  1  
   767  1  
   779  1  
   779  1  
   779  1  
   787  1  
   787  1  
   787  1  
   796  1  
   796  1  
   796  1  
   817  1  
   817  1  
   817  1  
   828  1  
   828  1  
   828  1  
   840  1  
   840  1  
   840  1  
   852  1  
   852  1  
   852  1  
   864  1  
   864  1  
   864  1  
   864  1  
   864  1  
   864  1  
   876  1  
   876  1  
   876  1  
   890  1  
   890  1  
   890  1  
   890  1  
   890  1  
   890  1  
   899  3  
   899  3  
   899  3  
   899  3  
   906  1  
   906  1  
   906  1  
   906  1  
   906  1  
   906  1  
   912  1  
   912  1  
   912  1  
   912  1  
   912  1  
   912  1  
   926  2  
   926  2  
   935  1  
   935  1  
   935  1  
   943  1  
   943  1  
   943  1  
   971  1  
   971  1  
   971  1  
   984  1  
   984  1  
   984  1  
   988  2  
   988  2  
   988  2  
   988  2  
   1001  1  
   1001  1  
   1001  1  
   1019  1  
   1019  1  
   1019  1  
   1029  1  
   1029  1  
   1029  1  
   1058  1  
   1058  1  
   1058  1  
   1062  1  
   1062  1  
   1062  1  
   1094  1  
   1094  1  
   1094  1  
   1108  1  
   1108  1  
   1108  1  
   1109  2  
   1109  2  
   1109  2  
   1109  2  
   1128  1  
   1128  1  
   1128  1  
   1128  1  
   1128  1  
   1128  1  
   1152  1  
   1152  1  
   1152  1  
   1152  1  
   1152  1  
   1152  1  
   1165  1  
   1165  1  
   1165  1  
   1184  1  
   1184  1  
   1184  1  
   1202  1  
   1202  1  
   1202  1  
   1216  1  
   1216  1  
   1216  1  
   1216  1  
   1216  1  
   1216  1  
   1237  2  
   1237  2  
   1237  2  
   1237  2  
   1243  1  
   1243  1  
   1243  1  
   1263  1  
   1263  1  
   1263  1  
   1276  1  
   1276  1  
   1276  1  
   1276  1  
   1276  1  
   1276  1  
   1315  1  
   1315  1  
   1315  1  
   1319  1  
   1319  1  
   1319  1  
   1363  1  
   1363  1  
   1363  1  
   1363  1  
   1363  1  
   1363  1  
   1371  1  
   1371  1  
   1371  1  
   1418  1  
   1418  1  
   1418  1  
   1419  1  
   1419  1  
   1419  1  
   1462  1  
   1462  1  
   1462  1  
   1469  1  
   1469  1  
   1469  1  
   1482  2  
   1482  2  
   1482  2  
   1482  2  
   1515  1  
   1515  1  
   1515  1  
   1515  1  
   1515  1  
   1515  1  
   1529  1  
   1529  1  
   1529  1  
   1569  1  
   1569  1  
   1569  1  
   1582  1  
   1582  1  
   1582  1  
   1590  2  
   1590  2  
   1590  2  
   1590  2  
   1637  1  
   1637  1  
   1637  1  
   1644  1  
   1644  1  
   1644  1  
   1644  1  
   1644  1  
   1644  1  
   1666  2  
   1666  2  
   1696  1  
   1696  1  
   1696  1  
   1704  1  
   1704  1  
   1704  1  
   1758  1  
   1758  1  
   1758  1  
   1772  1  
   1772  1  
   1772  1  
   1820  1  
   1820  1  
   1820  1  
   1835  1  
   1835  1  
   1835  1  
   1835  1  
   1835  1  
   1835  1  
   1852  2  
   1852  2  
   1889  1  
   1889  1  
   1889  1  
   1917  1  
   1917  1  
   1917  1  
   1955  1  
   1955  1  
   1955  1  
   1955  1  
   1955  1  
   1955  1  
   1997  1  
   1997  1  
   1997  1  
   2015  1  
   2015  1  
   2015  1  
   2053  2  
   2053  2  
   2053  2  
   2053  2  
   2071  1  
   2071  1  
   2071  1  
   2071  1  
   2071  1  
   2071  1  
   2082  1  
   2082  1  
   2082  1  
   2131  3  
   2131  3  
   2131  3  
   2131  3  
   2149  1  
   2149  1  
   2149  1  
   2170  1  
   2170  1  
   2170  1  
   2175  2  
   2175  2  
   2175  2  
   2175  2  
   2214  2  
   2214  2  
   2214  2  
   2214  2  
   2234  1  
   2234  1  
   2234  1  
   2256  1  
   2256  1  
   2256  1  
   2256  1  
   2256  1  
   2256  1  
   2318  1  
   2318  1  
   2318  1  
   2345  1  
   2345  1  
   2345  1  
   2397  1  
   2397  1  
   2397  1  
   2397  1  
   2397  1  
   2397  1  
   2404  3  
   2404  3  
   2404  3  
   2404  3  
   2438  1  
   2438  1  
   2438  1  
   2473  1  
   2473  1  
   2473  1  
   2524  2  
   2524  2  
   2524  2  
   2524  2  
   2537  1  
   2537  1  
   2537  1  
   2546  1  
   2546  1  
   2546  1  
   2625  1  
   2625  1  
   2625  1  
   2636  1  
   2636  1  
   2636  1  
   2701  1  
   2701  1  
   2701  1  
   2730  1  
   2730  1  
   2730  1  
   2730  1  
   2730  1  
   2730  1  
   2777  1  
   2777  1  
   2777  1  
   2777  1  
   2777  1  
   2777  1  
   2802  2  
   2802  2  
   2846  1  
   2846  1  
   2846  1  
   2882  1  
   2882  1  
   2882  1  
   2882  1  
   2882  1  
   2882  1  
   2967  1  
   2967  1  
   2967  1  
   2984  1  
   2984  1  
   2984  1  
   3013  2  
   3013  2  
   3013  2  
   3013  2  
   3084  1  
   3084  1  
   3084  1  
   3091  1  
   3091  1  
   3091  1  
   3091  1  
   3091  1  
   3091  1  
   3105  2  
   3105  2  
   3105  2  
   3105  2  
   3185  1  
   3185  1  
   3185  1  
   3204  1  
   3204  1  
   3204  1  
   3291  1  
   3291  1  
   3291  1  
   3316  1  
   3316  1  
   3316  1  
   3331  2  
   3331  2  
   3331  2  
   3331  2  
   3395  1  
   3395  1  
   3395  1  
   3430  1  
   3430  1  
   3430  1  
   3487  1  
   3487  1  
   3487  1  
   3552  1  
   3552  1  
   3552  1  
   3567  1  
   3567  1  
   3567  1  
   3638  1  
   3638  1  
   3638  1  
   3649  2  
   3649  2  
   3673  1  
   3673  1  
   3673  1  
   3700  1  
   3700  1  
   3700  1  
   3749  1  
   3749  1  
   3749  1  
   3796  2  
   3796  2  
   3796  2  
   3796  2  
   3801  1  
   3801  1  
   3801  1  
   3801  1  
   3801  1  
   3801  1  
   3804  1  
   3804  1  
   3804  1  
   3804  1  
   3804  1  
   3804  1  
   3826  1  
   3826  1  
   3826  1  
   3826  1  
   3826  1  
   3826  1  
   3870  1  
   3870  1  
   3870  1  
   3911  1  
   3911  1  
   3911  1  
   3952  1  
   3952  1  
   3952  1  
   3974  1  
   3974  1  
   3974  1  
   3993  2  
   3993  2  
   4035  1  
   4035  1  
   4035  1  
   4093  1  
   4093  1  
   4093  1  
   4121  1  
   4121  1  
   4121  1  
   4208  1  
   4208  1  
   4208  1  
   4208  1  
   4208  1  
   4208  1  
   4237  1  
   4237  1  
   4237  1  
   4237  1  
   4237  1  
   4237  1  
   4312  1  
   4312  1  
   4312  1  
   4381  2  
   4381  2  
   4381  2  
   4381  2  
   4394  1  
   4394  1  
   4394  1  
   4426  1  
   4426  1  
   4426  1  
   4445  3  
   4445  3  
   4445  3  
   4445  3  
   4525  3  
   4525  3  
   4525  3  
   4525  3  
   4543  1  
   4543  1  
   4543  1  
   4548  1  
   4548  1  
   4548  1  
   4655  1  
   4655  1  
   4655  1  
   4705  1  
   4705  1  
   4705  1  
   4769  1  
   4769  1  
   4769  1  
   4818  2  
   4818  2  
   4818  2  
   4818  2  
   4864  1  
   4864  1  
   4864  1  
   4872  1  
   4872  1  
   4872  1  
   4894  2  
   4894  2  
   4894  2  
   4894  2  
   4963  1  
   4963  1  
   4963  1  
   4963  1  
   4963  1  
   4963  1  
   5025  1  
   5025  1  
   5025  1  
   5025  1  
   5025  1  
   5025  1  
   5028  1  
   5028  1  
   5028  1  
   5028  1  
   5028  1  
   5028  1  
   5122  1  
   5122  1  
   5122  1  
   5178  1  
   5178  1  
   5178  1  
   5220  1  
   5220  1  
   5220  1  
   5312  2  
   5312  2  
   5330  1  
   5330  1  
   5330  1  
   5338  1  
   5338  1  
   5338  1  
   5442  1  
   5442  1  
   5442  1  
   5442  1  
   5442  1  
   5442  1  
   5493  1  
   5493  1  
   5493  1  
   5592  1  
   5592  1  
   5592  1  
   5638  1  
   5638  1  
   5638  1  
   5638  1  
   5638  1  
   5638  1  
   5729  1  
   5729  1  
   5729  1  
   5754  2  
   5754  2  
   5754  2  
   5754  2  
   5796  1  
   5796  1  
   5796  1  
   5882  1  
   5882  1  
   5882  1  
   5953  1  
   5953  1  
   5953  1  
   6025  1  
   6025  1  
   6025  1  
   6070  2  
   6070  2  
   6070  2  
   6070  2  
   6105  1  
   6105  1  
   6105  1  
   6176  1  
   6176  1  
   6176  1  
   6176  1  
   6176  1  
   6176  1  
   6261  1  
   6261  1  
   6261  1  
   6285  1  
   6285  1  
   6285  1  
   6285  1  
   6285  1  
   6285  1  
   6427  1  
   6427  1  
   6427  1  
   6427  1  
   6427  1  
   6427  1  
   6447  1  
   6447  1  
   6447  1  
   6476  2  
   6476  2  
   6476  2  
   6476  2  
   6612  1  
   6612  1  
   6612  1  
   6621  1  
   6621  1  
   6621  1  
   6760  1  
   6760  1  
   6760  1  
   6820  1  
   6820  1  
   6820  1  
   6931  1  
   6931  1  
   6931  1  
   6934  2  
   6934  2  
   6934  2  
   6934  2  
   6950  2  
   6950  2  
   7022  1  
   7022  1  
   7022  1  
   7057  3  
   7057  3  
   7057  3  
   7057  3  
   7093  1  
   7093  1  
   7093  1  
   7218  1  
   7218  1  
   7218  1  
   7248  1  
   7248  1  
   7248  1  
   7259  3  
   7259  3  
   7259  3  
   7259  3  
   7415  1  
   7415  1  
   7415  1  
   7415  1  
   7415  1  
   7415  1  
   7416  1  
   7416  1  
   7416  1  
   7416  1  
   7416  1  
   7416  1  
   7438  2  
   7438  2  
   7438  2  
   7438  2  
   7590  1  
   7590  1  
   7590  1  
   7597  1  
   7597  1  
   7597  1  
   7753  1  
   7753  1  
   7753  1  
   7772  1  
   7772  1  
   7772  1  
   7931  1  
   7931  1  
   7931  1  
   7931  1  
   7931  1  
   7931  1  
   7951  1  
   7951  1  
   7951  1  
   7951  1  
   7951  1  
   7951  1  
   8036  2  
   8036  2  
   8060  2  
   8060  2  
   8060  2  
   8060  2  
   8124  1  
   8124  1  
   8124  1  
   8159  1  
   8159  1  
   8159  1  
   8286  1  
   8286  1  
   8286  1  
   8392  1  
   8392  1  
   8392  1  
   8462  1  
   8462  1  
   8462  1  
   8617  1  
   8617  1  
   8617  1  
   8633  1  
   8633  1  
   8633  1  
   8633  1  
   8633  1  
   8633  1  
   8676  2  
   8676  2  
   8811  1  
   8811  1  
   8811  1  
   8856  1  
   8856  1  
   8856  1  
   8856  1  
   8856  1  
   8856  1  
   8959  4  
   8959  4  
   9004  4  
   9010  1  
   9010  1  
   9010  1  
   9021  2  
   9021  2  
   9021  2  
   9021  2  
   9042  4  
   9064  4  
   9076  1  
   9076  1  
   9076  1  
   9094  4  
   9127  4  
   9174  4  
   9175  4  
   9205  1  
   9205  1  
   9205  1  
   9220  4  
   9259  4  
   9283  4  
   9307  1  
   9307  1  
   9307  1  
   9314  4  
   9356  4  
   9389  4  
   9399  2  
   9399  2  
   9399  2  
   9399  2  
   9401  4  
   9401  4  
   9413  1  
   9413  1  
   9413  1  
   9413  1  
   9413  1  
   9413  1  
   9506  4  
   9510  4  
   9533  1  
   9533  1  
   9533  1  
   9533  1  
   9533  1  
   9533  1  
   9593  1  
   9593  1  
   9593  1  
   9613  4  
   9615  4  
   9715  4  
   9718  4  
   9789  1  
   9789  1  
   9789  1  
   9799  1  
   9799  1  
   9799  1  
   9824  4  
   9826  4  
   9924  2  
   9924  2  
   9924  2  
   9924  2  
   9932  4  
   9933  4  
   9973  1  
   9973  1  
   9973  1  
   9973  1  
   9973  1  
   9973  1  
   10031  3  
   10031  3  
   10031  3  
   10031  3  
   10045  4  
   10047  4  
   10088  1  
   10088  1  
   10088  1  
   10088  1  
   10088  1  
   10088  1  
   10160  4  
   10163  4  
   10209  1  
   10209  1  
   10209  1  
   10265  4  
   10268  4  
   10312  1  
   10312  1  
   10312  1  
   10378  4  
   10384  4  
   10445  1  
   10445  1  
   10445  1  
   10489  4  
   10495  4  
   10544  1  
   10544  1  
   10544  1  
   10598  4  
   10604  4  
   10672  3  
   10672  3  
   10672  3  
   10672  3  
   10688  1  
   10688  1  
   10688  1  
   10716  4  
   10722  4  
   10740  2  
   10740  2  
   10740  2  
   10740  2  
   10776  1  
   10776  1  
   10776  1  
   10823  4  
   10828  4  
   10926  1  
   10926  1  
   10926  1  
   10933  4  
   10945  4  
   11000  1  
   11000  1  
   11000  1  
   11044  4  
   11058  4  
   11159  4  
   11167  4  
   11170  1  
   11170  1  
   11170  1  
   11233  1  
   11233  1  
   11233  1  
   11233  1  
   11233  1  
   11233  1  
   11270  4  
   11281  4  
   11359  2  
   11359  2  
   11359  2  
   11359  2  
   11383  4  
   11397  4  
   11408  1  
   11408  1  
   11408  1  
   11458  2  
   11458  2  
   11458  2  
   11458  2  
   11468  1  
   11468  1  
   11468  1  
   11498  4  
   11509  4  
   11605  4  
   11620  4  
   11646  1  
   11646  1  
   11646  1  
   11646  1  
   11646  1  
   11646  1  
   11707  1  
   11707  1  
   11707  1  
   11720  4  
   11740  4  
   11840  4  
   11855  4  
   11886  1  
   11886  1  
   11886  1  
   11949  1  
   11949  1  
   11949  1  
   11951  4  
   11970  4  
   11980  2  
   11980  2  
   11980  2  
   11980  2  
   12067  4  
   12081  4  
   12117  1  
   12117  1  
   12117  1  
   12184  4  
   12195  1  
   12195  1  
   12195  1  
   12199  4  
   12294  4  
   12317  4  
   12354  1  
   12354  1  
   12354  1  
   12412  4  
   12434  4  
   12436  1  
   12436  1  
   12436  1  
   12436  1  
   12436  1  
   12436  1  
   12518  4  
   12550  4  
   12589  1  
   12589  1  
   12589  1  
   12641  4  
   12653  1  
   12653  1  
   12653  1  
   12670  4  
   12755  4  
   12778  4  
   12825  1  
   12825  1  
   12825  1  
   12825  1  
   12825  1  
   12825  1  
   12872  1  
   12872  1  
   12872  1  
   12873  4  
   12895  4  
   12933  2  
   12933  2  
   12933  2  
   12933  2  
   12988  4  
   13012  4  
   13091  1  
   13091  1  
   13091  1  
   13091  1  
   13091  1  
   13091  1  
   13107  4  
   13111  2  
   13111  2  
   13111  2  
   13111  2  
   13123  1  
   13123  1  
   13123  1  
   13132  4  
   13224  4  
   13245  4  
   13330  1  
   13330  1  
   13330  1  
   13335  4  
   13367  4  
   13411  1  
   13411  1  
   13411  1  
   13411  1  
   13411  1  
   13411  1  
   13414  3  
   13414  3  
   13414  3  
   13414  3  
   13457  4  
   13485  4  
   13575  4  
   13577  1  
   13577  1  
   13577  1  
   13607  4  
   13656  1  
   13656  1  
   13656  1  
   13693  4  
   13712  2  
   13712  2  
   13712  2  
   13712  2  
   13725  4  
   13822  4  
   13827  1  
   13827  1  
   13827  1  
   13845  4  
   13905  1  
   13905  1  
   13905  1  
   13932  4  
   13969  4  
   14052  4  
   14072  1  
   14072  1  
   14072  1  
   14072  1  
   14072  1  
   14072  1  
   14083  4  
   14147  1  
   14147  1  
   14147  1  
   14147  1  
   14147  1  
   14147  1  
   14171  4  
   14207  4  
   14282  2  
   14282  2  
   14289  4  
   14313  1  
   14313  1  
   14313  1  
   14324  2  
   14324  2  
   14324  2  
   14324  2  
   14329  4  
   14402  1  
   14402  1  
   14402  1  
   14410  4  
   14454  4  
   14506  3  
   14506  3  
   14506  3  
   14506  3  
   14539  4  
   14551  1  
   14551  1  
   14551  1  
   14571  4  
   14653  4  
   14657  1  
   14657  1  
   14657  1  
   14688  4  
   14777  4  
   14789  1  
   14789  1  
   14789  1  
   14812  4  
   14853  2  
   14853  2  
   14853  2  
   14853  2  
   14897  4  
   14915  1  
   14915  1  
   14915  1  
   14931  4  
   15014  4  
   15026  1  
   15026  1  
   15026  1  
   15026  1  
   15026  1  
   15026  1  
   15056  4  
   15142  4  
   15170  1  
   15170  1  
   15170  1  
   15170  1  
   15170  1  
   15170  1  
   15176  4  
   15256  1  
   15256  1  
   15256  1  
   15262  4  
   15302  4  
   15333  2  
   15333  2  
   15388  4  
   15408  1  
   15408  1  
   15408  1  
   15430  4  
   15489  1  
   15489  1  
   15489  1  
   15489  1  
   15489  1  
   15489  1  
   15511  4  
   15552  4  
   15629  4  
   15652  2  
   15652  2  
   15652  2  
   15652  2  
   15653  1  
   15653  1  
   15653  1  
   15681  4  
   15737  1  
   15737  1  
   15737  1  
   15750  2  
   15750  2  
   15761  4  
   15799  4  
   15877  4  
   15886  1  
   15886  1  
   15886  1  
   15886  1  
   15886  1  
   15886  1  
   15928  4  
   15991  1  
   15991  1  
   15991  1  
   16007  4  
   16045  4  
   16112  2  
   16112  2  
   16120  4  
   16158  1  
   16158  1  
   16158  1  
   16173  4  
   16244  1  
   16244  1  
   16244  1  
   16249  4  
   16297  4  
   16372  4  
   16424  4  
   16431  1  
   16431  1  
   16431  1  
   16458  2  
   16458  2  
   16458  2  
   16458  2  
   16494  4  
   16495  1  
   16495  1  
   16495  1  
   16550  4  
   16622  4  
   16675  4  
   16706  1  
   16706  1  
   16706  1  
   16746  4  
   16753  1  
   16753  1  
   16753  1  
   16802  4  
   16840  2  
   16840  2  
   16840  2  
   16840  2  
   16866  2  
   16866  2  
   16866  2  
   16866  2  
   16876  4  
   16919  4  
   16982  1  
   16982  1  
   16982  1  
   16982  1  
   16982  1  
   16982  1  
   16999  4  
   17013  1  
   17013  1  
   17013  1  
   17013  1  
   17013  1  
   17013  1  
   17017  3  
   17017  3  
   17017  3  
   17017  3  
   17059  4  
   17103  2  
   17103  2  
   17103  2  
   17103  2  
   17140  4  
   17179  4  
   17248  1  
   17248  1  
   17248  1  
   17259  1  
   17259  1  
   17259  1  
   17263  4  
   17311  4  
   17389  4  
   17436  4  
   17490  2  
   17490  2  
   17498  1  
   17498  1  
   17498  1  
   17512  1  
   17512  1  
   17512  1  
   17516  4  
   17566  4  
   17642  4  
   17689  4  
   17722  1  
   17722  1  
   17722  1  
   17765  4  
   17772  1  
   17772  1  
   17772  1  
   17820  4  
   17889  4  
   17921  2  
   17921  2  
   17947  4  
   17966  1  
   17966  1  
   17966  1  
   17966  1  
   17966  1  
   17966  1  
   17977  2  
   17977  2  
   17977  2  
   17977  2  
   18021  4  
   18038  1  
   18038  1  
   18038  1  
   18073  4  
   18140  4  
   18201  1  
   18201  1  
   18201  1  
   18207  4  
   18270  4  
   18302  1  
   18302  1  
   18302  1  
   18331  4  
   18397  2  
   18397  2  
   18399  4  
   18423  1  
   18423  1  
   18423  1  
   18463  4  
   18520  4  
   18561  1  
   18561  1  
   18561  1  
   18561  1  
   18561  1  
   18561  1  
   18585  4  
   18592  3  
   18592  3  
   18592  3  
   18592  3  
   18648  1  
   18648  1  
   18648  1  
   18651  4  
   18709  4  
   18776  4  
   18841  4  
   18873  1  
   18873  1  
   18873  1  
   18904  4  
   18919  1  
   18919  1  
   18919  1  
   18919  1  
   18919  1  
   18919  1  
   18963  4  
   18992  2  
   18992  2  
   18992  2  
   18992  2  
   19031  4  
   19095  4  
   19099  1  
   19099  1  
   19099  1  
   19099  1  
   19099  1  
   19099  1  
   19159  4  
   19204  1  
   19204  1  
   19204  1  
   19204  1  
   19204  1  
   19204  1  
   19212  4  
   19286  4  
   19318  1  
   19318  1  
   19318  1  
   19355  4  
   19417  4  
   19461  1  
   19461  1  
   19461  1  
   19477  4  
   19544  1  
   19544  1  
   19544  1  
   19549  4  
   19586  2  
   19586  2  
   19602  4  
   19673  4  
   19710  1  
   19710  1  
   19710  1  
   19735  4  
   19735  4  
   19753  1  
   19753  1  
   19753  1  
   19786  4  
   19807  4  
   19809  2  
   19809  2  
   19809  2  
   19809  2  
   19830  4  
   19873  4  
   19924  4  
   19937  4  
   19968  1  
   19968  1  
   19968  1  
   19972  4  
   19994  1  
   19994  1  
   19994  1  
   20015  4  
   20063  4  
   20071  4  
   20102  4  
   20154  4  
   20202  4  
   20202  4  
   20205  2  
   20205  2  
   20227  1  
   20227  1  
   20227  1  
   20228  1  
   20228  1  
   20228  1  
   20228  1  
   20228  1  
   20228  1  
   20452  1  
   20452  1  
   20452  1  
   20472  1  
   20472  1  
   20472  1  
   20639  5  
   20639  5  
   20661  5  
   20678  5  
   20694  1  
   20694  1  
   20694  1  
   20703  5  
   20717  5  
   20725  1  
   20725  1  
   20725  1  
   20740  5  
   20762  5  
   20773  5  
   20783  3  
   20783  3  
   20783  3  
   20783  3  
   20793  5  
   20810  5  
   20834  5  
   20852  5  
   20852  5  
   20881  2  
   20881  2  
   20881  2  
   20881  2  
   20916  5  
   20935  1  
   20935  1  
   20935  1  
   20984  1  
   20984  1  
   20984  1  
   20984  1  
   20984  1  
   20984  1  
   20993  5  
   21053  5  
   21128  5  
   21173  1  
   21173  1  
   21173  1  
   21173  1  
   21173  1  
   21173  1  
   21192  5  
   21262  1  
   21262  1  
   21262  1  
   21268  5  
   21302  2  
   21302  2  
   21302  2  
   21302  2  
   21328  5  
   21381  2  
   21381  2  
   21381  2  
   21381  2  
   21401  1  
   21401  1  
   21401  1  
   21406  5  
   21468  5  
   21541  5  
   21544  1  
   21544  1  
   21544  1  
   21602  5  
   21624  1  
   21624  1  
   21624  1  
   21675  5  
   21736  5  
   21815  5  
   21826  1  
   21826  1  
   21826  1  
   21844  1  
   21844  1  
   21844  1  
   21878  5  
   21945  5  
   22007  5  
   22030  2  
   22030  2  
   22030  2  
   22030  2  
   22071  1  
   22071  1  
   22071  1  
   22089  5  
   22101  1  
   22101  1  
   22101  1  
   22144  5  
   22217  5  
   22290  5  
   22296  1  
   22296  1  
   22296  1  
   22296  1  
   22296  1  
   22296  1  
   22359  5  
   22379  1  
   22379  1  
   22379  1  
   22420  5  
   22491  5  
   22529  1  
   22529  1  
   22529  1  
   22558  5  
   22629  5  
   22655  1  
   22655  1  
   22655  1  
   22655  1  
   22655  1  
   22655  1  
   22694  5  
   22744  2  
   22744  2  
   22767  5  
   22774  1  
   22774  1  
   22774  1  
   22831  5  
   22838  3  
   22838  3  
   22838  3  
   22838  3  
   22844  2  
   22844  2  
   22844  2  
   22844  2  
   22908  5  
   22964  5  
   23019  1  
   23019  1  
   23019  1  
   23029  1  
   23029  1  
   23029  1  
   23029  1  
   23029  1  
   23029  1  
   23041  5  
   23103  5  
   23178  5  
   23242  5  
   23262  1  
   23262  1  
   23262  1  
   23262  1  
   23262  1  
   23262  1  
   23271  1  
   23271  1  
   23271  1  
   23321  5  
   23378  5  
   23452  2  
   23452  2  
   23452  2  
   23452  2  
   23453  5  
   23482  1  
   23482  1  
   23482  1  
   23501  1  
   23501  1  
   23501  1  
   23515  5  
   23589  5  
   23647  5  
   23703  1  
   23703  1  
   23703  1  
   23728  5  
   23738  1  
   23738  1  
   23738  1  
   23738  1  
   23738  1  
   23738  1  
   23787  5  
   23862  5  
   23917  1  
   23917  1  
   23917  1  
   23923  5  
   24001  5  
   24005  1  
   24005  1  
   24005  1  
   24058  5  
   24133  5  
   24149  1  
   24149  1  
   24149  1  
   24149  1  
   24149  1  
   24149  1  
   24193  5  
   24245  2  
   24245  2  
   24245  2  
   24245  2  
   24263  5  
   24264  1  
   24264  1  
   24264  1  
   24322  2  
   24322  2  
   24322  2  
   24322  2  
   24327  5  
   24374  1  
   24374  1  
   24374  1  
   24401  5  
   24461  5  
   24524  1  
   24524  1  
   24524  1  
   24535  5  
   24590  3  
   24590  3  
   24590  3  
   24590  3  
   24597  1  
   24597  1  
   24597  1  
   24601  5  
   24673  5  
   24733  5  
   24791  1  
   24791  1  
   24791  1  
   24807  5  
   24830  1  
   24830  1  
   24830  1  
   24878  5  
   24947  5  
   24968  2  
   24968  2  
   25009  5  
   25060  1  
   25060  1  
   25060  1  
   25060  1  
   25060  1  
   25060  1  
   25068  1  
   25068  1  
   25068  1  
   25087  5  
   25156  5  
   25227  5  
   25289  5  
   25296  1  
   25296  1  
   25296  1  
   25317  1  
   25317  1  
   25317  1  
   25365  5  
   25429  5  
   25503  5  
   25540  1  
   25540  1  
   25540  1  
   25540  1  
   25540  1  
   25540  1  
   25569  5  
   25571  1  
   25571  1  
   25571  1  
   25598  2  
   25598  2  
   25598  2  
   25598  2  
   25642  5  
   25684  2  
   25684  2  
   25684  2  
   25684  2  
   25697  1  
   25697  1  
   25697  1  
   25706  5  
   25780  5  
   25829  1  
   25829  1  
   25829  1  
   25829  1  
   25829  1  
   25829  1  
   25843  5  
   25854  1  
   25854  1  
   25854  1  
   25854  1  
   25854  1  
   25854  1  
   25913  5  
   25983  5  
   26055  5  
   26089  1  
   26089  1  
   26089  1  
   26117  5  
   26124  1  
   26124  1  
   26124  1  
   26190  5  
   26254  5  
   26311  1  
   26311  1  
   26311  1  
   26317  2  
   26317  2  
   26333  5  
   26395  5  
   26432  1  
   26432  1  
   26432  1  
   26468  5  
   26536  5  
   26539  1  
   26539  1  
   26539  1  
   26539  1  
   26539  1  
   26539  1  
   26606  5  
   26669  5  
   26735  1  
   26735  1  
   26735  1  
   26743  5  
   26770  1  
   26770  1  
   26770  1  
   26804  2  
   26804  2  
   26812  5  
   26879  5  
   26954  5  
   26968  2  
   26968  2  
   26968  2  
   26968  2  
   26999  1  
   26999  1  
   26999  1  
   27022  5  
   27041  1  
   27041  1  
   27041  1  
   27041  1  
   27041  1  
   27041  1  
   27090  5  
   27111  3  
   27111  3  
   27111  3  
   27111  3  
   27159  5  
   27220  2  
   27220  2  
   27227  1  
   27227  1  
   27227  1  
   27233  5  
   27296  5  
   27309  1  
   27309  1  
   27309  1  
   27370  5  
   27439  5  
   27462  1  
   27462  1  
   27462  1  
   27462  1  
   27462  1  
   27462  1  
   27508  5  
   27573  1  
   27573  1  
   27573  1  
   27574  5  
   27588  2  
   27588  2  
   27647  5  
   27668  1  
   27668  1  
   27668  1  
   27722  5  
   27795  5  
   27839  1  
   27839  1  
   27839  1  
   27860  5  
   27887  1  
   27887  1  
   27887  1  
   27887  1  
   27887  1  
   27887  1  
   27898  2  
   27898  2  
   27898  2  
   27898  2  
   27932  5  
   28002  5  
   28073  5  
   28077  1  
   28077  1  
   28077  1  
   28095  1  
   28095  1  
   28095  1  
   28112  2  
   28112  2  
   28130  5  
   28211  5  
   28226  2  
   28226  2  
   28226  2  
   28226  2  
   28267  1  
   28267  1  
   28267  1  
   28280  5  
   28322  2  
   28322  2  
   28334  1  
   28334  1  
   28334  1  
   28352  5  
   28417  5  
   28459  1  
   28459  1  
   28459  1  
   28468  3  
   28468  3  
   28468  3  
   28468  3  
   28495  5  
   28522  1  
   28522  1  
   28522  1  
   28529  2  
   28529  2  
   28529  2  
   28529  2  
   28560  5  
   28638  5  
   28655  1  
   28655  1  
   28655  1  
   28683  1  
   28683  1  
   28683  1  
   28685  2  
   28685  2  
   28685  2  
   28685  2  
   28705  5  
   28784  5  
   28816  1  
   28816  1  
   28816  1  
   28851  5  
   28854  1  
   28854  1  
   28854  1  
   28914  1  
   28914  1  
   28914  1  
   28925  2  
   28925  2  
   28927  5  
   28992  5  
   29001  1  
   29001  1  
   29001  1  
   29059  1  
   29059  1  
   29059  1  
   29059  1  
   29059  1  
   29059  1  
   29066  1  
   29066  1  
   29066  1  
   29066  1  
   29066  1  
   29066  1  
   29079  5  
   29104  1  
   29104  1  
   29104  1  
   29104  1  
   29104  1  
   29104  1  
   29145  5  
   29168  1  
   29168  1  
   29168  1  
   29217  2  
   29217  2  
   29227  1  
   29227  1  
   29227  1  
   29227  1  
   29227  1  
   29227  1  
   29229  5  
   29280  1  
   29280  1  
   29280  1  
   29290  5  
   29295  1  
   29295  1  
   29295  1  
   29374  5  
   29379  1  
   29379  1  
   29379  1  
   29434  5  
   29488  1  
   29488  1  
   29488  1  
   29496  2  
   29496  2  
   29496  2  
   29496  2  
   29517  1  
   29517  1  
   29517  1  
   29518  5  
   29539  2  
   29539  2  
   29576  5  
   29618  1  
   29618  1  
   29618  1  
   29661  5  
   29709  5  
   29732  1  
   29732  1  
   29732  1  
   29774  1  
   29774  1  
   29774  1  
   29794  5  
   29851  5  
   29894  2  
   29894  2  
   29933  5  
   29944  1  
   29944  1  
   29944  1  
   29965  1  
   29965  1  
   29965  1  
   29990  5  
   30075  5  
   30128  5  
   30172  1  
   30172  1  
   30172  1  
   30172  1  
   30172  1  
   30172  1  
   30200  1  
   30200  1  
   30200  1  
   30212  5  
   30226  2  
   30226  2  
   30265  5  
   30350  2  
   30350  2  
   30351  5  
   30367  1  
   30367  1  
   30367  1  
   30400  5  
   30469  1  
   30469  1  
   30469  1  
   30487  5  
   30539  5  
   30564  1  
   30564  1  
   30564  1  
   30564  1  
   30564  1  
   30564  1  
   30623  5  
   30682  5  
   30743  1  
   30743  1  
   30743  1  
   30745  1  
   30745  1  
   30745  1  
   30762  5  
   30816  5  
   30876  2  
   30876  2  
   30876  2  
   30876  2  
   30905  5  
   30913  1  
   30913  1  
   30913  1  
   30953  2  
   30953  2  
   30953  2  
   30953  2  
   30957  5  
   31024  1  
   31024  1  
   31024  1  
   31041  5  
   31082  1  
   31082  1  
   31082  1  
   31094  5  
   31177  5  
   31231  5  
   31251  1  
   31251  1  
   31251  1  
   31251  1  
   31251  1  
   31251  1  
   31251  1  
   31300  1  
   31300  1  
   31300  1  
   31300  1  
   31300  1  
   31300  1  
   31317  5  
   31368  5  
   31408  2  
   31408  2  
   31446  1  
   31446  1  
   31446  1  
   31446  1  
   31450  5  
   31483  3  
   31483  3  
   31483  3  
   31483  3  
   31502  5  
   31587  5  
   31620  1  
   31620  1  
   31620  1  
   31624  2  
   31624  2  
   31624  2  
   31624  2  
   31642  1  
   31642  1  
   31642  1  
   31642  1  
   31644  5  
   31728  5  
   31778  5  
   31835  1  
   31835  1  
   31835  1  
   31835  1  
   31864  5  
   31918  5  
   31936  1  
   31936  1  
   31936  1  
   31936  1  
   31936  1  
   31936  1  
   31943  2  
   31943  2  
   31943  2  
   31943  2  
   31996  5  
   32028  1  
   32028  1  
   32028  1  
   32028  1  
   32028  1  
   32028  1  
   32028  1  
   32028  1  
   32046  5  
   32135  5  
   32189  5  
   32196  1  
   32196  1  
   32196  1  
   32270  1  
   32270  1  
   32270  1  
   32270  1  
   32271  5  
   32281  2  
   32281  2  
   32281  2  
   32281  2  
   32321  5  
   32351  3  
   32351  3  
   32351  3  
   32351  3  
   32404  5  
   32456  1  
   32456  1  
   32456  1  
   32460  5  
   32464  2  
   32464  2  
   32502  1  
   32502  1  
   32502  1  
   32502  1  
   32502  1  
   32502  1  
   32502  1  
   32502  1  
   32544  5  
   32596  5  
   32678  5  
   32690  1  
   32690  1  
   32690  1  
   32690  1  
   32710  1  
   32710  1  
   32710  1  
   32732  5  
   32813  5  
   32866  5  
   32875  1  
   32875  1  
   32875  1  
   32875  1  
   32952  5  
   32971  1  
   32971  1  
   32971  1  
   32986  2  
   32986  2  
   33004  5  
   33059  1  
   33059  1  
   33059  1  
   33059  1  
   33091  5  
   33091  5  
   33113  5  
   33132  5  
   33146  5  
   33148  5  
   33156  2  
   33156  2  
   33156  2  
   33156  2  
   33163  5  
   33181  5  
   33202  5  
   33223  5  
   33228  1  
   33228  1  
   33228  1  
   33241  5  
   33249  1  
   33249  1  
   33249  1  
   33249  1  
   33261  5  
   33282  5  
   33282  5  
   33434  1  
   33434  1  
   33434  1  
   33434  1  
   33434  1  
   33434  1  
   33434  1  
   33434  1  
   33482  1  
   33482  1  
   33482  1  
   33482  1  
   33482  1  
   33482  1  
   33548  2  
   33548  2  
   33548  2  
   33548  2  
   33615  1  
   33615  1  
   33615  1  
   33615  1  
   33754  1  
   33754  1  
   33754  1  
   33793  1  
   33793  1  
   33793  1  
   33793  1  
   33882  2  
   33882  2  
   33882  2  
   33882  2  
   33968  1  
   33968  1  
   33968  1  
   33968  1  
   34022  1  
   34022  1  
   34022  1  
   34146  1  
   34146  1  
   34146  1  
   34146  1  
   34147  2  
   34147  2  
   34295  1  
   34295  1  
   34295  1  
   34321  1  
   34321  1  
   34321  1  
   34321  1  
   34431  2  
   34431  2  
   34497  1  
   34497  1  
   34497  1  
   34497  1  
   34551  1  
   34551  1  
   34551  1  
   34551  1  
   34551  1  
   34551  1  
   34672  1  
   34672  1  
   34672  1  
   34672  1  
   34672  1  
   34672  1  
   34672  1  
   34672  1  
   34767  2  
   34767  2  
   34767  2  
   34767  2  
   34809  1  
   34809  1  
   34809  1  
   34832  1  
   34832  1  
   34832  1  
   34832  1  
   34832  1  
   34832  1  
   34832  1  
   34832  1  
   34968  2  
   34968  2  
   34968  2  
   34968  2  
   35015  1  
   35015  1  
   35015  1  
   35015  1  
   35063  1  
   35063  1  
   35063  1  
   35194  1  
   35194  1  
   35194  1  
   35194  1  
   35194  1  
   35194  1  
   35194  1  
   35194  1  
   35194  1  
   35319  1  
   35319  1  
   35319  1  
   35354  2  
   35354  2  
   35369  1  
   35369  1  
   35369  1  
   35369  1  
   35369  1  
   35472  2  
   35472  2  
   35548  1  
   35548  1  
   35548  1  
   35548  1  
   35548  1  
   35551  3  
   35551  3  
   35551  3  
   35551  3  
   35571  1  
   35571  1  
   35571  1  
   35571  1  
   35571  1  
   35571  1  
   35720  1  
   35720  1  
   35720  1  
   35720  1  
   35720  1  
   35833  1  
   35833  1  
   35833  1  
   35903  1  
   35903  1  
   35903  1  
   35903  1  
   35903  1  
   35947  3  
   35947  3  
   35947  3  
   35947  3  
   35966  2  
   35966  2  
   35966  2  
   35966  2  
   35980  2  
   35980  2  
   35980  2  
   35980  2  
   36088  1  
   36088  1  
   36088  1  
   36088  1  
   36088  1  
   36088  1  
   36088  1  
   36088  1  
   36088  1  
   36088  1  
   36099  1  
   36099  1  
   36099  1  
   36243  1  
   36243  1  
   36243  1  
   36243  1  
   36243  1  
   36354  1  
   36354  1  
   36354  1  
   36410  1  
   36410  1  
   36410  1  
   36410  1  
   36410  1  
   36478  2  
   36478  2  
   36478  2  
   36478  2  
   36563  1  
   36563  1  
   36563  1  
   36563  1  
   36563  1  
   36563  1  
   36563  1  
   36563  1  
   36563  1  
   36563  1  
   36618  1  
   36618  1  
   36618  1  
   36661  2  
   36661  2  
   36721  1  
   36721  1  
   36721  1  
   36721  1  
   36721  1  
   36873  1  
   36873  1  
   36873  1  
   36873  1  
   36873  1  
   36880  1  
   36880  1  
   36880  1  
   36880  1  
   36880  1  
   36880  1  
   37028  1  
   37028  1  
   37028  1  
   37028  1  
   37028  1  
   37034  2  
   37034  2  
   37034  2  
   37034  2  
   37173  1  
   37173  1  
   37173  1  
   37182  1  
   37182  1  
   37182  1  
   37182  1  
   37182  1  
   37339  1  
   37339  1  
   37339  1  
   37339  1  
   37339  1  
   37339  1  
   37339  1  
   37339  1  
   37339  1  
   37339  1  
   37348  2  
   37348  2  
   37348  2  
   37348  2  
   37472  1  
   37472  1  
   37472  1  
   37472  1  
   37472  1  
   37472  1  
   37495  1  
   37495  1  
   37495  1  
   37495  1  
   37495  1  
   37641  1  
   37641  1  
   37641  1  
   37641  1  
   37641  1  
   37686  2  
   37686  2  
   37686  2  
   37686  2  
   37724  1  
   37724  1  
   37724  1  
   37795  1  
   37795  1  
   37795  1  
   37795  1  
   37795  1  
   37940  1  
   37940  1  
   37940  1  
   37940  1  
   37940  1  
   37972  1  
   37972  1  
   37972  1  
   38097  1  
   38097  1  
   38097  1  
   38097  1  
   38097  1  
   38131  2  
   38131  2  
   38131  2  
   38131  2  
   38225  1  
   38225  1  
   38225  1  
   38259  1  
   38259  1  
   38259  1  
   38259  1  
   38259  1  
   38259  1  
   38259  1  
   38259  1  
   38259  1  
   38259  1  
   38267  2  
   38267  2  
   38267  2  
   38267  2  
   38424  1  
   38424  1  
   38424  1  
   38424  1  
   38424  1  
   38476  1  
   38476  1  
   38476  1  
   38603  1  
   38603  1  
   38603  1  
   38603  1  
   38603  1  
   38603  1  
   38603  1  
   38603  1  
   38603  1  
   38603  1  
   38673  2  
   38673  2  
   38723  1  
   38723  1  
   38723  1  
   38739  1  
   38739  1  
   38739  1  
   38739  1  
   38739  1  
   38881  1  
   38881  1  
   38881  1  
   38881  1  
   38881  1  
   38881  1  
   38881  1  
   38881  1  
   38881  1  
   38881  1  
   38942  2  
   38942  2  
   38973  1  
   38973  1  
   38973  1  
   38973  1  
   38973  1  
   38973  1  
   39031  1  
   39031  1  
   39031  1  
   39031  1  
   39031  1  
   39105  2  
   39105  2  
   39105  2  
   39105  2  
   39189  1  
   39189  1  
   39189  1  
   39189  1  
   39189  1  
   39208  1  
   39208  1  
   39208  1  
   39208  1  
   39208  1  
   39208  1  
   39309  3  
   39309  3  
   39309  3  
   39309  3  
   39310  3  
   39310  3  
   39310  3  
   39310  3  
   39341  1  
   39341  1  
   39341  1  
   39341  1  
   39341  1  
   39374  3  
   39374  3  
   39374  3  
   39374  3  
   39431  1  
   39431  1  
   39431  1  
   39492  2  
   39492  2  
   39498  1  
   39498  1  
   39498  1  
   39498  1  
   39498  1  
   39594  3  
   39594  3  
   39594  3  
   39594  3  
   39641  1  
   39641  1  
   39641  1  
   39652  1  
   39652  1  
   39652  1  
   39652  1  
   39652  1  
   39667  2  
   39667  2  
   39667  2  
   39667  2  
   39805  1  
   39805  1  
   39805  1  
   39805  1  
   39805  1  
   39845  2  
   39845  2  
   39850  1  
   39850  1  
   39850  1  
   39942  3  
   39942  3  
   39942  3  
   39942  3  
   39956  1  
   39956  1  
   39956  1  
   39956  1  
   39956  1  
   40070  1  
   40070  1  
   40070  1  
   40103  1  
   40103  1  
   40103  1  
   40103  1  
   40103  1  
   40156  2  
   40156  2  
   40156  2  
   40156  2  
   40206  2  
   40206  2  
   40206  2  
   40206  2  
   40258  1  
   40258  1  
   40258  1  
   40258  1  
   40258  1  
   40258  1  
   40258  1  
   40258  1  
   40258  1  
   40258  1  
   40281  1  
   40281  1  
   40281  1  
   40281  1  
   40281  1  
   40281  1  
   40408  1  
   40408  1  
   40408  1  
   40408  1  
   40408  1  
   40425  3  
   40425  3  
   40425  3  
   40425  3  
   40454  2  
   40454  2  
   40454  2  
   40454  2  
   40487  1  
   40487  1  
   40487  1  
   40554  1  
   40554  1  
   40554  1  
   40554  1  
   40554  1  
   40661  2  
   40661  2  
   40680  1  
   40680  1  
   40680  1  
   40702  1  
   40702  1  
   40702  1  
   40702  1  
   40702  1  
   40817  2  
   40817  2  
   40817  2  
   40817  2  
   40852  1  
   40852  1  
   40852  1  
   40852  1  
   40852  1  
   40885  1  
   40885  1  
   40885  1  
   40885  1  
   40885  1  
   40885  1  
   41000  1  
   41000  1  
   41000  1  
   41000  1  
   41000  1  
   41000  1  
   41000  1  
   41000  1  
   41000  1  
   41000  1  
   41029  3  
   41029  3  
   41029  3  
   41029  3  
   41048  1  
   41048  1  
   41048  1  
   41048  1  
   41048  1  
   41048  1  
   41149  1  
   41149  1  
   41149  1  
   41149  1  
   41149  1  
   41162  2  
   41162  2  
   41162  2  
   41162  2  
   41227  2  
   41227  2  
   41271  1  
   41271  1  
   41271  1  
   41306  1  
   41306  1  
   41306  1  
   41306  1  
   41306  1  
   41459  1  
   41459  1  
   41459  1  
   41459  1  
   41459  1  
   41490  1  
   41490  1  
   41490  1  
   41600  1  
   41600  1  
   41600  1  
   41600  1  
   41600  1  
   41619  2  
   41619  2  
   41619  2  
   41619  2  
   41684  2  
   41684  2  
   41684  2  
   41684  2  
   41706  1  
   41706  1  
   41706  1  
   41750  1  
   41750  1  
   41750  1  
   41750  1  
   41750  1  
   41774  3  
   41774  3  
   41774  3  
   41774  3  
   41903  1  
   41903  1  
   41903  1  
   41903  1  
   41903  1  
   41903  1  
   41903  1  
   41903  1  
   41903  1  
   41903  1  
   41933  1  
   41933  1  
   41933  1  
   42049  1  
   42049  1  
   42049  1  
   42049  1  
   42049  1  
   42050  2  
   42050  2  
   42050  2  
   42050  2  
   42149  1  
   42149  1  
   42149  1  
   42181  2  
   42181  2  
   42181  2  
   42181  2  
   42195  1  
   42195  1  
   42195  1  
   42195  1  
   42195  1  
   42343  1  
   42343  1  
   42343  1  
   42343  1  
   42343  1  
   42371  1  
   42371  1  
   42371  1  
   42483  1  
   42483  1  
   42483  1  
   42483  1  
   42483  1  
   42536  2  
   42536  2  
   42587  1  
   42587  1  
   42587  1  
   42601  2  
   42601  2  
   42630  1  
   42630  1  
   42630  1  
   42630  1  
   42630  1  
   42631  3  
   42631  3  
   42631  3  
   42631  3  
   42771  1  
   42771  1  
   42771  1  
   42771  1  
   42771  1  
   42793  1  
   42793  1  
   42793  1  
   42793  1  
   42793  1  
   42793  1  
   42878  3  
   42878  3  
   42878  3  
   42878  3  
   42925  1  
   42925  1  
   42925  1  
   42925  1  
   42925  1  
   42925  1  
   42925  1  
   42925  1  
   42925  1  
   42925  1  
   42927  2  
   42927  2  
   42927  2  
   42927  2  
   42988  1  
   42988  1  
   42988  1  
   43086  1  
   43086  1  
   43086  1  
   43086  1  
   43086  1  
   43154  2  
   43154  2  
   43187  1  
   43187  1  
   43187  1  
   43187  1  
   43187  1  
   43187  1  
   43256  1  
   43256  1  
   43256  1  
   43256  1  
   43256  1  
   43256  1  
   43256  1  
   43256  1  
   43256  1  
   43256  1  
   43324  2  
   43324  2  
   43392  1  
   43392  1  
   43392  1  
   43392  1  
   43392  1  
   43398  1  
   43398  1  
   43398  1  
   43527  1  
   43527  1  
   43527  1  
   43527  1  
   43527  1  
   43587  3  
   43587  3  
   43587  3  
   43587  3  
   43603  1  
   43603  1  
   43603  1  
   43655  1  
   43655  1  
   43655  1  
   43655  1  
   43655  1  
   43722  2  
   43722  2  
   43722  2  
   43722  2  
   43746  2  
   43746  2  
   43746  2  
   43746  2  
   43796  1  
   43796  1  
   43796  1  
   43796  1  
   43796  1  
   43816  1  
   43816  1  
   43816  1  
   43928  1  
   43928  1  
   43928  1  
   43928  1  
   43928  1  
   43928  1  
   43928  1  
   43928  1  
   43928  1  
   43928  1  
   44023  1  
   44023  1  
   44023  1  
   44053  2  
   44053  2  
   44053  2  
   44053  2  
   44058  1  
   44058  1  
   44058  1  
   44058  1  
   44058  1  
   44200  1  
   44200  1  
   44200  1  
   44200  1  
   44200  1  
   44231  1  
   44231  1  
   44231  1  
   44325  2  
   44325  2  
   44325  2  
   44325  2  
   44337  1  
   44337  1  
   44337  1  
   44337  1  
   44337  1  
   44391  2  
   44391  2  
   44391  2  
   44391  2  
   44433  1  
   44433  1  
   44433  1  
   44477  1  
   44477  1  
   44477  1  
   44477  1  
   44477  1  
   44611  1  
   44611  1  
   44611  1  
   44611  1  
   44611  1  
   44628  3  
   44628  3  
   44628  3  
   44628  3  
   44640  1  
   44640  1  
   44640  1  
   44640  1  
   44640  1  
   44640  1  
   44708  2  
   44708  2  
   44746  1  
   44746  1  
   44746  1  
   44746  1  
   44746  1  
   44746  1  
   44746  1  
   44746  1  
   44746  1  
   44746  1  
   44891  1  
   44891  1  
   44891  1  
   44914  1  
   44914  1  
   44914  1  
   44914  1  
   44914  1  
   45079  2  
   45079  2  
   45082  1  
   45082  1  
   45082  1  
   45082  1  
   45082  1  
   45082  1  
   45082  1  
   45082  1  
   45082  1  
   45082  1  
   45106  2  
   45106  2  
   45126  1  
   45126  1  
   45126  1  
   45126  1  
   45126  1  
   45126  1  
   45233  1  
   45233  1  
   45233  1  
   45233  1  
   45233  1  
   45348  1  
   45348  1  
   45348  1  
   45376  1  
   45376  1  
   45376  1  
   45376  1  
   45376  1  
   45487  2  
   45487  2  
   45487  2  
   45487  2  
   45525  1  
   45525  1  
   45525  1  
   45525  1  
   45525  1  
   45559  1  
   45559  1  
   45559  1  
   45664  1  
   45664  1  
   45664  1  
   45664  1  
   45664  1  
   45746  3  
   45746  3  
   45746  3  
   45746  3  
   45779  1  
   45779  1  
   45779  1  
   45807  1  
   45807  1  
   45807  1  
   45807  1  
   45807  1  
   45807  1  
   45807  1  
   45807  1  
   45807  1  
   45807  1  
   45827  2  
   45827  2  
   45827  2  
   45827  2  
   45957  1  
   45957  1  
   45957  1  
   45957  1  
   45957  1  
   45999  1  
   45999  1  
   45999  1  
   46097  1  
   46097  1  
   46097  1  
   46097  1  
   46097  1  
   46158  2  
   46158  2  
   46158  2  
   46158  2  
   46204  3  
   46204  3  
   46204  3  
   46204  3  
   46212  1  
   46212  1  
   46212  1  
   46236  1  
   46236  1  
   46236  1  
   46236  1  
   46236  1  
   46381  1  
   46381  1  
   46381  1  
   46381  1  
   46381  1  
   46433  1  
   46433  1  
   46433  1  
   46433  1  
   46433  1  
   46433  1  
   46435  2  
   46435  2  
   46435  2  
   46435  2  
   46500  1  
   46500  1  
   46500  1  
   46500  1  
   46500  1  
   46551  2  
   46551  2  
   46605  1  
   46605  1  
   46605  1  
   46605  1  
   46605  1  
   46683  1  
   46683  1  
   46683  1  
   46698  1  
   46698  1  
   46698  1  
   46698  1  
   46698  1  
   46776  1  
   46776  1  
   46776  1  
   46776  1  
   46776  1  
   46838  1  
   46838  1  
   46838  1  
   46838  1  
   46838  1  
   46838  1  
   46838  1  
   46838  1  
   46838  1  
   46838  1  
   46892  1  
   46892  1  
   46892  1  
   46892  1  
   46892  1  
   46892  1  
   46892  1  
   46892  1  
   46892  1  
   46892  1  
   46934  1  
   46934  1  
   46934  1  
   46934  1  
   46934  1  
   46934  1  
   46934  1  
   46934  1  
   46934  1  
   46934  1  
   46937  1  
   46937  1  
   46937  1  
   46937  1  
   46937  1  
   46937  1  
   46940  2  
   46940  2  
   46940  2  
   46940  2  
   46945  3  
   46945  3  
   46945  3  
   46945  3  
   47003  1  
   47003  1  
   47003  1  
   47003  1  
   47003  1  
   47075  1  
   47075  1  
   47075  1  
   47075  1  
   47075  1  
   47104  2  
   47104  2  
   47154  1  
   47154  1  
   47154  1  
   47156  1  
   47156  1  
   47156  1  
   47156  1  
   47156  1  
   47256  1  
   47256  1  
   47256  1  
   47256  1  
   47256  1  
   47361  1  
   47361  1  
   47361  1  
   47384  1  
   47384  1  
   47384  1  
   47384  1  
   47384  1  
   47386  2  
   47386  2  
   47518  1  
   47518  1  
   47518  1  
   47518  1  
   47518  1  
   47583  1  
   47583  1  
   47583  1  
   47644  1  
   47644  1  
   47644  1  
   47644  1  
   47644  1  
   47741  2  
   47741  2  
   47741  2  
   47741  2  
   47778  1  
   47778  1  
   47778  1  
   47778  1  
   47778  1  
   47790  1  
   47790  1  
   47790  1  
   47807  2  
   47807  2  
   47807  2  
   47807  2  
   47914  1  
   47914  1  
   47914  1  
   47914  1  
   47914  1  
   47914  1  
   47914  1  
   47914  1  
   47914  1  
   47914  1  
   48002  1  
   48002  1  
   48002  1  
   48052  1  
   48052  1  
   48052  1  
   48052  1  
   48052  1  
   48135  2  
   48135  2  
   48135  2  
   48135  2  
   48183  1  
   48183  1  
   48183  1  
   48183  1  
   48183  1  
   48192  3  
   48192  3  
   48192  3  
   48192  3  
   48199  1  
   48199  1  
   48199  1  
   48199  1  
   48199  1  
   48199  1  
   48320  1  
   48320  1  
   48320  1  
   48320  1  
   48320  1  
   48395  1  
   48395  1  
   48395  1  
   48431  2  
   48431  2  
   48434  2  
   48434  2  
   48434  2  
   48434  2  
   48458  1  
   48458  1  
   48458  1  
   48458  1  
   48458  1  
   48594  1  
   48594  1  
   48594  1  
   48594  1  
   48594  1  
   48594  1  
   48594  1  
   48594  1  
   48594  1  
   48594  1  
   48603  1  
   48603  1  
   48603  1  
   48603  1  
   48603  1  
   48603  1  
   48712  2  
   48712  2  
   48712  2  
   48712  2  
   48760  1  
   48760  1  
   48760  1  
   48760  1  
   48760  1  
   48787  1  
   48787  1  
   48787  1  
   48910  1  
   48910  1  
   48910  1  
   48910  1  
   48910  1  
   48910  1  
   48910  1  
   48910  1  
   48910  1  
   48910  1  
   48969  1  
   48969  1  
   48969  1  
   49038  1  
   49038  1  
   49038  1  
   49038  1  
   49038  1  
   49068  2  
   49068  2  
   49078  2  
   49078  2  
   49153  1  
   49153  1  
   49153  1  
   49157  1  
   49157  1  
   49157  1  
   49157  1  
   49157  1  
   49280  1  
   49280  1  
   49280  1  
   49280  1  
   49280  1  
   49288  3  
   49288  3  
   49288  3  
   49288  3  
   49338  1  
   49338  1  
   49338  1  
   49404  1  
   49404  1  
   49404  1  
   49404  1  
   49404  1  
   49404  1  
   49404  1  
   49404  1  
   49404  1  
   49404  1  
   49412  2  
   49412  2  
   49412  2  
   49412  2  
   49492  3  
   49492  3  
   49492  3  
   49492  3  
   49519  1  
   49519  1  
   49519  1  
   49531  1  
   49531  1  
   49531  1  
   49531  1  
   49531  1  
   49663  1  
   49663  1  
   49663  1  
   49663  1  
   49663  1  
   49702  1  
   49702  1  
   49702  1  
   49704  2  
   49704  2  
   49704  2  
   49704  2  
   49707  2  
   49707  2  
   49707  2  
   49707  2  
   49792  1  
   49792  1  
   49792  1  
   49792  1  
   49792  1  
   49878  1  
   49878  1  
   49878  1  
   49878  1  
   49878  1  
   49878  1  
   49922  1  
   49922  1  
   49922  1  
   49922  1  
   49922  1  
   49922  1  
   49922  1  
   49922  1  
   49922  1  
   49922  1  
   50007  2  
   50007  2  
   50052  1  
   50052  1  
   50052  1  
   50052  1  
   50052  1  
   50098  1  
   50098  1  
   50098  1  
   50098  1  
   50098  1  
   50098  1  
   50185  1  
   50185  1  
   50185  1  
   50185  1  
   50185  1  
   50239  2  
   50239  2  
   50239  2  
   50239  2  
   50285  1  
   50285  1  
   50285  1  
   50305  2  
   50305  2  
   50305  2  
   50305  2  
   50309  1  
   50309  1  
   50309  1  
   50309  1  
   50309  1  
   50309  1  
   50309  1  
   50309  1  
   50309  1  
   50309  1  
   50430  1  
   50430  1  
   50430  1  
   50430  1  
   50430  1  
   50464  1  
   50464  1  
   50464  1  
   50548  1  
   50548  1  
   50548  1  
   50548  1  
   50548  1  
   50566  2  
   50566  2  
   50652  1  
   50652  1  
   50652  1  
   50674  1  
   50674  1  
   50674  1  
   50674  1  
   50674  1  
   50690  2  
   50690  2  
   50778  2  
   50778  2  
   50793  1  
   50793  1  
   50793  1  
   50793  1  
   50793  1  
   50812  3  
   50812  3  
   50812  3  
   50812  3  
   50825  1  
   50825  1  
   50825  1  
   50910  1  
   50910  1  
   50910  1  
   50910  1  
   50910  1  
   50910  1  
   50910  1  
   50910  1  
   50910  1  
   50910  1  
   50972  2  
   50972  2  
   50973  1  
   50973  1  
   50973  1  
   51038  1  
   51038  1  
   51038  1  
   51038  1  
   51038  1  
   51094  2  
   51094  2  
   51097  1  
   51097  1  
   51097  1  
   51146  2  
   51146  2  
   51146  2  
   51146  2  
   51171  1  
   51171  1  
   51171  1  
   51171  1  
   51171  1  
   51189  1  
   51189  1  
   51189  1  
   51256  2  
   51256  2  
   51256  2  
   51256  2  
   51275  1  
   51275  1  
   51275  1  
   51302  1  
   51302  1  
   51302  1  
   51302  1  
   51302  1  
   51336  1  
   51336  1  
   51336  1  
   51336  1  
   51336  1  
   51336  1  
   51369  2  
   51369  2  
   51369  2  
   51369  2  
   51398  1  
   51398  1  
   51398  1  
   51434  1  
   51434  1  
   51434  1  
   51434  1  
   51434  1  
   51441  1  
   51441  1  
   51441  1  
   51495  1  
   51495  1  
   51495  1  
   51495  1  
   51495  1  
   51495  1  
   51497  2  
   51497  2  
   51497  2  
   51497  2  
   51528  1  
   51528  1  
   51528  1  
   51528  1  
   51528  1  
   51528  1  
   51554  2  
   51554  2  
   51576  1  
   51576  1  
   51576  1  
   51586  1  
   51586  1  
   51586  1  
   51586  1  
   51586  1  
   51633  1  
   51633  1  
   51633  1  
   51708  1  
   51708  1  
   51708  1  
   51708  1  
   51708  1  
   51710  1  
   51710  1  
   51710  1  
   51744  2  
   51744  2  
   51799  1  
   51799  1  
   51799  1  
   51824  1  
   51824  1  
   51824  1  
   51824  1  
   51824  1  
   51824  1  
   51824  1  
   51824  1  
   51824  1  
   51901  1  
   51901  1  
   51901  1  
   51931  1  
   51931  1  
   51931  1  
   51931  1  
   51931  1  
   51931  1  
   51931  1  
   51931  1  
   51931  1  
   51948  2  
   51948  2  
   51988  2  
   51988  2  
   51988  2  
   51988  2  
   52016  1  
   52016  1  
   52016  1  
   52016  1  
   52016  1  
   52016  1  
   52016  1  
   52016  1  
   52016  1  
   52016  1  
   52037  1  
   52037  1  
   52037  1  
   52125  1  
   52125  1  
   52125  1  
   52125  1  
   52125  1  
   52157  3  
   52157  3  
   52157  3  
   52157  3  
   52187  1  
   52187  1  
   52187  1  
   52192  2  
   52192  2  
   52192  2  
   52192  2  
   52205  3  
   52205  3  
   52205  3  
   52205  3  
   52246  1  
   52246  1  
   52246  1  
   52246  1  
   52246  1  
   52313  2  
   52313  2  
   52356  1  
   52356  1  
   52356  1  
   52366  1  
   52366  1  
   52366  1  
   52366  1  
   52366  1  
   52465  2  
   52465  2  
   52490  1  
   52490  1  
   52490  1  
   52490  1  
   52490  1  
   52509  1  
   52509  1  
   52509  1  
   52583  2  
   52583  2  
   52610  1  
   52610  1  
   52610  1  
   52610  1  
   52610  1  
   52669  1  
   52669  1  
   52669  1  
   52732  1  
   52732  1  
   52732  1  
   52732  1  
   52732  1  
   52741  2  
   52741  2  
   52741  2  
   52741  2  
   52803  2  
   52803  2  
   52835  1  
   52835  1  
   52835  1  
   52835  1  
   52835  1  
   52835  1  
   52865  1  
   52865  1  
   52865  1  
   52865  1  
   52865  1  
   52865  1  
   52865  1  
   52865  1  
   52865  1  
   52865  1  
   52992  1  
   52992  1  
   52992  1  
   52992  1  
   52992  1  
   52997  2  
   52997  2  
   53009  2  
   53009  2  
   53009  2  
   53009  2  
   53013  1  
   53013  1  
   53013  1  
   53114  1  
   53114  1  
   53114  1  
   53114  1  
   53114  1  
   53168  2  
   53168  2  
   53168  2  
   53168  2  
   53200  1  
   53200  1  
   53200  1  
   53200  1  
   53200  1  
   53200  1  
   53247  1  
   53247  1  
   53247  1  
   53247  1  
   53247  1  
   53314  2  
   53314  2  
   53314  2  
   53314  2  
   53344  1  
   53344  1  
   53344  1  
   53373  1  
   53373  1  
   53373  1  
   53373  1  
   53373  1  
   53406  2  
   53406  2  
   53406  2  
   53406  2  
   53420  2  
   53420  2  
   53420  2  
   53420  2  
   53497  1  
   53497  1  
   53497  1  
   53501  1  
   53501  1  
   53501  1  
   53501  1  
   53501  1  
   53554  3  
   53554  3  
   53554  3  
   53554  3  
   53611  2  
   53611  2  
   53622  2  
   53622  2  
   53623  1  
   53623  1  
   53623  1  
   53623  1  
   53623  1  
   53623  1  
   53623  1  
   53623  1  
   53623  1  
   53641  1  
   53641  1  
   53641  1  
   53719  1  
   53719  1  
   53719  1  
   53719  1  
   53787  1  
   53787  1  
   53787  1  
   53820  1  
   53820  1  
   53820  1  
   53820  1  
   53820  1  
   53820  1  
   53820  1  
   53820  1  
   53829  2  
   53829  2  
   53830  2  
   53830  2  
   53830  2  
   53830  2  
   53927  1  
   53927  1  
   53927  1  
   53970  1  
   53970  1  
   53970  1  
   53970  1  
   54064  2  
   54064  2  
   54065  1  
   54065  1  
   54065  1  
   54065  1  
   54065  1  
   54065  1  
   54114  1  
   54114  1  
   54114  1  
   54114  1  
   54114  1  
   54114  1  
   54114  1  
   54114  1  
   54183  2  
   54183  2  
   54183  2  
   54183  2  
   54210  1  
   54210  1  
   54210  1  
   54240  1  
   54240  1  
   54240  1  
   54240  1  
   54339  2  
   54339  2  
   54357  1  
   54357  1  
   54357  1  
   54358  1  
   54358  1  
   54358  1  
   54358  1  
   54435  2  
   54435  2  
   54473  1  
   54473  1  
   54473  1  
   54473  1  
   54494  1  
   54494  1  
   54494  1  
   54594  1  
   54594  1  
   54594  1  
   54594  1  
   54636  1  
   54636  1  
   54636  1  
   54674  2  
   54674  2  
   54674  2  
   54674  2  
   54686  2  
   54686  2  
   54686  2  
   54686  2  
   54708  1  
   54708  1  
   54708  1  
   54708  1  
   54708  1  
   54708  1  
   54708  1  
   54708  1  
   54719  3  
   54719  3  
   54719  3  
   54719  3  
   54778  1  
   54778  1  
   54778  1  
   54778  1  
   54778  1  
   54778  1  
   54821  1  
   54821  1  
   54821  1  
   54821  1  
   54878  3  
   54878  3  
   54878  3  
   54878  3  
   54884  2  
   54884  2  
   54914  1  
   54914  1  
   54914  1  
   54938  1  
   54938  1  
   54938  1  
   54938  1  
   55040  1  
   55040  1  
   55040  1  
   55048  1  
   55048  1  
   55048  1  
   55048  1  
   55062  2  
   55062  2  
   55147  2  
   55147  2  
   55147  2  
   55147  2  
   55156  1  
   55156  1  
   55156  1  
   55156  1  
   55156  1  
   55156  1  
   55156  1  
   55156  1  
   55170  1  
   55170  1  
   55170  1  
   55170  1  
   55170  1  
   55170  1  
   55220  2  
   55220  2  
   55269  1  
   55269  1  
   55269  1  
   55269  1  
   55308  1  
   55308  1  
   55308  1  
   55362  2  
   55362  2  
   55362  2  
   55362  2  
   55382  1  
   55382  1  
   55382  1  
   55382  1  
   55438  1  
   55438  1  
   55438  1  
   55452  2  
   55452  2  
   55452  2  
   55452  2  
   55489  1  
   55489  1  
   55489  1  
   55489  1  
   55552  2  
   55552  2  
   55552  2  
   55552  2  
   55574  2  
   55574  2  
   55580  1  
   55580  1  
   55580  1  
   55610  1  
   55610  1  
   55610  1  
   55610  1  
   55610  1  
   55610  1  
   55610  1  
   55610  1  
   55690  2  
   55690  2  
   55709  1  
   55709  1  
   55709  1  
   55728  1  
   55728  1  
   55728  1  
   55728  1  
   55837  2  
   55837  2  
   55841  1  
   55841  1  
   55841  1  
   55853  1  
   55853  1  
   55853  1  
   55853  1  
   55968  1  
   55968  1  
   55968  1  
   55968  1  
   55968  1  
   55968  1  
   55970  1  
   55970  1  
   55970  1  
   55970  1  
   55997  2  
   55997  2  
   55997  2  
   55997  2  
   56004  2  
   56004  2  
   56075  1  
   56075  1  
   56075  1  
   56096  1  
   56096  1  
   56096  1  
   56096  1  
   56156  3  
   56156  3  
   56156  3  
   56156  3  
   56177  1  
   56177  1  
   56177  1  
   56177  1  
   56177  1  
   56177  1  
   56195  2  
   56195  2  
   56195  2  
   56195  2  
   56216  1  
   56216  1  
   56216  1  
   56216  1  
   56216  1  
   56216  1  
   56216  1  
   56216  1  
   56284  1  
   56284  1  
   56284  1  
   56284  1  
   56284  1  
   56284  1  
   56336  1  
   56336  1  
   56336  1  
   56336  1  
   56370  2  
   56370  2  
   56379  2  
   56379  2  
   56403  1  
   56403  1  
   56403  1  
   56459  1  
   56459  1  
   56459  1  
   56459  1  
   56459  1  
   56459  1  
   56459  1  
   56459  1  
   56520  1  
   56520  1  
   56520  1  
   56556  1  
   56556  1  
   56556  1  
   56556  1  
   56566  2  
   56566  2  
   56645  1  
   56645  1  
   56645  1  
   56657  1  
   56657  1  
   56657  1  
   56657  1  
   56657  1  
   56657  1  
   56657  1  
   56657  1  
   56713  2  
   56713  2  
   56713  2  
   56713  2  
   56754  1  
   56754  1  
   56754  1  
   56754  1  
   56759  2  
   56759  2  
   56759  2  
   56759  2  
   56761  1  
   56761  1  
   56761  1  
   56859  1  
   56859  1  
   56859  1  
   56859  1  
   56878  1  
   56878  1  
   56878  1  
   56937  2  
   56937  2  
   56960  1  
   56960  1  
   56960  1  
   56960  1  
   56968  2  
   56968  2  
   56968  2  
   56968  2  
   56977  3  
   56977  3  
   56977  3  
   56977  3  
   56997  1  
   56997  1  
   56997  1  
   57058  1  
   57058  1  
   57058  1  
   57058  1  
   57105  1  
   57105  1  
   57105  1  
   57105  1  
   57105  1  
   57105  1  
   57153  2  
   57153  2  
   57153  2  
   57153  2  
   57160  1  
   57160  1  
   57160  1  
   57160  1  
   57175  2  
   57175  2  
   57175  2  
   57175  2  
   57224  1  
   57224  1  
   57224  1  
   57260  1  
   57260  1  
   57260  1  
   57260  1  
   57260  1  
   57260  1  
   57260  1  
   57260  1  
   57330  1  
   57330  1  
   57330  1  
   57355  1  
   57355  1  
   57355  1  
   57355  1  
   57387  2  
   57387  2  
   57397  3  
   57397  3  
   57397  3  
   57397  3  
   57398  2  
   57398  2  
   57442  1  
   57442  1  
   57442  1  
   57452  1  
   57452  1  
   57452  1  
   57452  1  
   57539  1  
   57539  1  
   57539  1  
   57539  1  
   57544  1  
   57544  1  
   57544  1  
   57593  2  
   57593  2  
   57604  2  
   57604  2  
   57604  2  
   57604  2  
   57630  1  
   57630  1  
   57630  1  
   57630  1  
   57664  1  
   57664  1  
   57664  1  
   57715  1  
   57715  1  
   57715  1  
   57715  1  
   57760  1  
   57760  1  
   57760  1  
   57760  1  
   57760  1  
   57760  1  
   57774  2  
   57774  2  
   57787  1  
   57787  1  
   57787  1  
   57787  1  
   57845  1  
   57845  1  
   57845  1  
   57845  1  
   57884  1  
   57884  1  
   57884  1  
   57884  1  
   57930  1  
   57930  1  
   57930  1  
   57930  1  
   57936  2  
   57936  2  
   57936  2  
   57936  2  
   57937  1  
   57937  1  
   57937  1  
   57937  1  
   57937  1  
   57937  1  
   57959  2  
   57959  2  
   57959  2  
   57959  2  
   57966  1  
   57966  1  
   57966  1  
   57966  1  
   57993  1  
   57993  1  
   57993  1  
   57993  1  
   58016  1  
   58016  1  
   58016  1  
   58016  1  
   58032  1  
   58032  1  
   58032  1  
   58032  1  
   58053  1  
   58053  1  
   58053  1  
   58053  1  
   58053  1  
   58053  1  
   58053  1  
   58053  1  
   58063  1  
   58063  1  
   58063  1  
   58063  1  
   58063  1  
   58063  1  
   58063  1  
   58063  1  
   58074  1  
   58074  1  
   58074  1  
   58074  1  
   58074  1  
   58074  1  
   58074  1  
   58074  1  
   58089  1  
   58089  1  
   58089  1  
   58096  1  
   58096  1  
   58096  1  
   58096  1  
   58115  1  
   58115  1  
   58115  1  
   58115  1  
   58138  2  
   58138  2  
   58144  1  
   58144  1  
   58144  1  
   58144  1  
   58176  1  
   58176  1  
   58176  1  
   58176  1  
   58201  2  
   58201  2  
   58210  1  
   58210  1  
   58210  1  
   58210  1  
   58218  1  
   58218  1  
   58218  1  
   58218  1  
   58218  1  
   58218  1  
   58255  1  
   58255  1  
   58255  1  
   58255  1  
   58302  2  
   58302  2  
   58302  2  
   58302  2  
   58316  1  
   58316  1  
   58316  1  
   58316  1  
   58339  1  
   58339  1  
   58339  1  
   58377  1  
   58377  1  
   58377  1  
   58377  1  
   58389  2  
   58389  2  
   58389  2  
   58389  2  
   58392  2  
   58392  2  
   58392  2  
   58392  2  
   58457  1  
   58457  1  
   58457  1  
   58460  1  
   58460  1  
   58460  1  
   58460  1  
   58546  1  
   58546  1  
   58546  1  
   58546  1  
   58565  1  
   58565  1  
   58565  1  
   58570  2  
   58570  2  
   58628  2  
   58628  2  
   58638  1  
   58638  1  
   58638  1  
   58638  1  
   58659  3  
   58659  3  
   58659  3  
   58659  3  
   58675  1  
   58675  1  
   58675  1  
   58736  1  
   58736  1  
   58736  1  
   58736  1  
   58755  2  
   58755  2  
   58781  1  
   58781  1  
   58781  1  
   58781  1  
   58781  1  
   58781  1  
   58824  1  
   58824  1  
   58824  1  
   58824  1  
   58824  1  
   58824  1  
   58824  1  
   58824  1  
   58849  2  
   58849  2  
   58849  2  
   58849  2  
   58869  1  
   58869  1  
   58869  1  
   58928  1  
   58928  1  
   58928  1  
   58928  1  
   58959  2  
   58959  2  
   58965  1  
   58965  1  
   58965  1  
   59010  2  
   59010  2  
   59010  2  
   59010  2  
   59012  3  
   59012  3  
   59012  3  
   59012  3  
   59024  1  
   59024  1  
   59024  1  
   59024  1  
   59050  1  
   59050  1  
   59050  1  
   59116  1  
   59116  1  
   59116  1  
   59116  1  
   59148  1  
   59148  1  
   59148  1  
   59195  2  
   59195  2  
   59195  2  
   59195  2  
   59217  1  
   59217  1  
   59217  1  
   59217  1  
   59235  1  
   59235  1  
   59235  1  
   59240  2  
   59240  2  
   59240  2  
   59240  2  
   59307  1  
   59307  1  
   59307  1  
   59307  1  
   59307  1  
   59307  1  
   59307  1  
   59307  1  
   59322  1  
   59322  1  
   59322  1  
   59322  1  
   59322  1  
   59322  1  
   59388  2  
   59388  2  
   59397  1  
   59397  1  
   59397  1  
   59397  1  
   59405  2  
   59405  2  
   59433  1  
   59433  1  
   59433  1  
   59433  1  
   59433  1  
   59433  1  
   59482  1  
   59482  1  
   59482  1  
   59482  1  
   59482  1  
   59482  1  
   59482  1  
   59482  1  
   59545  2  
   59545  2  
   59548  1  
   59548  1  
   59548  1  
   59548  1  
   59548  1  
   59548  1  
   59549  2  
   59549  2  
   59562  1  
   59562  1  
   59562  1  
   59562  1  
   59631  1  
   59631  1  
   59631  1  
   59640  1  
   59640  1  
   59640  1  
   59640  1  
   59690  2  
   59690  2  
   59691  2  
   59691  2  
   59691  2  
   59691  2  
   59719  1  
   59719  1  
   59719  1  
   59719  1  
   59724  1  
   59724  1  
   59724  1  
   59725  3  
   59725  3  
   59725  3  
   59725  3  
   59795  1  
   59795  1  
   59795  1  
   59795  1  
   59795  1  
   59795  1  
   59795  1  
   59795  1  
   59806  1  
   59806  1  
   59806  1  
   59815  2  
   59815  2  
   59819  2  
   59819  2  
   59819  2  
   59819  2  
   59883  1  
   59883  1  
   59883  1  
   59883  1  
   59896  1  
   59896  1  
   59896  1  
   59898  2  
   59898  2  
   59898  2  
   59898  2  
   59921  2  
   59921  2  
   59965  1  
   59965  1  
   59965  1  
   59965  1  
   59974  1  
   59974  1  
   59974  1  
   59992  2  
   59992  2  
   59998  2  
   59998  2  
   60050  1  
   60050  1  
   60050  1  
   60050  1  
   60067  2  
   60067  2  
   60069  1  
   60069  1  
   60069  1  
   60069  1  
   60069  1  
   60069  1  
   60082  2  
   60082  2  
   60123  2  
   60123  2  
   60133  1  
   60133  1  
   60133  1  
   60133  1  
   60133  1  
   60133  1  
   60133  1  
   60133  1  
   60140  1  
   60140  1  
   60140  1  
   60169  2  
   60169  2  
   60184  2  
   60184  2  
   60184  2  
   60184  2  
   60215  2  
   60215  2  
   60215  2  
   60215  2  
   60223  1  
   60223  1  
   60223  1  
   60233  1  
   60233  1  
   60233  1  
   60233  1  
   60244  2  
   60244  2  
   60283  2  
   60283  2  
   60283  2  
   60283  2  
   60296  1  
   60296  1  
   60296  1  
   60309  2  
   60309  2  
   60309  2  
   60309  2  
   60322  2  
   60322  2  
   60325  1  
   60325  1  
   60325  1  
   60325  1  
   60345  2  
   60345  2  
   60375  1  
   60375  1  
   60375  1  
   60391  2  
   60391  2  
   60416  1  
   60416  1  
   60416  1  
   60416  1  
   60416  1  
   60416  1  
   60416  1  
   60416  1  
   60447  1  
   60447  1  
   60447  1  
   60451  2  
   60451  2  
   60452  2  
   60452  2  
   60484  1  
   60484  1  
   60484  1  
   60484  1  
   60510  1  
   60510  1  
   60510  1  
   60522  2  
   60522  2  
   60544  1  
   60544  1  
   60544  1  
   60544  1  
   60569  1  
   60569  1  
   60569  1  
   60587  2  
   60587  2  
   60597  2  
   60597  2  
   60614  1  
   60614  1  
   60614  1  
   60614  1  
   60617  1  
   60617  1  
   60617  1  
   60617  1  
   60617  1  
   60617  1  
   60645  3  
   60645  3  
   60645  3  
   60645  3  
   60654  1  
   60654  1  
   60654  1  
   60654  1  
   60654  1  
   60654  1  
   60682  1  
   60682  1  
   60682  1  
   60682  1  
   60699  2  
   60699  2  
   60726  1  
   60726  1  
   60726  1  
   60726  1  
   60726  1  
   60726  1  
   60729  2  
   60729  2  
   60729  2  
   60729  2  
   60738  3  
   60738  3  
   60738  3  
   60738  3  
   60743  1  
   60743  1  
   60743  1  
   60743  1  
   60743  1  
   60743  1  
   60743  1  
   60743  1  
   60775  1  
   60775  1  
   60775  1  
   60815  2  
   60815  2  
   60815  2  
   60815  2  
   60819  1  
   60819  1  
   60819  1  
   60819  1  
   60825  2  
   60825  2  
   60833  1  
   60833  1  
   60833  1  
   60883  1  
   60883  1  
   60883  1  
   60883  1  
   60903  1  
   60903  1  
   60903  1  
   60909  2  
   60909  2  
   60943  2  
   60943  2  
   60952  1  
   60952  1  
   60952  1  
   60952  1  
   60966  2  
   60966  2  
   60969  1  
   60969  1  
   60969  1  
   61012  1  
   61012  1  
   61012  1  
   61012  1  
   61017  2  
   61017  2  
   61043  1  
   61043  1  
   61043  1  
   61060  2  
   61060  2  
   61066  2  
   61066  2  
   61077  1  
   61077  1  
   61077  1  
   61077  1  
   61092  2  
   61092  2  
   61115  1  
   61115  1  
   61115  1  
   61122  2  
   61122  2  
   61128  1  
   61128  1  
   61128  1  
   61128  1  
   61146  2  
   61146  2  
   61164  2  
   61164  2  
   61175  1  
   61175  1  
   61175  1  
   61175  1  
   61181  2  
   61181  2  
   61192  2  
   61192  2  
   61203  2  
   61203  2  
   61203  2  
   61203  2  
   61209  1  
   61209  1  
   61209  1  
   61209  1  
   61209  1  
   61209  1  
   61217  2  
   61217  2  
   61217  2  
   61217  2  
   61224  2  
   61224  2  
   61226  1  
   61226  1  
   61226  1  
   61226  1  
   61238  2  
   61238  2  
   61238  2  
   61238  2  
   61242  2  
   61242  2  
   61267  2  
   61267  2  
   61274  1  
   61274  1  
   61274  1  
   61274  1  
   61287  2  
   61287  2  
   61300  1  
   61300  1  
   61300  1  
   61300  1  
   61303  1  
   61303  1  
   61303  1  
   61313  2  
   61313  2  
   61327  1  
   61327  1  
   61327  1  
   61327  1  
   61355  1  
   61355  1  
   61355  1  
   61355  1  
   61361  2  
   61361  2  
   61375  1  
   61375  1  
   61375  1  
   61375  1  
   61395  1  
   61395  1  
   61395  1  
   61395  1  
   61395  1  
   61395  1  
   61395  1  
   61395  1  
   61401  1  
   61401  1  
   61401  1  
   61401  1  
   61401  1  
   61401  1  
   61401  1  
   61401  1  
   61413  1  
   61413  1  
   61413  1  
   61413  1  
   61413  1  
   61413  1  
   61413  1  
   61413  1  
   61435  1  
   61435  1  
   61435  1  
   61435  1  
   61436  2  
   61436  2  
   61446  1  
   61446  1  
   61446  1  
   61453  1  
   61453  1  
   61453  1  
   61453  1  
   61477  2  
   61477  2  
   61479  1  
   61479  1  
   61479  1  
   61479  1  
   61490  2  
   61490  2  
   61501  1  
   61501  1  
   61501  1  
   61501  1  
   61524  1  
   61524  1  
   61524  1  
   61524  1  
   61530  1  
   61530  1  
   61530  1  
   61546  2  
   61546  2  
   61556  1  
   61556  1  
   61556  1  
   61556  1  
   61596  1  
   61596  1  
   61596  1  
   61596  1  
   61601  1  
   61601  1  
   61601  1  
   61612  2  
   61612  2  
   61612  2  
   61612  2  
   61619  2  
   61619  2  
   61619  2  
   61619  2  
   61637  1  
   61637  1  
   61637  1  
   61637  1  
   61656  1  
   61656  1  
   61656  1  
   61656  1  
   61656  1  
   61656  1  
   61670  2  
   61670  2  
   61689  1  
   61689  1  
   61689  1  
   61689  1  
   61708  1  
   61708  1  
   61708  1  
   61740  2  
   61740  2  
   61745  1  
   61745  1  
   61745  1  
   61745  1  
   61770  1  
   61770  1  
   61770  1  
   61778  3  
   61778  3  
   61778  3  
   61778  3  
   61783  2  
   61783  2  
   61783  2  
   61783  2  
   61802  1  
   61802  1  
   61802  1  
   61802  1  
   61815  2  
   61815  2  
   61820  1  
   61820  1  
   61820  1  
   61820  1  
   61820  1  
   61820  1  
   61856  1  
   61856  1  
   61856  1  
   61856  1  
   61874  1  
   61874  1  
   61874  1  
   61897  2  
   61897  2  
   61910  1  
   61910  1  
   61910  1  
   61910  1  
   61910  1  
   61910  1  
   61910  1  
   61921  1  
   61921  1  
   61921  1  
   61948  2  
   61948  2  
   61948  2  
   61948  2  
   61962  1  
   61962  1  
   61962  1  
   61965  1  
   61965  1  
   61965  1  
   61995  2  
   61995  2  
   61995  2  
   61995  2  
   62007  1  
   62007  1  
   62007  1  
   62011  1  
   62011  1  
   62011  1  
   62048  1  
   62048  1  
   62048  1  
   62059  2  
   62059  2  
   62066  1  
   62066  1  
   62066  1  
   62067  3  
   62067  3  
   62067  3  
   62067  3  
   62088  2  
   62088  2  
   62096  1  
   62096  1  
   62096  1  
   62125  1  
   62125  1  
   62125  1  
   62125  1  
   62125  1  
   62125  1  
   62132  1  
   62132  1  
   62132  1  
   62132  1  
   62132  1  
   62132  1  
   62158  2  
   62158  2  
   62164  1  
   62164  1  
   62164  1  
   62168  2  
   62168  2  
   62168  2  
   62168  2  
   62169  1  
   62169  1  
   62169  1  
   62169  1  
   62169  1  
   62169  1  
   62195  1  
   62195  1  
   62195  1  
   62195  1  
   62195  1  
   62195  1  
   62210  1  
   62210  1  
   62210  1  
   62214  2  
   62214  2  
   62235  1  
   62235  1  
   62235  1  
   62249  1  
   62249  1  
   62249  1  
   62249  1  
   62249  1  
   62249  1  
   62260  2  
   62260  2  
   62266  1  
   62266  1  
   62266  1  
   62271  2  
   62271  2  
   62292  1  
   62292  1  
   62292  1  
   62295  2  
   62295  2  
   62297  1  
   62297  1  
   62297  1  
   62333  2  
   62333  2  
   62333  2  
   62333  2  
   62336  1  
   62336  1  
   62336  1  
   62344  1  
   62344  1  
   62344  1  
   62356  2  
   62356  2  
   62376  1  
   62376  1  
   62376  1  
   62378  2  
   62378  2  
   62378  2  
   62378  2  
   62385  2  
   62385  2  
   62389  1  
   62389  1  
   62389  1  
   62406  2  
   62406  2  
   62406  2  
   62406  2  
   62413  1  
   62413  1  
   62413  1  
   62415  3  
   62415  3  
   62415  3  
   62415  3  
   62422  2  
   62422  2  
   62422  2  
   62422  2  
   62433  1  
   62433  1  
   62433  1  
   62447  2  
   62447  2  
   62450  1  
   62450  1  
   62450  1  
   62469  2  
   62469  2  
   62474  1  
   62474  1  
   62474  1  
   62478  2  
   62478  2  
   62484  1  
   62484  1  
   62484  1  
   62484  1  
   62484  1  
   62484  1  
   62509  2  
   62509  2  
   62513  1  
   62513  1  
   62513  1  
   62520  1  
   62520  1  
   62520  1  
   62537  2  
   62537  2  
   62549  2  
   62549  2  
   62552  1  
   62552  1  
   62552  1  
   62552  1  
   62552  1  
   62552  1  
   62562  1  
   62562  1  
   62562  1  
   62567  1  
   62567  1  
   62567  1  
   62567  1  
   62567  1  
   62567  1  
   62584  1  
   62584  1  
   62584  1  
   62589  2  
   62589  2  
   62591  2  
   62591  2  
   62595  1  
   62595  1  
   62595  1  
   62607  1  
   62607  1  
   62607  1  
   62629  1  
   62629  1  
   62629  1  
   62631  1  
   62631  1  
   62631  1  
   62640  2  
   62640  2  
   62640  2  
   62640  2  
   62645  2  
   62645  2  
   62645  2  
   62645  2  
   62647  1  
   62647  1  
   62647  1  
   62662  1  
   62662  1  
   62662  1  
   62662  1  
   62662  1  
   62662  1  
   62663  1  
   62663  1  
   62663  1  
   62667  2  
   62667  2  
   62667  2  
   62667  2  
   62679  1  
   62679  1  
   62679  1  
   62683  1  
   62683  1  
   62683  1  
   62701  1  
   62701  1  
   62701  1  
   62704  1  
   62704  1  
   62704  1  
   62705  2  
   62705  2  
   62713  1  
   62713  1  
   62713  1  
   62713  1  
   62713  1  
   62713  1  
   62716  1  
   62716  1  
   62716  1  
   62716  1  
   62716  1  
   62716  1  
   62720  1  
   62720  1  
   62720  1  
   62721  1  
   62721  1  
   62721  1  
   62725  1  
   62725  1  
   62725  1  
   62725  1  
   62725  1  
   62725  1  
   62726  2  
   62726  2  
   62726  2  
   62726  2  
   62727  1  
   62727  1  
   62727  1  
   62728  1  
   62728  1  
   62728  1  
   62733  1  
   62733  1  
   62733  1  
   62734  1  
   62734  1  
   62734  1  
   62743  1  
   62743  1  
   62743  1  
   62745  1  
   62745  1  
   62745  1  
   62749  2  
   62749  2  
   62751  1  
   62751  1  
   62751  1  
   62752  1  
   62752  1  
   62752  1  
   62755  2  
   62755  2  
   62757  1  
   62757  1  
   62757  1  
   62757  1  
   62757  1  
   62757  1  
   62783  2  
   62783  2  
   62787  2  
   62787  2  
   62787  2  
   62787  2  
   62788  3  
   62788  3  
   62788  3  
   62788  3  
   62802  2  
   62802  2  
   62802  2  
   62802  2  
   62805  3  
   62805  3  
   62805  3  
   62805  3  
   62807  2  
   62807  2  
   62817  2  
   62817  2  
   62830  2  
   62830  2  
   62830  2  
   62830  2  
   62834  2  
   62834  2  
   62843  2  
   62843  2  
   62848  2  
   62848  2  
   62848  2  
   62848  2  
   62850  2  
   62850  2  
   62864  2  
   62864  2  
   62865  2  
   62865  2  
   62874  2  
   62874  2  
   62874  2  
   62874  2  
   62883  2  
   62883  2  
   62883  2  
   62883  2  
   62885  2  
   62885  2  
   62885  2  
   62885  2  
   62896  2  
   62896  2  
   62902  2  
   62902  2  
   62902  2  
   62902  2  
   62908  2  
   62908  2  
   62910  2  
   62910  2  
   62920  2  
   62920  2  
   62928  3  
   62928  3  
   62928  3  
   62928  3  
   62929  2  
   62929  2  
   62934  2  
   62934  2  
   62934  2  
   62934  2  
   62940  2  
   62940  2  
   62940  2  
   62940  2  
   62950  2  
   62950  2  
   62952  2  
   62952  2  
   62957  3  
   62957  3  
   62957  3  
   62957  3  
   62964  2  
   62964  2  
   62968  2  
   62968  2  
   62975  2  
   62975  2  
   62975  2  
   62975  2  
   62979  2  
   62979  2  
   62984  2  
   62984  2  
   62984  2  
   62984  2  
   62986  2  
   62986  2  
   62986  2  
   62986  2  
   62999  2  
   62999  2  
   63001  2  
   63001  2  
   63006  3  
   63006  3  
   63006  3  
   63006  3  
   63010  2  
   63010  2  
   63014  2  
   63014  2  
   63014  2  
   63014  2  
   63016  2  
   63016  2  
   63021  2  
   63021  2  
   63022  2  
   63022  2  
   63022  2  
   63022  2  
   63029  2  
   63029  2  
   63029  2  
   63029  2  
   63031  2  
   63031  2  
   63036  2  
   63036  2  
   63039  2  
   63039  2  
   63042  3  
   63042  3  
   63042  3  
   63042  3  
   63043  2  
   63043  2  
   63045  2  
   63045  2  
   63045  2  
   63045  2  
   63056  3  
   63056  3  
   63056  3  
   63056  3  
   63080  3  
   63080  3  
   63080  3  
   63080  3  
   63082  3  
   63082  3  
   63082  3  
   63082  3  
   63084  3  
   63084  3  
   63084  3  
   63084  3  
   63086  3  
   63086  3  
   63086  3  
   63086  3  
   63088  3  
   63088  3  
   63088  3  
   63088  3  
   63091  3  
   63091  3  
   63091  3  
   63091  3  
   63093  3  
   63093  3  
   63093  3  
   63093  3  
   63098  3  
   63098  3  
   63098  3  
   63098  3  
   63102  3  
   63102  3  
   63102  3  
   63102  3  
   63104  3  
   63104  3  
   63104  3  
   63104  3  
   63106  3  
   63106  3  
   63106  3  
   63106  3  
   63108  3  
   63108  3  
   63108  3  
   63108  3  
   63112  3  
   63112  3  
   63112  3  
   63112  3  
   63115  3  
   63115  3  
   63115  3  
   63115  3  
   63119  3  
   63119  3  
   63119  3  
   63119  3  
   63120  3  
   63120  3  
   63120  3  
   63120  3  
   63122  3  
   63122  3  
   63122  3  
   63122  3  
   63126  3  
   63126  3  
   63126  3  
   63126  3  
   63128  3  
   63128  3  
   63128  3  
   63128  3  
   63129  3  
   63129  3  
   63129  3  
   63129  3  
   63133  3  
   63133  3  
   63133  3  
   63133  3  
   63135  3  
   63135  3  
   63135  3  
   63135  3  
   63138  3  
   63138  3  
   63138  3  
   63138  3  
   63140  3  
   63140  3  
   63140  3  
   63140  3  
   63142  3  
   63142  3  
   63142  3  
   63142  3  
   63145  3  
   63145  3  
   63145  3  
   63145  3  
   63146  3  
   63146  3  
   63146  3  
   63146  3  
   63150  3  
   63150  3  
   63150  3  
   63150  3  
   63152  3  
   63152  3  
   63152  3  
   63152  3  
   63153  3  
   63153  3  
   63153  3  
   63153  3  
   63156  3  
   63156  3  
   63156  3  
   63156  3  
   63158  3  
   63158  3  
   63158  3  
   63158  3  
   63159  3  
   63159  3  
   63159  3  
   63159  3  
   63161  3  
   63161  3  
   63161  3  
   63161  3  
   63162  3  
   63162  3  
   63162  3  
   63162  3  
   63164  3  
   63164  3  
   63164  3  
   63164  3  
   63165  3  
   63165  3  
   63165  3  
   63165  3  
   63166  3  
   63166  3  
   63166  3  
   63166  3  
   63167  3  
   63167  3  
   63167  3  
   63167  3  
   63168  3  
   63168  3  
   63168  3  
   63168  3  
  END_ON_NODES
