MAGNETIC_FLUX
1 nan
2 nan
3 nan
4 nan
5 nan
6 nan
7 nan
8 nan
9 nan
10 nan
11 nan
12 nan
13 nan
14 nan
15 nan
16 nan
17 nan
18 nan
19 nan
20 nan
21 nan
22 nan
23 nan
24 nan
25 nan
26 nan
27 nan
28 nan
29 nan
30 nan
31 nan
32 nan
33 nan
34 nan
35 nan
36 nan
37 nan
38 nan
39 nan
40 nan
41 nan
42 nan
43 nan
44 nan
45 nan
46 nan
47 nan
48 nan
49 nan
50 nan
51 nan
52 nan
53 nan
54 nan
55 nan
56 nan
57 nan
58 nan
59 nan
60 nan
61 nan
62 nan
63 nan
64 nan
65 nan
66 nan
67 nan
68 nan
69 nan
70 nan
71 nan
72 nan
73 nan
74 nan
75 nan
76 nan
77 nan
78 nan
79 nan
80 nan
81 nan
82 nan
83 nan
84 nan
85 nan
86 nan
87 nan
88 nan
89 nan
90 nan
91 nan
92 nan
93 nan
94 nan
95 nan
96 nan
97 nan
98 nan
99 nan
100 nan
101 nan
102 nan
103 nan
104 nan
105 nan
106 nan
107 nan
108 nan
109 nan
110 nan
111 nan
112 nan
113 nan
114 nan
115 nan
116 nan
117 nan
118 nan
119 nan
120 nan
121 nan
122 nan
123 nan
124 nan
125 nan
126 nan
127 nan
128 nan
129 nan
130 nan
131 nan
132 nan
133 nan
134 nan
135 nan
136 nan
137 nan
138 nan
139 nan
140 nan
141 nan
142 nan
143 nan
144 nan
145 nan
146 nan
147 nan
148 nan
149 nan
150 nan
151 nan
152 nan
153 nan
154 nan
155 nan
156 nan
157 nan
158 nan
159 nan
160 nan
161 nan
162 nan
163 nan
164 nan
165 nan
166 nan
167 nan
168 nan
169 nan
170 nan
171 nan
172 nan
173 nan
174 nan
175 nan
176 nan
177 nan
178 nan
179 nan
180 nan
181 nan
182 nan
183 nan
184 nan
185 nan
186 nan
187 nan
188 nan
189 nan
190 nan
191 nan
192 nan
193 nan
194 nan
195 nan
196 nan
197 nan
198 nan
199 nan
200 nan
201 nan
202 nan
203 nan
204 nan
205 nan
206 nan
207 nan
208 nan
209 nan
210 nan
211 nan
212 nan
213 nan
214 nan
215 nan
216 nan
217 nan
218 nan
219 nan
220 nan
221 nan
222 nan
223 nan
224 nan
225 nan
226 nan
227 nan
228 nan
229 nan
230 nan
231 nan
232 nan
233 nan
234 nan
235 nan
236 nan
237 nan
238 nan
239 nan
240 nan
241 nan
242 nan
243 nan
244 nan
245 nan
246 nan
247 nan
248 nan
249 nan
250 nan
251 nan
252 nan
253 nan
254 nan
255 nan
256 nan
257 nan
258 nan
259 nan
260 nan
261 nan
262 nan
263 nan
264 nan
265 nan
266 nan
267 nan
268 nan
269 nan
270 nan
271 nan
272 nan
273 nan
274 nan
275 nan
276 nan
277 nan
278 nan
279 nan
280 nan
281 nan
282 nan
283 nan
284 nan
285 nan
286 nan
287 nan
288 nan
289 nan
290 nan
291 nan
292 nan
293 nan
294 nan
295 nan
296 nan
297 nan
298 nan
299 nan
300 nan
301 nan
302 nan
303 nan
304 nan
305 nan
306 nan
307 nan
308 nan
309 nan
310 nan
311 nan
312 nan
313 nan
314 nan
315 nan
316 nan
317 nan
318 nan
319 nan
320 nan
321 nan
322 nan
323 1.000000e+00
324 nan
325 9.997114e-01
326 nan
327 nan
328 nan
329 nan
330 9.999998e-01
331 nan
332 nan
333 nan
334 nan
335 9.997023e-01
336 nan
337 9.996965e-01
338 nan
339 nan
340 nan
341 9.999998e-01
342 nan
343 nan
344 nan
345 nan
346 nan
347 nan
348 9.997580e-01
349 nan
350 nan
351 nan
352 nan
353 nan
354 nan
355 nan
356 nan
357 nan
358 nan
359 9.999998e-01
360 nan
361 9.755955e-01
362 nan
363 nan
364 nan
365 nan
366 9.694990e-01
367 9.699388e-01
368 nan
369 9.784041e-01
370 9.699939e-01
371 9.708461e-01
372 9.999775e-01
373 nan
374 nan
375 9.716998e-01
376 nan
377 9.692031e-01
378 nan
379 nan
380 nan
381 nan
382 nan
383 9.700816e-01
384 nan
385 nan
386 1.000000e+00
387 nan
388 nan
389 9.736372e-01
390 nan
391 nan
392 nan
393 nan
394 9.747924e-01
395 nan
396 nan
397 nan
398 nan
399 1.000247e+00
400 nan
401 nan
402 nan
403 9.772082e-01
404 nan
405 nan
406 nan
407 nan
408 nan
409 9.394303e-01
410 nan
411 9.396998e-01
412 9.504123e-01
413 9.352762e-01
414 nan
415 9.800100e-01
416 9.416778e-01
417 9.370706e-01
418 nan
419 9.999999e-01
420 9.505087e-01
421 nan
422 9.387143e-01
423 nan
424 nan
425 nan
426 9.838631e-01
427 nan
428 nan
429 9.497072e-01
430 nan
431 nan
432 nan
433 9.558689e-01
434 1.000091e+00
435 nan
436 nan
437 nan
438 nan
439 nan
440 nan
441 9.520316e-01
442 9.594559e-01
443 nan
444 1.000043e+00
445 9.831404e-01
446 nan
447 nan
448 nan
449 nan
450 9.560781e-01
451 9.074362e-01
452 nan
453 nan
454 nan
455 nan
456 nan
457 9.098570e-01
458 9.165237e-01
459 1.000000e+00
460 9.634909e-01
461 9.232390e-01
462 8.998409e-01
463 1.000000e+00
464 8.956227e-01
465 9.004852e-01
466 nan
467 9.842222e-01
468 nan
469 9.024282e-01
470 nan
471 nan
472 nan
473 9.083821e-01
474 nan
475 nan
476 9.649198e-01
477 1.000090e+00
478 nan
479 9.855873e-01
480 9.249980e-01
481 9.157332e-01
482 nan
483 nan
484 nan
485 9.475691e-01
486 9.306856e-01
487 9.244956e-01
488 nan
489 8.756949e-01
490 9.872044e-01
491 9.668695e-01
492 8.771461e-01
493 9.998617e-01
494 nan
495 9.366436e-01
496 8.646475e-01
497 8.833333e-01
498 nan
499 8.917225e-01
500 nan
501 nan
502 nan
503 nan
504 9.007406e-01
505 nan
506 8.622636e-01
507 nan
508 nan
509 nan
510 nan
511 nan
512 8.592584e-01
513 8.635665e-01
514 9.439889e-01
515 9.894852e-01
516 nan
517 9.695229e-01
518 8.656019e-01
519 nan
520 nan
521 nan
522 1.000000e+00
523 9.551261e-01
524 8.714243e-01
525 nan
526 nan
527 9.915583e-01
528 9.477485e-01
529 9.999997e-01
530 9.036976e-01
531 9.726394e-01
532 8.784353e-01
533 9.222082e-01
534 nan
535 8.955570e-01
536 8.469822e-01
537 1.000748e+00
538 nan
539 nan
540 9.114356e-01
541 nan
542 9.769642e-01
543 nan
544 9.206056e-01
545 9.522449e-01
546 8.587864e-01
547 8.327765e-01
548 8.698611e-01
549 8.255582e-01
550 nan
551 8.809059e-01
552 1.000752e+00
553 8.234169e-01
554 nan
555 nan
556 9.923492e-01
557 8.412948e-01
558 nan
559 nan
560 8.237790e-01
561 9.430082e-01
562 8.185959e-01
563 nan
564 nan
565 9.807271e-01
566 9.266520e-01
567 8.259645e-01
568 nan
569 nan
570 9.568132e-01
571 nan
572 9.076982e-01
573 1.000380e+00
574 9.946920e-01
575 8.321478e-01
576 nan
577 nan
578 nan
579 nan
580 nan
581 9.848062e-01
582 9.329450e-01
583 8.399622e-01
584 9.630177e-01
585 nan
586 8.772919e-01
587 8.095423e-01
588 8.612186e-01
589 9.963479e-01
590 nan
591 8.959187e-01
592 nan
593 nan
594 nan
595 nan
596 8.372361e-01
597 8.549556e-01
598 9.688300e-01
599 9.039193e-01
600 nan
601 7.924076e-01
602 9.393928e-01
603 9.317179e-01
604 9.977928e-01
605 nan
606 7.826685e-01
607 7.804194e-01
608 nan
609 9.874394e-01
610 7.833739e-01
611 8.153131e-01
612 nan
613 nan
614 nan
615 8.930003e-01
616 7.766360e-01
617 7.857696e-01
618 9.743022e-01
619 9.120451e-01
620 9.474181e-01
621 nan
622 7.916361e-01
623 8.533798e-01
624 nan
625 nan
626 7.889234e-01
627 9.543617e-01
628 nan
629 nan
630 nan
631 8.000506e-01
632 9.797533e-01
633 nan
634 9.552581e-01
635 nan
636 nan
637 8.651615e-01
638 8.803151e-01
639 7.702531e-01
640 9.904277e-01
641 8.154113e-01
642 9.980412e-01
643 9.952201e-01
644 8.449619e-01
645 nan
646 nan
647 7.436073e-01
648 nan
649 nan
650 9.166896e-01
651 8.813935e-01
652 9.626521e-01
653 9.094802e-01
654 7.407004e-01
655 7.512499e-01
656 9.999998e-01
657 nan
658 8.235169e-01
659 9.305647e-01
660 7.407463e-01
661 nan
662 7.362465e-01
663 9.842966e-01
664 nan
665 8.419914e-01
666 9.617643e-01
667 7.963999e-01
668 7.434260e-01
669 9.698124e-01
670 7.726011e-01
671 8.972057e-01
672 nan
673 9.404153e-01
674 8.797548e-01
675 7.504256e-01
676 nan
677 nan
678 8.005437e-01
679 nan
680 7.510216e-01
681 nan
682 9.999546e-01
683 nan
684 9.117004e-01
685 nan
686 9.968345e-01
687 8.394552e-01
688 9.498274e-01
689 7.631871e-01
690 8.584882e-01
691 7.302807e-01
692 nan
693 7.065486e-01
694 nan
695 nan
696 9.755021e-01
697 8.688721e-01
698 nan
699 7.008161e-01
700 8.173656e-01
701 nan
702 nan
703 nan
704 6.971778e-01
705 9.922510e-01
706 nan
707 8.280273e-01
708 nan
709 7.092431e-01
710 9.587221e-01
711 9.563693e-01
712 nan
713 7.943146e-01
714 9.866565e-01
715 nan
716 6.975516e-01
717 9.244100e-01
718 7.597928e-01
719 nan
720 9.123201e-01
721 9.125081e-01
722 8.957344e-01
723 nan
724 7.851641e-01
725 7.006415e-01
726 6.899583e-01
727 9.804575e-01
728 8.775696e-01
729 nan
730 7.366209e-01
731 7.702315e-01
732 9.671481e-01
733 8.580727e-01
734 7.081749e-01
735 nan
736 nan
737 nan
738 nan
739 9.360110e-01
740 7.453617e-01
741 nan
742 8.365688e-01
743 7.127882e-01
744 9.464926e-01
745 8.631440e-01
746 6.699208e-01
747 8.140767e-01
748 nan
749 9.958643e-01
750 nan
751 8.196468e-01
752 nan
753 nan
754 6.902685e-01
755 7.109501e-01
756 nan
757 6.563731e-01
758 9.566415e-01
759 nan
760 nan
761 7.900771e-01
762 6.526585e-01
763 nan
764 9.103295e-01
765 9.906068e-01
766 7.736170e-01
767 6.671353e-01
768 nan
769 nan
770 7.251166e-01
771 9.118341e-01
772 7.651570e-01
773 9.726126e-01
774 6.526810e-01
775 8.963702e-01
776 nan
777 nan
778 8.781273e-01
779 8.618058e-01
780 nan
781 7.308972e-01
782 6.562966e-01
783 8.581750e-01
784 9.837739e-01
785 nan
786 6.454864e-01
787 7.006128e-01
788 nan
789 9.377019e-01
790 9.506576e-01
791 nan
792 8.372963e-01
793 7.339917e-01
794 9.623326e-01
795 9.229696e-01
796 nan
797 8.137515e-01
798 6.889694e-01
799 8.115162e-01
800 nan
801 6.747051e-01
802 nan
803 nan
804 6.233449e-01
805 nan
806 7.898524e-01
807 9.560117e-01
808 9.157349e-01
809 nan
810 9.959114e-01
811 7.641964e-01
812 6.497807e-01
813 nan
814 6.513202e-01
815 nan
816 6.090338e-01
817 7.641819e-01
818 6.069098e-01
819 6.968621e-01
820 nan
821 7.173294e-01
822 6.245353e-01
823 8.810372e-01
824 6.073807e-01
825 nan
826 nan
827 8.611530e-01
828 8.965071e-01
829 8.147920e-01
830 nan
831 8.397208e-01
832 6.117506e-01
833 nan
834 6.732706e-01
835 nan
836 9.417472e-01
837 9.271902e-01
838 9.547857e-01
839 nan
840 7.307208e-01
841 9.111000e-01
842 nan
843 6.012382e-01
844 nan
845 8.572755e-01
846 6.650790e-01
847 8.168591e-01
848 9.681406e-01
849 nan
850 9.804186e-01
851 nan
852 9.915424e-01
853 7.921722e-01
854 7.576934e-01
855 6.313880e-01
856 nan
857 9.544735e-01
858 nan
859 6.366498e-01
860 nan
861 nan
862 nan
863 nan
864 8.976754e-01
865 7.663244e-01
866 5.765248e-01
867 nan
868 7.114999e-01
869 6.951443e-01
870 9.999999e-01
871 6.100384e-01
872 nan
873 5.937963e-01
874 6.606501e-01
875 8.661043e-01
876 5.609136e-01
877 8.447314e-01
878 5.498174e-01
879 5.821573e-01
880 nan
881 nan
882 nan
883 6.596509e-01
884 nan
885 nan
886 nan
887 nan
888 nan
889 9.474037e-01
890 8.216186e-01
891 9.329905e-01
892 nan
893 8.824478e-01
894 9.173734e-01
895 nan
896 8.993543e-01
897 6.149444e-01
898 7.309436e-01
899 9.623901e-01
900 5.407009e-01
901 7.982363e-01
902 6.300433e-01
903 5.564741e-01
904 nan
905 7.721905e-01
906 7.907848e-01
907 nan
908 9.999999e-01
909 7.023602e-01
910 9.776528e-01
911 7.442658e-01
912 6.649773e-01
913 nan
914 6.953170e-01
915 5.728190e-01
916 5.995949e-01
917 9.896680e-01
918 7.443948e-01
919 5.303105e-01
920 8.855953e-01
921 8.323459e-01
922 9.381281e-01
923 5.702287e-01
924 nan
925 8.497368e-01
926 5.356605e-01
927 nan
928 6.593878e-01
929 nan
930 nan
931 nan
932 nan
933 8.295921e-01
934 nan
935 nan
936 nan
937 nan
938 5.403522e-01
939 9.404471e-01
940 nan
941 nan
942 9.249653e-01
943 5.079897e-01
944 6.277788e-01
945 9.079205e-01
946 nan
947 nan
948 5.011957e-01
949 8.056801e-01
950 9.565241e-01
951 8.893245e-01
952 7.803971e-01
953 9.711402e-01
954 4.894190e-01
955 7.537314e-01
956 8.691935e-01
957 5.967168e-01
958 5.651047e-01
959 6.000778e-01
960 9.527856e-01
961 nan
962 6.395964e-01
963 5.119333e-01
964 7.256919e-01
965 nan
966 nan
967 6.813856e-01
968 9.845447e-01
969 7.263438e-01
970 nan
971 5.640653e-01
972 6.954266e-01
973 7.717679e-01
974 4.737956e-01
975 8.192538e-01
976 nan
977 6.646934e-01
978 4.840964e-01
979 8.695124e-01
980 nan
981 8.400990e-01
982 5.089968e-01
983 5.312643e-01
984 nan
985 nan
986 nan
987 nan
988 nan
989 6.315659e-01
990 8.142902e-01
991 4.793868e-01
992 nan
993 nan
994 nan
995 9.125628e-01
996 nan
997 9.336946e-01
998 nan
999 nan
1000 4.596134e-01
1001 nan
1002 9.170614e-01
1003 4.598957e-01
1004 7.884981e-01
1005 9.504832e-01
1006 9.000060e-01
1007 nan
1008 8.843915e-01
1009 4.985341e-01
1010 5.981799e-01
1011 nan
1012 9.669937e-01
1013 7.610854e-01
1014 7.331898e-01
1015 nan
1016 9.526395e-01
1017 5.758961e-01
1018 6.190992e-01
1019 5.241342e-01
1020 9.818255e-01
1021 nan
1022 4.384571e-01
1023 5.641326e-01
1024 6.641559e-01
1025 4.676248e-01
1026 9.923438e-01
1027 7.123034e-01
1028 7.027730e-01
1029 nan
1030 6.718722e-01
1031 7.604421e-01
1032 nan
1033 5.294858e-01
1034 8.105785e-01
1035 nan
1036 6.394545e-01
1037 4.215176e-01
1038 4.379022e-01
1039 nan
1040 nan
1041 nan
1042 nan
1043 8.499811e-01
1044 8.588087e-01
1045 8.727798e-01
1046 nan
1047 nan
1048 4.239004e-01
1049 nan
1050 4.944909e-01
1051 nan
1052 nan
1053 4.634698e-01
1054 4.380156e-01
1055 8.011746e-01
1056 6.051225e-01
1057 nan
1058 9.087589e-01
1059 8.263922e-01
1060 9.277210e-01
1061 9.997935e-01
1062 nan
1063 9.108881e-01
1064 9.446044e-01
1065 8.927389e-01
1066 7.745061e-01
1067 4.108284e-01
1068 7.461644e-01
1069 9.624268e-01
1070 4.597402e-01
1071 5.695943e-01
1072 9.525614e-01
1073 9.905519e-01
1074 5.115412e-01
1075 nan
1076 5.546642e-01
1077 9.793639e-01
1078 6.007446e-01
1079 7.162530e-01
1080 6.497677e-01
1081 nan
1082 nan
1083 4.615962e-01
1084 6.848261e-01
1085 5.337169e-01
1086 nan
1087 3.874582e-01
1088 6.998853e-01
1089 4.252896e-01
1090 nan
1091 7.515025e-01
1092 nan
1093 6.518261e-01
1094 nan
1095 nan
1096 nan
1097 8.027196e-01
1098 4.964262e-01
1099 3.741411e-01
1100 nan
1101 6.174575e-01
1102 8.545097e-01
1103 nan
1104 9.204216e-01
1105 8.607805e-01
1106 nan
1107 3.925991e-01
1108 9.018155e-01
1109 3.806379e-01
1110 nan
1111 nan
1112 8.133863e-01
1113 nan
1114 4.037951e-01
1115 8.376309e-01
1116 8.818917e-01
1117 nan
1118 4.592922e-01
1119 9.045706e-01
1120 nan
1121 5.816131e-01
1122 7.869976e-01
1123 9.999999e-01
1124 7.595091e-01
1125 9.380934e-01
1126 9.567748e-01
1127 9.525423e-01
1128 3.618477e-01
1129 5.446171e-01
1130 7.298889e-01
1131 5.364751e-01
1132 9.892677e-01
1133 4.214702e-01
1134 6.991537e-01
1135 nan
1136 nan
1137 5.805967e-01
1138 9.745712e-01
1139 1.000000e+00
1140 6.383204e-01
1141 4.167605e-01
1142 6.920319e-01
1143 nan
1144 nan
1145 5.063065e-01
1146 nan
1147 nan
1148 6.663542e-01
1149 nan
1150 4.698751e-01
1151 3.350850e-01
1152 3.846044e-01
1153 7.456509e-01
1154 6.324397e-01
1155 nan
1156 nan
1157 4.673639e-01
1158 8.758076e-01
1159 9.151438e-01
1160 nan
1161 nan
1162 nan
1163 8.295128e-01
1164 3.398603e-01
1165 8.539067e-01
1166 8.971662e-01
1167 7.879354e-01
1168 nan
1169 5.965935e-01
1170 nan
1171 nan
1172 9.335722e-01
1173 8.043388e-01
1174 3.166413e-01
1175 3.483423e-01
1176 3.553534e-01
1177 7.768166e-01
1178 nan
1179 nan
1180 9.023098e-01
1181 4.273452e-01
1182 5.596643e-01
1183 9.506954e-01
1184 nan
1185 nan
1186 7.482789e-01
1187 9.655954e-01
1188 nan
1189 8.391355e-01
1190 7.175833e-01
1191 nan
1192 9.525765e-01
1193 9.878616e-01
1194 nan
1195 9.775475e-01
1196 4.975125e-01
1197 nan
1198 5.218619e-01
1199 5.756051e-01
1200 3.148478e-01
1201 6.881727e-01
1202 3.872189e-01
1203 nan
1204 6.857170e-01
1205 nan
1206 6.301845e-01
1207 nan
1208 nan
1209 4.298132e-01
1210 6.518574e-01
1211 nan
1212 nan
1213 nan
1214 3.888692e-01
1215 4.813058e-01
1216 nan
1217 2.851006e-01
1218 3.468305e-01
1219 6.167366e-01
1220 8.898039e-01
1221 3.053128e-01
1222 3.373795e-01
1223 7.221605e-01
1224 8.452540e-01
1225 9.282252e-01
1226 nan
1227 nan
1228 4.402547e-01
1229 nan
1230 8.639948e-01
1231 2.815133e-01
1232 8.682956e-01
1233 nan
1234 9.098121e-01
1235 5.797882e-01
1236 8.205477e-01
1237 7.943383e-01
1238 9.454037e-01
1239 nan
1240 9.612556e-01
1241 nan
1242 3.076263e-01
1243 7.663854e-01
1244 9.047228e-01
1245 nan
1246 2.618642e-01
1247 7.369325e-01
1248 9.999999e-01
1249 5.415424e-01
1250 3.983715e-01
1251 9.765402e-01
1252 nan
1253 9.526532e-01
1254 9.893334e-01
1255 6.513723e-01
1256 7.057177e-01
1257 nan
1258 4.867351e-01
1259 7.535478e-01
1260 nan
1261 5.382184e-01
1262 nan
1263 5.016422e-01
1264 nan
1265 6.730120e-01
1266 4.236488e-01
1267 2.698756e-01
1268 nan
1269 nan
1270 3.556518e-01
1271 5.941495e-01
1272 9.999995e-01
1273 nan
1274 3.214507e-01
1275 nan
1276 3.677079e-01
1277 nan
1278 8.069682e-01
1279 6.385629e-01
1280 9.063357e-01
1281 4.604841e-01
1282 8.635027e-01
1283 9.432583e-01
1284 2.731498e-01
1285 6.026248e-01
1286 8.864292e-01
1287 2.449903e-01
1288 8.144097e-01
1289 3.125932e-01
1290 9.264148e-01
1291 8.403439e-01
1292 nan
1293 9.599467e-01
1294 nan
1295 2.276468e-01
1296 4.178771e-01
1297 8.547922e-01
1298 7.879386e-01
1299 7.589217e-01
1300 5.650104e-01
1301 9.726309e-01
1302 nan
1303 2.188186e-01
1304 9.872211e-01
1305 nan
1306 nan
1307 9.997661e-01
1308 9.089292e-01
1309 6.815527e-01
1310 nan
1311 nan
1312 2.697021e-01
1313 7.291342e-01
1314 nan
1315 nan
1316 5.259386e-01
1317 3.741306e-01
1318 9.527892e-01
1319 6.970038e-01
1320 4.769591e-01
1321 5.959085e-01
1322 5.329068e-01
1323 4.151296e-01
1324 nan
1325 7.510407e-01
1326 3.660428e-01
1327 6.639210e-01
1328 nan
1329 4.852620e-01
1330 3.035589e-01
1331 nan
1332 2.280304e-01
1333 nan
1334 nan
1335 nan
1336 3.294615e-01
1337 2.245221e-01
1338 2.629944e-01
1339 9.385071e-01
1340 nan
1341 9.010137e-01
1342 nan
1343 6.286928e-01
1344 nan
1345 8.065078e-01
1346 8.573077e-01
1347 9.216371e-01
1348 nan
1349 8.809007e-01
1350 4.431885e-01
1351 8.340340e-01
1352 9.562370e-01
1353 8.075148e-01
1354 nan
1355 nan
1356 5.923794e-01
1357 nan
1358 1.863678e-01
1359 1.787329e-01
1360 2.836828e-01
1361 7.809483e-01
1362 1.894948e-01
1363 8.590636e-01
1364 9.724561e-01
1365 9.867198e-01
1366 7.514364e-01
1367 nan
1368 5.541068e-01
1369 3.996098e-01
1370 nan
1371 9.999999e-01
1372 nan
1373 9.125624e-01
1374 nan
1375 7.215724e-01
1376 nan
1377 nan
1378 6.950273e-01
1379 2.375333e-01
1380 5.146864e-01
1381 6.890438e-01
1382 nan
1383 4.207674e-01
1384 9.529952e-01
1385 nan
1386 5.425884e-01
1387 3.547261e-01
1388 nan
1389 3.032112e-01
1390 4.803911e-01
1391 3.599501e-01
1392 6.035891e-01
1393 nan
1394 7.529511e-01
1395 6.559331e-01
1396 9.364831e-01
1397 9.540800e-01
1398 nan
1399 1.986317e-01
1400 4.734390e-01
1401 2.439328e-01
1402 9.183494e-01
1403 nan
1404 nan
1405 9.005653e-01
1406 nan
1407 nan
1408 1.581921e-01
1409 9.999997e-01
1410 6.204245e-01
1411 3.088844e-01
1412 8.558410e-01
1413 8.792900e-01
1414 9.713597e-01
1415 nan
1416 8.073108e-01
1417 8.315467e-01
1418 1.343000e-01
1419 8.050365e-01
1420 4.310409e-01
1421 nan
1422 1.413497e-01
1423 5.841471e-01
1424 8.623582e-01
1425 9.876450e-01
1426 7.776368e-01
1427 nan
1428 9.997902e-01
1429 1.811486e-01
1430 2.611698e-01
1431 7.481478e-01
1432 5.457443e-01
1433 nan
1434 3.869742e-01
1435 6.387283e-01
1436 nan
1437 9.171575e-01
1438 nan
1439 nan
1440 nan
1441 3.629144e-01
1442 nan
1443 4.874168e-01
1444 nan
1445 7.176605e-01
1446 9.680429e-01
1447 4.218037e-01
1448 nan
1449 6.983622e-01
1450 nan
1451 2.992093e-01
1452 5.481895e-01
1453 6.852158e-01
1454 nan
1455 5.064677e-01
1456 9.177613e-01
1457 2.510340e-01
1458 1.892707e-01
1459 3.417768e-01
1460 nan
1461 9.538706e-01
1462 9.370305e-01
1463 nan
1464 6.517187e-01
1465 1.361647e-01
1466 9.694026e-01
1467 7.566634e-01
1468 9.010746e-01
1469 nan
1470 4.652864e-01
1471 8.518112e-01
1472 8.762795e-01
1473 9.878167e-02
1474 nan
1475 6.164012e-01
1476 2.208613e-01
1477 9.849618e-01
1478 8.149019e-01
1479 nan
1480 8.282085e-01
1481 nan
1482 nan
1483 8.010051e-01
1484 9.150794e-02
1485 nan
1486 2.820604e-01
1487 nan
1488 4.232216e-01
1489 nan
1490 5.800210e-01
1491 7.742339e-01
1492 8.674856e-01
1493 nan
1494 5.830690e-01
1495 7.442951e-01
1496 3.797791e-01
1497 nan
1498 1.275184e-01
1499 nan
1500 nan
1501 nan
1502 nan
1503 5.045051e-01
1504 5.419822e-01
1505 6.450722e-01
1506 4.391358e-01
1507 nan
1508 9.381704e-01
1509 3.795093e-01
1510 3.155026e-01
1511 nan
1512 7.144399e-01
1513 nan
1514 nan
1515 nan
1516 1.919909e-01
1517 9.262020e-01
1518 2.524611e-01
1519 6.818026e-01
1520 7.055046e-01
1521 nan
1522 5.026717e-01
1523 9.673316e-01
1524 1.305648e-01
1525 8.757597e-01
1526 3.349970e-01
1527 1.831709e-01
1528 nan
1529 9.513106e-01
1530 8.987525e-01
1531 8.054184e-02
1532 7.648777e-01
1533 nan
1534 6.489962e-01
1535 nan
1536 9.843597e-01
1537 nan
1538 nan
1539 8.530685e-01
1540 6.482459e-02
1541 4.624207e-01
1542 nan
1543 9.998202e-01
1544 6.137798e-01
1545 8.288133e-01
1546 8.223120e-01
1547 2.317961e-01
1548 8.017706e-01
1549 nan
1550 nan
1551 nan
1552 nan
1553 3.310006e-01
1554 4.210453e-01
1555 nan
1556 9.336487e-02
1557 5.782424e-01
1558 7.745798e-01
1559 3.950544e-01
1560 8.812630e-01
1561 nan
1562 5.947146e-01
1563 5.231664e-01
1564 2.653106e-01
1565 7.449081e-01
1566 4.577408e-01
1567 nan
1568 2.901255e-01
1569 nan
1570 nan
1571 5.409150e-01
1572 6.563848e-01
1573 nan
1574 9.326372e-01
1575 nan
1576 1.465761e-01
1577 3.785150e-01
1578 7.148940e-01
1579 1.994772e-01
1580 1.452229e-01
1581 nan
1582 9.272061e-01
1583 9.837646e-01
1584 7.177494e-01
1585 6.826822e-01
1586 8.495003e-02
1587 nan
1588 5.027867e-01
1589 8.973363e-01
1590 5.615568e-02
1591 8.780816e-01
1592 nan
1593 3.354561e-01
1594 2.017706e-01
1595 1.000000e+00
1596 7.751300e-01
1597 9.484604e-01
1598 6.500265e-01
1599 nan
1600 nan
1601 8.550846e-01
1602 nan
1603 9.694979e-01
1604 nan
1605 6.915771e-02
1606 4.636924e-01
1607 nan
1608 8.279370e-01
1609 3.558078e-01
1610 nan
1611 4.219386e-01
1612 6.154630e-01
1613 nan
1614 8.349386e-01
1615 nan
1616 8.036502e-01
1617 2.566547e-01
1618 5.455460e-01
1619 nan
1620 nan
1621 2.901885e-01
1622 4.811596e-01
1623 7.743334e-01
1624 nan
1625 1.196342e-01
1626 nan
1627 4.234153e-01
1628 5.804550e-01
1629 8.909874e-01
1630 6.083889e-01
1631 2.333825e-01
1632 7.446992e-01
1633 nan
1634 3.109875e-01
1635 nan
1636 nan
1637 1.701856e-01
1638 6.702622e-01
1639 9.241175e-01
1640 5.440385e-01
1641 7.155989e-01
1642 nan
1643 1.780927e-01
1644 1.096828e-01
1645 9.444139e-01
1646 nan
1647 6.443884e-02
1648 nan
1649 9.871468e-01
1650 9.998312e-01
1651 9.456843e-01
1652 7.308219e-01
1653 9.002581e-01
1654 8.772864e-01
1655 6.849144e-01
1656 3.640213e-01
1657 nan
1658 nan
1659 5.070844e-01
1660 6.740243e-02
1661 nan
1662 2.372368e-01
1663 nan
1664 8.555285e-01
1665 5.038434e-01
1666 nan
1667 7.902386e-01
1668 6.521357e-01
1669 9.654765e-01
1670 4.522452e-01
1671 nan
1672 nan
1673 3.893216e-01
1674 3.253923e-01
1675 1.037032e-01
1676 8.323117e-01
1677 nan
1678 nan
1679 4.697251e-01
1680 6.196254e-01
1681 nan
1682 nan
1683 2.914834e-01
1684 9.826925e-01
1685 nan
1686 8.074708e-01
1687 2.660591e-01
1688 nan
1689 5.848785e-01
1690 1.615561e-01
1691 2.079658e-01
1692 6.267062e-01
1693 9.210722e-01
1694 8.486792e-01
1695 7.488712e-01
1696 9.369556e-02
1697 1.513646e-01
1698 nan
1699 nan
1700 7.816502e-01
1701 nan
1702 4.268927e-01
1703 9.999996e-01
1704 5.490068e-01
1705 9.999999e-01
1706 3.412309e-01
1707 9.425308e-01
1708 6.885197e-01
1709 nan
1710 7.196207e-01
1711 5.502617e-01
1712 8.998409e-01
1713 8.323150e-02
1714 nan
1715 2.182390e-01
1716 nan
1717 nan
1718 nan
1719 9.630742e-01
1720 8.820975e-01
1721 6.889009e-01
1722 3.937070e-01
1723 nan
1724 7.461446e-01
1725 nan
1726 nan
1727 9.014109e-01
1728 5.149346e-01
1729 1.087590e-01
1730 4.182636e-01
1731 nan
1732 9.554778e-01
1733 4.811154e-01
1734 nan
1735 2.743945e-01
1736 6.576197e-01
1737 2.962840e-01
1738 9.822035e-01
1739 3.568818e-01
1740 8.372885e-01
1741 nan
1742 1.549893e-01
1743 nan
1744 2.395602e-01
1745 nan
1746 4.795096e-01
1747 6.250417e-01
1748 nan
1749 nan
1750 9.998486e-01
1751 8.657640e-01
1752 3.283030e-01
1753 nan
1754 8.131350e-01
1755 7.812475e-01
1756 9.209452e-01
1757 nan
1758 1.920517e-01
1759 6.466174e-01
1760 nan
1761 9.424927e-01
1762 5.928541e-01
1763 2.095738e-01
1764 8.058564e-01
1765 1.550281e-01
1766 nan
1767 7.536128e-01
1768 9.621872e-01
1769 nan
1770 1.263112e-01
1771 nan
1772 3.750466e-01
1773 5.820914e-01
1774 nan
1775 7.071876e-01
1776 5.580712e-01
1777 7.245161e-01
1778 nan
1779 1.000000e+00
1780 1.303597e-01
1781 9.022250e-01
1782 4.345151e-01
1783 2.609444e-01
1784 nan
1785 9.817645e-01
1786 nan
1787 4.553898e-01
1788 8.713082e-01
1789 6.954305e-01
1790 5.154924e-01
1791 9.261854e-01
1792 3.384293e-01
1793 3.958150e-01
1794 7.572422e-01
1795 nan
1796 nan
1797 nan
1798 5.262528e-01
1799 1.645339e-01
1800 8.063359e-01
1801 nan
1802 3.140957e-01
1803 2.848318e-01
1804 6.644852e-01
1805 nan
1806 nan
1807 2.080712e-01
1808 2.388591e-01
1809 nan
1810 6.334252e-01
1811 nan
1812 nan
1813 nan
1814 8.574139e-01
1815 nan
1816 7.868299e-01
1817 3.668809e-01
1818 2.019377e-01
1819 nan
1820 4.932081e-01
1821 1.735808e-01
1822 nan
1823 9.352728e-01
1824 6.009793e-01
1825 nan
1826 7.596029e-01
1827 2.577597e-01
1828 9.816304e-01
1829 nan
1830 1.664992e-01
1831 nan
1832 8.326941e-01
1833 8.919805e-01
1834 4.150741e-01
1835 9.635142e-01
1836 7.286158e-01
1837 7.317942e-01
1838 6.702390e-01
1839 4.943737e-01
1840 6.126967e-01
1841 7.873208e-01
1842 9.998592e-01
1843 1.833560e-01
1844 nan
1845 nan
1846 5.527779e-01
1847 8.438945e-01
1848 4.364600e-01
1849 3.807279e-01
1850 3.071879e-01
1851 8.982030e-01
1852 nan
1853 5.732014e-01
1854 7.028654e-01
1855 3.278115e-01
1856 nan
1857 9.178504e-01
1858 nan
1859 9.509670e-01
1860 nan
1861 4.639621e-01
1862 8.118887e-01
1863 2.799030e-01
1864 nan
1865 nan
1866 nan
1867 nan
1868 2.191187e-01
1869 6.738278e-01
1870 nan
1871 3.583384e-01
1872 2.416924e-01
1873 nan
1874 9.810127e-01
1875 nan
1876 2.586681e-01
1877 6.428339e-01
1878 2.175845e-01
1879 4.042354e-01
1880 nan
1881 7.933453e-01
1882 nan
1883 5.471828e-01
1884 5.098904e-01
1885 9.436821e-01
1886 2.081357e-01
1887 nan
1888 nan
1889 nan
1890 8.649889e-01
1891 6.118009e-01
1892 nan
1893 6.399084e-01
1894 3.041073e-01
1895 7.674326e-01
1896 8.416233e-01
1897 7.009716e-01
1898 nan
1899 8.901849e-01
1900 2.132706e-01
1901 9.602777e-01
1902 5.823225e-01
1903 nan
1904 nan
1905 7.588008e-01
1906 9.141092e-01
1907 4.531940e-01
1908 8.154102e-01
1909 nan
1910 8.700410e-01
1911 5.296804e-01
1912 4.779926e-01
1913 7.400548e-01
1914 4.239826e-01
1915 nan
1916 3.730617e-01
1917 2.362127e-01
1918 nan
1919 nan
1920 9.282586e-01
1921 9.806506e-01
1922 3.274150e-01
1923 nan
1924 3.526757e-01
1925 7.129455e-01
1926 9.377688e-01
1927 2.901360e-01
1928 nan
1929 6.872742e-01
1930 8.258624e-01
1931 5.010543e-01
1932 nan
1933 nan
1934 nan
1935 nan
1936 2.712490e-01
1937 3.986989e-01
1938 5.972571e-01
1939 9.998627e-01
1940 2.641666e-01
1941 nan
1942 nan
1943 8.035760e-01
1944 9.600061e-01
1945 nan
1946 nan
1947 nan
1948 3.100633e-01
1949 2.519126e-01
1950 4.457864e-01
1951 2.489519e-01
1952 nan
1953 5.459121e-01
1954 8.671672e-01
1955 6.412340e-01
1956 8.919954e-01
1957 6.233072e-01
1958 nan
1959 7.357681e-01
1960 6.798560e-01
1961 3.512451e-01
1962 9.809964e-01
1963 7.760859e-01
1964 nan
1965 9.157290e-01
1966 9.372368e-01
1967 8.451374e-01
1968 7.911261e-01
1969 nan
1970 5.703678e-01
1971 2.627181e-01
1972 5.163422e-01
1973 4.663214e-01
1974 8.982169e-01
1975 nan
1976 nan
1977 4.181048e-01
1978 nan
1979 4.916289e-01
1980 7.503222e-01
1981 9.519059e-01
1982 3.739522e-01
1983 2.873634e-01
1984 9.999999e-01
1985 3.973952e-01
1986 5.897016e-01
1987 6.825847e-01
1988 3.381588e-01
1989 9.597355e-01
1990 nan
1991 nan
1992 7.238070e-01
1993 nan
1994 nan
1995 nan
1996 3.101972e-01
1997 nan
1998 5.373207e-01
1999 nan
2000 3.228854e-01
2001 nan
2002 nan
2003 nan
2004 4.430836e-01
2005 6.314525e-01
2006 2.941637e-01
2007 9.807079e-01
2008 8.338017e-01
2009 8.116662e-01
2010 2.861917e-01
2011 nan
2012 nan
2013 8.615292e-01
2014 nan
2015 3.611928e-01
2016 8.948112e-01
2017 nan
2018 nan
2019 6.069578e-01
2020 7.151202e-01
2021 6.610245e-01
2022 9.181293e-01
2023 4.858250e-01
2024 5.822037e-01
2025 nan
2026 2.952224e-01
2027 9.394098e-01
2028 9.999997e-01
2029 7.696736e-01
2030 8.233452e-01
2031 nan
2032 6.723682e-01
2033 8.758184e-01
2034 3.990853e-01
2035 5.583990e-01
2036 5.080872e-01
2037 9.299414e-01
2038 4.631261e-01
2039 9.604543e-01
2040 nan
2041 4.197131e-01
2042 3.134089e-01
2043 nan
2044 nan
2045 nan
2046 3.857647e-01
2047 nan
2048 7.997961e-01
2049 5.301659e-01
2050 9.810387e-01
2051 3.381992e-01
2052 nan
2053 3.569090e-01
2054 4.426951e-01
2055 6.256963e-01
2056 nan
2057 nan
2058 7.117776e-01
2059 7.714380e-01
2060 3.375391e-01
2061 nan
2062 3.264016e-01
2063 8.362216e-01
2064 nan
2065 nan
2066 9.999998e-01
2067 3.729980e-01
2068 5.731967e-01
2069 nan
2070 nan
2071 8.628061e-01
2072 4.848003e-01
2073 6.643020e-01
2074 3.275895e-01
2075 nan
2076 nan
2077 8.529699e-01
2078 nan
2079 8.888417e-01
2080 6.477577e-01
2081 5.971854e-01
2082 nan
2083 6.995562e-01
2084 7.519194e-01
2085 4.073074e-01
2086 nan
2087 7.501599e-01
2088 9.133958e-01
2089 8.040964e-01
2090 nan
2091 9.808073e-01
2092 nan
2093 3.415047e-01
2094 5.269482e-01
2095 5.518542e-01
2096 nan
2097 nan
2098 4.669161e-01
2099 5.062793e-01
2100 6.153221e-01
2101 9.032129e-01
2102 9.370890e-01
2103 7.028773e-01
2104 9.630547e-01
2105 4.450824e-01
2106 9.517222e-01
2107 4.321563e-01
2108 nan
2109 3.613425e-01
2110 4.011383e-01
2111 nan
2112 9.998828e-01
2113 9.999998e-01
2114 nan
2115 5.696452e-01
2116 3.872473e-01
2117 nan
2118 nan
2119 6.558563e-01
2120 3.822711e-01
2121 7.824584e-01
2122 4.856192e-01
2123 8.082377e-01
2124 3.684398e-01
2125 8.387958e-01
2126 nan
2127 nan
2128 7.410202e-01
2129 9.811149e-01
2130 nan
2131 8.657045e-01
2132 nan
2133 3.665449e-01
2134 6.099575e-01
2135 8.909333e-01
2136 4.203748e-01
2137 nan
2138 nan
2139 6.416239e-01
2140 5.256532e-01
2141 nan
2142 3.715209e-01
2143 9.157049e-01
2144 6.950874e-01
2145 nan
2146 nan
2147 5.963176e-01
2148 5.524768e-01
2149 nan
2150 8.589026e-01
2151 nan
2152 9.385223e-01
2153 5.132454e-01
2154 nan
2155 4.550463e-01
2156 nan
2157 6.980052e-01
2158 nan
2159 7.775923e-01
2160 4.779407e-01
2161 3.880121e-01
2162 8.026282e-01
2163 5.666591e-01
2164 4.471376e-01
2165 9.611294e-01
2166 nan
2167 6.508164e-01
2168 nan
2169 4.901282e-01
2170 nan
2171 7.540282e-01
2172 nan
2173 nan
2174 9.809312e-01
2175 7.326192e-01
2176 4.090898e-01
2177 nan
2178 4.254892e-01
2179 4.093619e-01
2180 nan
2181 6.055332e-01
2182 4.340865e-01
2183 9.255458e-01
2184 nan
2185 nan
2186 8.119487e-01
2187 nan
2188 nan
2189 6.891179e-01
2190 nan
2191 nan
2192 8.687524e-01
2193 nan
2194 5.295309e-01
2195 4.049579e-01
2196 8.934971e-01
2197 nan
2198 nan
2199 7.687111e-01
2200 nan
2201 4.061149e-01
2202 9.999998e-01
2203 8.438879e-01
2204 9.178021e-01
2205 nan
2206 4.674483e-01
2207 6.450045e-01
2208 5.668332e-01
2209 nan
2210 9.402725e-01
2211 nan
2212 4.137911e-01
2213 5.948625e-01
2214 5.579531e-01
2215 nan
2216 nan
2217 nan
2218 7.271041e-01
2219 6.457829e-01
2220 nan
2221 4.990029e-01
2222 9.624111e-01
2223 5.231296e-01
2224 8.411437e-01
2225 nan
2226 8.837760e-01
2227 9.815744e-01
2228 6.974264e-01
2229 4.919975e-01
2230 7.951935e-01
2231 4.335874e-01
2232 8.033275e-01
2233 9.999999e-01
2234 nan
2235 4.696683e-01
2236 6.063074e-01
2237 nan
2238 nan
2239 6.835770e-01
2240 5.331508e-01
2241 7.503783e-01
2242 nan
2243 nan
2244 4.539387e-01
2245 nan
2246 nan
2247 4.517461e-01
2248 7.625891e-01
2249 nan
2250 nan
2251 4.408154e-01
2252 nan
2253 4.790381e-01
2254 nan
2255 nan
2256 8.733067e-01
2257 nan
2258 9.618745e-01
2259 6.429856e-01
2260 8.976845e-01
2261 nan
2262 nan
2263 nan
2264 4.417660e-01
2265 8.367354e-01
2266 nan
2267 7.208764e-01
2268 5.722012e-01
2269 9.215013e-01
2270 nan
2271 nan
2272 4.452680e-01
2273 9.438496e-01
2274 nan
2275 6.386100e-01
2276 7.970745e-01
2277 nan
2278 5.130951e-01
2279 6.003353e-01
2280 9.223437e-01
2281 4.558049e-01
2282 5.642115e-01
2283 6.799232e-01
2284 nan
2285 6.060994e-01
2286 8.789363e-01
2287 nan
2288 5.367530e-01
2289 7.556683e-01
2290 nan
2291 8.340451e-01
2292 8.668305e-01
2293 nan
2294 5.433624e-01
2295 nan
2296 9.704387e-01
2297 5.131241e-01
2298 7.920609e-01
2299 6.999496e-01
2300 4.781534e-01
2301 9.999997e-01
2302 nan
2303 8.285940e-01
2304 nan
2305 4.953491e-01
2306 7.502973e-01
2307 6.428783e-01
2308 nan
2309 nan
2310 nan
2311 4.991236e-01
2312 7.168001e-01
2313 5.737166e-01
2314 nan
2315 nan
2316 nan
2317 4.840227e-01
2318 nan
2319 nan
2320 7.903022e-01
2321 nan
2322 8.951331e-01
2323 4.797212e-01
2324 5.225858e-01
2325 nan
2326 nan
2327 nan
2328 6.785409e-01
2329 nan
2330 4.793174e-01
2331 9.577367e-01
2332 4.818210e-01
2333 nan
2334 nan
2335 9.477870e-01
2336 6.090058e-01
2337 7.515042e-01
2338 8.607769e-01
2339 6.085530e-01
2340 5.503452e-01
2341 nan
2342 9.260426e-01
2343 9.142382e-01
2344 5.797279e-01
2345 6.485350e-01
2346 nan
2347 8.232946e-01
2348 nan
2349 4.987728e-01
2350 nan
2351 8.723805e-01
2352 7.135701e-01
2353 5.543543e-01
2354 nan
2355 5.317637e-01
2356 nan
2357 6.443825e-01
2358 8.313206e-01
2359 7.853336e-01
2360 5.159285e-01
2361 9.737852e-01
2362 5.832814e-01
2363 8.900848e-01
2364 nan
2365 7.907307e-01
2366 nan
2367 nan
2368 nan
2369 5.230427e-01
2370 nan
2371 nan
2372 7.519787e-01
2373 nan
2374 8.545768e-01
2375 nan
2376 6.799058e-01
2377 nan
2378 5.409557e-01
2379 nan
2380 nan
2381 5.169541e-01
2382 7.148197e-01
2383 6.135658e-01
2384 7.495055e-01
2385 nan
2386 nan
2387 nan
2388 nan
2389 nan
2390 9.526424e-01
2391 8.186032e-01
2392 5.142115e-01
2393 nan
2394 5.199138e-01
2395 5.159279e-01
2396 5.653131e-01
2397 9.193037e-01
2398 9.999999e-01
2399 nan
2400 6.162735e-01
2401 7.137175e-01
2402 nan
2403 6.492612e-01
2404 nan
2405 nan
2406 7.807342e-01
2407 6.477090e-01
2408 nan
2409 8.847661e-01
2410 nan
2411 5.923963e-01
2412 9.540679e-01
2413 nan
2414 nan
2415 5.905658e-01
2416 9.076749e-01
2417 nan
2418 6.830453e-01
2419 5.730477e-01
2420 8.699807e-01
2421 5.402611e-01
2422 nan
2423 nan
2424 8.505525e-01
2425 nan
2426 nan
2427 8.306221e-01
2428 nan
2429 9.780436e-01
2430 6.796911e-01
2431 5.612928e-01
2432 7.449951e-01
2433 nan
2434 nan
2435 9.464647e-01
2436 nan
2437 7.934127e-01
2438 5.589745e-01
2439 5.493466e-01
2440 8.137081e-01
2441 6.220402e-01
2442 nan
2443 nan
2444 9.135668e-01
2445 nan
2446 nan
2447 nan
2448 7.119512e-01
2449 nan
2450 5.822332e-01
2451 8.797841e-01
2452 7.775781e-01
2453 nan
2454 5.500638e-01
2455 6.527496e-01
2456 nan
2457 nan
2458 9.698894e-01
2459 6.584790e-01
2460 7.503862e-01
2461 5.561553e-01
2462 8.450607e-01
2463 6.067194e-01
2464 9.999999e-01
2465 nan
2466 nan
2467 7.170531e-01
2468 6.336892e-01
2469 6.898517e-01
2470 9.408275e-01
2471 nan
2472 5.571462e-01
2473 nan
2474 9.424285e-01
2475 nan
2476 7.454660e-01
2477 nan
2478 6.135055e-01
2479 6.310476e-01
2480 6.853944e-01
2481 8.097452e-01
2482 nan
2483 9.055206e-01
2484 nan
2485 9.082021e-01
2486 nan
2487 8.684255e-01
2488 5.973761e-01
2489 5.824725e-01
2490 5.719421e-01
2491 nan
2492 nan
2493 5.802140e-01
2494 nan
2495 nan
2496 nan
2497 nan
2498 8.754190e-01
2499 9.999998e-01
2500 7.152858e-01
2501 nan
2502 nan
2503 7.763826e-01
2504 nan
2505 6.602038e-01
2506 nan
2507 5.995444e-01
2508 8.408773e-01
2509 nan
2510 9.706993e-01
2511 6.188198e-01
2512 nan
2513 9.355512e-01
2514 nan
2515 nan
2516 8.362300e-01
2517 5.826808e-01
2518 7.452627e-01
2519 nan
2520 nan
2521 8.075588e-01
2522 nan
2523 9.038496e-01
2524 nan
2525 nan
2526 nan
2527 7.575578e-01
2528 6.744036e-01
2529 6.954852e-01
2530 5.889582e-01
2531 6.913868e-01
2532 7.965501e-01
2533 nan
2534 nan
2535 6.464669e-01
2536 7.280796e-01
2537 6.532210e-01
2538 9.719636e-01
2539 nan
2540 8.707018e-01
2541 9.406509e-01
2542 9.999999e-01
2543 nan
2544 9.048262e-01
2545 nan
2546 nan
2547 6.359718e-01
2548 9.615491e-01
2549 nan
2550 7.767571e-01
2551 6.203824e-01
2552 7.209057e-01
2553 6.681501e-01
2554 nan
2555 8.378998e-01
2556 5.988769e-01
2557 nan
2558 8.709977e-01
2559 nan
2560 9.309301e-01
2561 nan
2562 nan
2563 6.050333e-01
2564 6.124248e-01
2565 6.194374e-01
2566 6.322844e-01
2567 6.115053e-01
2568 nan
2569 nan
2570 nan
2571 8.991118e-01
2572 7.500056e-01
2573 8.070523e-01
2574 nan
2575 6.946283e-01
2576 nan
2577 nan
2578 8.675302e-01
2579 nan
2580 6.569827e-01
2581 nan
2582 nan
2583 6.838129e-01
2584 7.349599e-01
2585 9.570559e-01
2586 7.786255e-01
2587 7.961621e-01
2588 6.188052e-01
2589 nan
2590 nan
2591 7.102880e-01
2592 nan
2593 7.657089e-01
2594 6.671876e-01
2595 6.243242e-01
2596 8.313122e-01
2597 9.263200e-01
2598 nan
2599 8.360614e-01
2600 nan
2601 nan
2602 nan
2603 7.500861e-01
2604 9.711306e-01
2605 nan
2606 6.821830e-01
2607 8.677818e-01
2608 6.556423e-01
2609 nan
2610 nan
2611 nan
2612 7.331947e-01
2613 9.075167e-01
2614 8.960715e-01
2615 nan
2616 8.078222e-01
2617 7.053671e-01
2618 nan
2619 9.794659e-01
2620 nan
2621 nan
2622 nan
2623 nan
2624 nan
2625 9.447794e-01
2626 8.647589e-01
2627 9.524373e-01
2628 nan
2629 nan
2630 nan
2631 nan
2632 6.661781e-01
2633 6.436494e-01
2634 nan
2635 7.277904e-01
2636 9.228338e-01
2637 7.826656e-01
2638 nan
2639 6.448951e-01
2640 6.603323e-01
2641 nan
2642 8.357891e-01
2643 nan
2644 nan
2645 6.612046e-01
2646 nan
2647 nan
2648 6.549297e-01
2649 7.210556e-01
2650 7.484955e-01
2651 6.883395e-01
2652 8.624755e-01
2653 7.707601e-01
2654 7.041953e-01
2655 9.719321e-01
2656 8.925873e-01
2657 6.935965e-01
2658 8.302863e-01
2659 nan
2660 nan
2661 nan
2662 nan
2663 6.525374e-01
2664 8.014868e-01
2665 9.772245e-01
2666 8.085499e-01
2667 nan
2668 nan
2669 7.158194e-01
2670 9.482204e-01
2671 nan
2672 8.637145e-01
2673 nan
2674 nan
2675 8.990076e-01
2676 7.790393e-01
2677 nan
2678 nan
2679 nan
2680 nan
2681 9.191472e-01
2682 nan
2683 nan
2684 nan
2685 8.341957e-01
2686 7.399477e-01
2687 nan
2688 9.698194e-01
2689 8.906554e-01
2690 nan
2691 nan
2692 nan
2693 7.674919e-01
2694 6.982249e-01
2695 nan
2696 nan
2697 9.717937e-01
2698 8.067822e-01
2699 nan
2700 9.453179e-01
2701 nan
2702 6.954927e-01
2703 7.576262e-01
2704 nan
2705 7.191542e-01
2706 9.449609e-01
2707 nan
2708 7.080431e-01
2709 nan
2710 7.387613e-01
2711 7.827902e-01
2712 6.873729e-01
2713 8.624962e-01
2714 6.958409e-01
2715 nan
2716 nan
2717 6.835420e-01
2718 7.248662e-01
2719 nan
2720 nan
2721 9.172268e-01
2722 6.845210e-01
2723 6.868279e-01
2724 6.949481e-01
2725 nan
2726 8.155070e-01
2727 8.353266e-01
2728 nan
2729 nan
2730 8.472428e-01
2731 8.849863e-01
2732 nan
2733 nan
2734 nan
2735 7.501992e-01
2736 8.895904e-01
2737 nan
2738 9.697294e-01
2739 nan
2740 8.085850e-01
2741 nan
2742 nan
2743 nan
2744 9.773211e-01
2745 nan
2746 9.996001e-01
2747 nan
2748 nan
2749 9.413448e-01
2750 9.999998e-01
2751 8.619787e-01
2752 nan
2753 nan
2754 7.161593e-01
2755 nan
2756 9.149876e-01
2757 nan
2758 7.538656e-01
2759 7.804192e-01
2760 nan
2761 8.355191e-01
2762 7.290049e-01
2763 nan
2764 7.731161e-01
2765 nan
2766 nan
2767 nan
2768 7.402332e-01
2769 7.415364e-01
2770 nan
2771 7.291552e-01
2772 7.200335e-01
2773 7.952324e-01
2774 7.141723e-01
2775 7.130540e-01
2776 nan
2777 8.883466e-01
2778 8.079896e-01
2779 7.587646e-01
2780 7.150068e-01
2781 9.704321e-01
2782 9.439486e-01
2783 nan
2784 nan
2785 7.754257e-01
2786 nan
2787 nan
2788 7.204483e-01
2789 nan
2790 9.397539e-01
2791 9.726246e-01
2792 nan
2793 9.999998e-01
2794 nan
2795 nan
2796 8.622386e-01
2797 nan
2798 nan
2799 nan
2800 nan
2801 8.281261e-01
2802 nan
2803 nan
2804 7.327444e-01
2805 8.883006e-01
2806 nan
2807 9.147796e-01
2808 nan
2809 8.360620e-01
2810 nan
2811 nan
2812 8.635517e-01
2813 9.166786e-01
2814 1.000000e+00
2815 nan
2816 9.632688e-01
2817 nan
2818 8.897508e-01
2819 7.491374e-01
2820 7.702069e-01
2821 nan
2822 nan
2823 8.150591e-01
2824 nan
2825 7.873720e-01
2826 nan
2827 7.591560e-01
2828 8.058513e-01
2829 9.384430e-01
2830 7.613827e-01
2831 7.436003e-01
2832 7.512195e-01
2833 7.739572e-01
2834 nan
2835 8.621107e-01
2836 8.256557e-01
2837 7.411539e-01
2838 9.781903e-01
2839 7.407332e-01
2840 nan
2841 nan
2842 7.905102e-01
2843 nan
2844 7.442329e-01
2845 nan
2846 nan
2847 nan
2848 nan
2849 nan
2850 nan
2851 8.393883e-01
2852 nan
2853 9.156369e-01
2854 8.095358e-01
2855 nan
2856 7.513797e-01
2857 nan
2858 nan
2859 9.621307e-01
2860 nan
2861 8.879845e-01
2862 nan
2863 nan
2864 9.197815e-01
2865 nan
2866 7.641330e-01
2867 8.958081e-01
2868 8.731280e-01
2869 nan
2870 7.741849e-01
2871 8.634695e-01
2872 nan
2873 nan
2874 9.468133e-01
2875 8.530053e-01
2876 nan
2877 nan
2878 nan
2879 9.393448e-01
2880 1.000000e+00
2881 9.820019e-01
2882 7.871008e-01
2883 nan
2884 9.736250e-01
2885 nan
2886 8.023920e-01
2887 7.902785e-01
2888 nan
2889 8.194294e-01
2890 7.720356e-01
2891 8.382623e-01
2892 7.812784e-01
2893 1.000000e+00
2894 9.205964e-01
2895 7.688480e-01
2896 7.658985e-01
2897 8.435170e-01
2898 nan
2899 nan
2900 nan
2901 nan
2902 7.680560e-01
2903 8.046521e-01
2904 nan
2905 nan
2906 8.876926e-01
2907 nan
2908 nan
2909 7.734065e-01
2910 nan
2911 nan
2912 9.361597e-01
2913 8.211900e-01
2914 nan
2915 nan
2916 nan
2917 9.639623e-01
2918 7.811704e-01
2919 8.665774e-01
2920 9.485022e-01
2921 nan
2922 nan
2923 9.815366e-01
2924 9.266789e-01
2925 8.407261e-01
2926 9.185550e-01
2927 9.042816e-01
2928 7.935843e-01
2929 nan
2930 9.745464e-01
2931 nan
2932 8.846005e-01
2933 8.038597e-01
2934 nan
2935 nan
2936 nan
2937 nan
2938 9.995805e-01
2939 nan
2940 8.688711e-01
2941 8.083308e-01
2942 8.201905e-01
2943 nan
2944 nan
2945 nan
2946 8.009503e-01
2947 7.910249e-01
2948 9.999999e-01
2949 7.958411e-01
2950 8.535107e-01
2951 nan
2952 8.195994e-01
2953 nan
2954 nan
2955 7.921247e-01
2956 8.395499e-01
2957 nan
2958 nan
2959 7.964067e-01
2960 9.817515e-01
2961 9.420863e-01
2962 nan
2963 9.002011e-01
2964 7.955495e-01
2965 nan
2966 8.337550e-01
2967 nan
2968 nan
2969 nan
2970 9.619538e-01
2971 nan
2972 nan
2973 9.751803e-01
2974 9.202707e-01
2975 nan
2976 9.534528e-01
2977 8.093648e-01
2978 nan
2979 8.514849e-01
2980 9.998831e-01
2981 8.174202e-01
2982 8.822269e-01
2983 9.337166e-01
2984 nan
2985 9.815532e-01
2986 nan
2987 nan
2988 nan
2989 nan
2990 9.403407e-01
2991 8.981900e-01
2992 8.478928e-01
2993 nan
2994 nan
2995 8.321077e-01
2996 nan
2997 8.371606e-01
2998 8.821752e-01
2999 8.285501e-01
3000 nan
3001 nan
3002 nan
3003 nan
3004 nan
3005 8.225212e-01
3006 8.173619e-01
3007 nan
3008 8.443776e-01
3009 8.157939e-01
3010 8.688219e-01
3011 8.151623e-01
3012 8.168017e-01
3013 nan
3014 9.999998e-01
3015 nan
3016 nan
3017 9.053247e-01
3018 nan
3019 8.229952e-01
3020 9.228804e-01
3021 nan
3022 9.811721e-01
3023 nan
3024 9.250657e-01
3025 9.614444e-01
3026 9.850096e-01
3027 8.609544e-01
3028 8.830501e-01
3029 nan
3030 nan
3031 nan
3032 nan
3033 nan
3034 nan
3035 8.348312e-01
3036 nan
3037 nan
3038 9.439484e-01
3039 nan
3040 8.445008e-01
3041 nan
3042 9.998739e-01
3043 nan
3044 nan
3045 9.537326e-01
3046 nan
3047 nan
3048 9.052127e-01
3049 9.125509e-01
3050 9.816090e-01
3051 9.618297e-01
3052 nan
3053 nan
3054 8.645748e-01
3055 nan
3056 8.552653e-01
3057 8.473098e-01
3058 8.377146e-01
3059 8.580939e-01
3060 nan
3061 nan
3062 9.769115e-01
3063 8.427846e-01
3064 nan
3065 nan
3066 nan
3067 8.397030e-01
3068 8.384251e-01
3069 8.387027e-01
3070 nan
3071 nan
3072 nan
3073 9.010219e-01
3074 8.851375e-01
3075 8.709166e-01
3076 nan
3077 8.885489e-01
3078 nan
3079 nan
3080 9.999998e-01
3081 1.000000e+00
3082 nan
3083 8.491858e-01
3084 9.268541e-01
3085 9.819241e-01
3086 nan
3087 nan
3088 9.071389e-01
3089 nan
3090 9.666814e-01
3091 9.439166e-01
3092 nan
3093 nan
3094 nan
3095 8.608118e-01
3096 9.386414e-01
3097 nan
3098 9.577562e-01
3099 nan
3100 nan
3101 9.777689e-01
3102 nan
3103 8.701122e-01
3104 nan
3105 nan
3106 9.998597e-01
3107 8.910220e-01
3108 nan
3109 8.810970e-01
3110 8.952385e-01
3111 nan
3112 nan
3113 8.726460e-01
3114 9.817319e-01
3115 9.267565e-01
3116 9.627624e-01
3117 8.668328e-01
3118 nan
3119 nan
3120 9.995652e-01
3121 8.631143e-01
3122 8.610934e-01
3123 8.604622e-01
3124 nan
3125 nan
3126 8.602796e-01
3127 8.833346e-01
3128 nan
3129 nan
3130 nan
3131 9.164735e-01
3132 nan
3133 9.338299e-01
3134 9.121350e-01
3135 nan
3136 nan
3137 nan
3138 nan
3139 8.740434e-01
3140 nan
3141 nan
3142 nan
3143 9.469534e-01
3144 9.821072e-01
3145 9.830540e-01
3146 nan
3147 nan
3148 nan
3149 9.026264e-01
3150 nan
3151 9.295234e-01
3152 9.649571e-01
3153 nan
3154 nan
3155 nan
3156 nan
3157 nan
3158 8.847924e-01
3159 nan
3160 nan
3161 9.047033e-01
3162 9.588895e-01
3163 9.175507e-01
3164 nan
3165 nan
3166 8.827999e-01
3167 nan
3168 9.998463e-01
3169 nan
3170 8.824482e-01
3171 8.827324e-01
3172 nan
3173 8.977417e-01
3174 8.810644e-01
3175 9.182860e-01
3176 9.819329e-01
3177 nan
3178 nan
3179 9.468924e-01
3180 nan
3181 9.069517e-01
3182 nan
3183 9.794531e-01
3184 nan
3185 nan
3186 9.011489e-01
3187 nan
3188 nan
3189 8.871275e-01
3190 nan
3191 nan
3192 9.340659e-01
3193 8.989081e-01
3194 nan
3195 8.944600e-01
3196 nan
3197 9.995581e-01
3198 nan
3199 9.445810e-01
3200 nan
3201 9.651199e-01
3202 9.630189e-01
3203 nan
3204 nan
3205 nan
3206 9.861177e-01
3207 nan
3208 nan
3209 9.248922e-01
3210 9.185511e-01
3211 9.504689e-01
3212 nan
3213 nan
3214 9.802223e-01
3215 nan
3216 nan
3217 9.287230e-01
3218 nan
3219 nan
3220 8.997853e-01
3221 nan
3222 nan
3223 9.035497e-01
3224 nan
3225 9.028500e-01
3226 9.091098e-01
3227 nan
3228 nan
3229 9.393352e-01
3230 9.178408e-01
3231 nan
3232 nan
3233 9.827973e-01
3234 9.660769e-01
3235 9.451911e-01
3236 nan
3237 nan
3238 nan
3239 nan
3240 nan
3241 nan
3242 nan
3243 nan
3244 9.293314e-01
3245 nan
3246 nan
3247 9.543607e-01
3248 nan
3249 9.195040e-01
3250 nan
3251 9.110265e-01
3252 9.110553e-01
3253 nan
3254 9.160111e-01
3255 nan
3256 9.850356e-01
3257 9.241742e-01
3258 nan
3259 nan
3260 9.636378e-01
3261 nan
3262 9.832802e-01
3263 nan
3264 nan
3265 9.371757e-01
3266 9.182860e-01
3267 nan
3268 nan
3269 nan
3270 nan
3271 9.500387e-01
3272 nan
3273 nan
3274 9.243223e-01
3275 nan
3276 nan
3277 9.709126e-01
3278 nan
3279 nan
3280 nan
3281 9.818291e-01
3282 9.534298e-01
3283 nan
3284 nan
3285 9.295293e-01
3286 9.395071e-01
3287 9.651340e-01
3288 nan
3289 9.837263e-01
3290 9.368419e-01
3291 nan
3292 nan
3293 9.262207e-01
3294 nan
3295 nan
3296 nan
3297 nan
3298 9.283215e-01
3299 nan
3300 nan
3301 nan
3302 nan
3303 nan
3304 9.556713e-01
3305 nan
3306 nan
3307 9.689523e-01
3308 nan
3309 nan
3310 nan
3311 9.329905e-01
3312 9.397581e-01
3313 9.359756e-01
3314 9.826228e-01
3315 nan
3316 9.434029e-01
3317 nan
3318 1.000000e+00
3319 nan
3320 9.548857e-01
3321 nan
3322 9.384446e-01
3323 9.875732e-01
3324 nan
3325 9.686867e-01
3326 nan
3327 nan
3328 9.545922e-01
3329 nan
3330 nan
3331 nan
3332 nan
3333 nan
3334 9.995625e-01
3335 nan
3336 9.846707e-01
3337 9.832807e-01
3338 nan
3339 9.483939e-01
3340 9.997448e-01
3341 9.544097e-01
3342 9.574727e-01
3343 nan
3344 nan
3345 9.448572e-01
3346 9.460339e-01
3347 9.726891e-01
3348 nan
3349 nan
3350 9.455163e-01
3351 nan
3352 nan
3353 nan
3354 nan
3355 9.722057e-01
3356 9.551961e-01
3357 nan
3358 9.851800e-01
3359 nan
3360 nan
3361 nan
3362 nan
3363 nan
3364 nan
3365 9.840148e-01
3366 1.000000e+00
3367 nan
3368 nan
3369 nan
3370 nan
3371 9.545887e-01
3372 9.715772e-01
3373 nan
3374 nan
3375 9.700996e-01
3376 nan
3377 9.571046e-01
3378 9.644879e-01
3379 nan
3380 nan
3381 nan
3382 nan
3383 nan
3384 nan
3385 nan
3386 9.885517e-01
3387 9.596504e-01
3388 9.995429e-01
3389 nan
3390 nan
3391 nan
3392 9.710399e-01
3393 9.602078e-01
3394 9.739783e-01
3395 9.619746e-01
3396 9.878973e-01
3397 nan
3398 nan
3399 nan
3400 9.860564e-01
3401 nan
3402 nan
3403 nan
3404 9.852165e-01
3405 nan
3406 nan
3407 nan
3408 nan
3409 nan
3410 nan
3411 9.999999e-01
3412 nan
3413 nan
3414 nan
3415 nan
3416 nan
3417 9.738409e-01
3418 nan
3419 9.864009e-01
3420 9.750275e-01
3421 9.856773e-01
3422 nan
3423 nan
3424 nan
3425 nan
3426 nan
3427 9.746014e-01
3428 nan
3429 9.996674e-01
3430 nan
3431 nan
3432 9.742443e-01
3433 9.756229e-01
3434 9.995514e-01
3435 nan
3436 nan
3437 nan
3438 nan
3439 nan
3440 nan
3441 9.861911e-01
3442 nan
3443 nan
3444 9.765302e-01
3445 9.847983e-01
3446 nan
3447 9.895473e-01
3448 nan
3449 nan
3450 nan
3451 9.865467e-01
3452 nan
3453 nan
3454 nan
3455 nan
3456 nan
3457 nan
3458 nan
3459 nan
3460 nan
3461 9.869234e-01
3462 nan
3463 nan
3464 nan
3465 nan
3466 9.996257e-01
3467 nan
3468 9.874898e-01
3469 9.899032e-01
3470 nan
3471 9.871980e-01
3472 nan
3473 9.995546e-01
3474 nan
3475 nan
3476 9.876037e-01
3477 nan
3478 nan
3479 9.876101e-01
3480 9.875441e-01
3481 nan
3482 nan
3483 nan
3484 nan
3485 nan
3486 9.899628e-01
3487 nan
3488 nan
3489 9.999999e-01
3490 nan
3491 nan
3492 nan
3493 nan
3494 nan
3495 nan
3496 9.995732e-01
3497 nan
3498 nan
3499 nan
3500 nan
3501 nan
3502 nan
3503 nan
3504 nan
3505 nan
3506 nan
3507 nan
3508 9.999999e-01
3509 nan
3510 nan
3511 nan
3512 nan
3513 nan
3514 nan
3515 9.995379e-01
3516 nan
3517 nan
3518 nan
3519 nan
3520 nan
3521 9.999999e-01
3522 nan
3523 9.995722e-01
3524 9.999999e-01
3525 nan
3526 nan
3527 nan
3528 nan
3529 nan
3530 nan
3531 nan
3532 nan
3533 nan
3534 nan
3535 nan
3536 nan
3537 nan
3538 nan
3539 nan
3540 nan
3541 nan
3542 nan
3543 nan
3544 nan
3545 nan
3546 nan
3547 nan
3548 nan
3549 nan
3550 nan
3551 nan
3552 nan
3553 nan
3554 nan
3555 nan
3556 nan
3557 nan
3558 nan
3559 nan
3560 nan
3561 nan
3562 nan
3563 nan
3564 nan
3565 nan
3566 nan
3567 nan
3568 nan
3569 nan
3570 nan
3571 nan
3572 nan
3573 nan
3574 nan
3575 nan
3576 nan
3577 nan
3578 nan
3579 nan
3580 nan
3581 nan
3582 nan
3583 nan
3584 nan
3585 nan
3586 nan
3587 nan
3588 nan
3589 nan
3590 nan
3591 nan
3592 nan
3593 nan
3594 nan
3595 nan
3596 nan
3597 nan
3598 nan
3599 nan
3600 nan
3601 nan
3602 nan
3603 nan
3604 nan
3605 nan
3606 nan
3607 nan
3608 nan
3609 nan
3610 nan
3611 nan
3612 nan
3613 nan
3614 nan
3615 nan
3616 nan
3617 nan
3618 nan
3619 nan
3620 nan
3621 nan
3622 nan
3623 nan
3624 nan
3625 nan
3626 nan
3627 nan
3628 nan
3629 nan
3630 nan
3631 nan
3632 nan
3633 nan
3634 nan
3635 nan
3636 nan
3637 nan
3638 nan
3639 nan
3640 nan
3641 nan
3642 nan
3643 nan
3644 nan
3645 nan
3646 nan
3647 nan
3648 nan
3649 nan
3650 nan
3651 nan
3652 nan
3653 nan
3654 nan
3655 nan
3656 nan
3657 nan
3658 nan
3659 nan
3660 nan
3661 nan
3662 nan
3663 nan
3664 nan
3665 nan
3666 nan
3667 nan
3668 nan
3669 nan
3670 nan
3671 nan
3672 nan
3673 nan
3674 nan
3675 nan
3676 nan
3677 nan
3678 nan
3679 nan
3680 nan
3681 nan
3682 nan
3683 nan
3684 nan
3685 nan
3686 nan
3687 nan
3688 nan
3689 nan
3690 nan
3691 nan
3692 nan
3693 nan
3694 nan
3695 nan
3696 nan
3697 nan
3698 nan
3699 nan
3700 nan
3701 nan
3702 nan
3703 nan
3704 nan
3705 nan
3706 nan
3707 nan
3708 nan
3709 nan
3710 nan
3711 nan
3712 nan
3713 nan
3714 nan
3715 nan
3716 nan
3717 nan
3718 nan
3719 nan
3720 nan
3721 nan
3722 nan
3723 nan
3724 nan
3725 nan
3726 nan
3727 nan
3728 nan
3729 nan
3730 nan
3731 nan
3732 nan
3733 nan
3734 nan
3735 nan
3736 nan
3737 nan
3738 nan
3739 nan
3740 nan
3741 nan
3742 nan
3743 nan
3744 nan
3745 nan
3746 nan
3747 nan
3748 nan
3749 nan
3750 nan
3751 nan
3752 nan
3753 nan
3754 nan
3755 nan
3756 nan
3757 nan
3758 nan
3759 nan
3760 nan
3761 nan
3762 nan
3763 nan
3764 nan
3765 nan
3766 nan
3767 nan
3768 nan
3769 nan
3770 nan
3771 nan
3772 nan
3773 nan
3774 nan
3775 nan
3776 nan
3777 nan
3778 nan
3779 nan
3780 nan
3781 nan
3782 nan
3783 nan
3784 nan
3785 nan
3786 nan
3787 nan
3788 nan
3789 nan
3790 nan
3791 nan
3792 nan
3793 nan
3794 nan
3795 nan
3796 nan
3797 nan
3798 nan
3799 nan
3800 nan
3801 nan
3802 nan
3803 nan
3804 nan
3805 nan
3806 nan
3807 nan
3808 nan
3809 nan
3810 nan
3811 nan
3812 nan
3813 nan
3814 nan
3815 nan
3816 nan
3817 nan
3818 nan
3819 nan
3820 nan
3821 nan
3822 nan
3823 nan
3824 nan
3825 nan
3826 nan
3827 nan
3828 nan
3829 nan
3830 nan
3831 nan
3832 nan
3833 nan
3834 nan
3835 nan
3836 nan
3837 nan
3838 nan
3839 nan
3840 nan
3841 nan
3842 nan
3843 nan
3844 nan
3845 nan
3846 nan
3847 nan
3848 nan
3849 nan
3850 nan
3851 nan
3852 nan
3853 nan
3854 nan
3855 nan
3856 nan
3857 nan
3858 nan
3859 nan
3860 nan
3861 nan
END_MAGNETIC_FLUX
