  ON_NODES
   1  3  
   1  3  
   2  3  
   3  3  
   5  3  
   6  3  
   9  3  
   9  3  
   10  3  
   10  3  
   13  3  
   15  3  
   17  3  
   20  3  
   22  3  
   22  3  
   26  3  
   26  3  
   27  3  
   32  3  
   33  3  
   36  3  
   37  3  
   37  3  
   43  3  
   44  3  
   44  3  
   48  3  
   49  3  
   55  3  
   55  3  
   57  3  
   60  3  
   61  3  
   61  3  
   65  3  
   68  3  
   71  3  
   71  3  
   74  3  
   77  3  
   81  3  
   81  3  
   83  3  
   87  3  
   88  3  
   88  3  
   93  3  
   94  3  
   101  3  
   102  3  
   102  3  
   107  3  
   107  3  
   108  3  
   113  3  
   114  3  
   120  3  
   122  3  
   122  3  
   127  3  
   127  3  
   128  3  
   132  3  
   134  3  
   136  3  
   141  3  
   141  3  
   143  3  
   143  3  
   149  3  
   150  3  
   155  3  
   156  3  
   162  3  
   162  3  
   163  3  
   163  3  
   167  3  
   168  3  
   173  3  
   177  3  
   183  3  
   183  3  
   186  3  
   186  3  
   192  3  
   195  3  
   196  3  
   202  3  
   204  3  
   204  3  
   212  3  
   212  3  
   213  3  
   222  3  
   225  3  
   233  3  
   233  3  
   234  3  
   245  3  
   248  3  
   248  3  
   257  3  
   262  3  
   276  3  
   276  3  
   287  3  
   308  3  
   321  2  
   321  2  
   322  2  
   323  2  
   323  2  
   324  2  
   326  2  
   326  2  
   327  2  
   327  2  
   329  2  
   332  2  
   332  2  
   334  2  
   336  3  
   336  3  
   338  2  
   341  2  
   341  2  
   344  2  
   348  2  
   349  2  
   349  2  
   359  2  
   361  2  
   372  2  
   373  2  
   373  2  
   378  2  
   379  3  
   383  2  
   384  2  
   394  2  
   399  2  
   401  2  
   401  2  
   406  2  
   406  2  
   414  2  
   420  2  
   425  2  
   430  2  
   430  2  
   435  2  
   435  2  
   438  2  
   440  2  
   448  2  
   453  2  
   458  2  
   461  2  
   469  3  
   477  2  
   480  2  
   488  2  
   495  2  
   495  2  
   501  2  
   501  2  
   502  2  
   511  3  
   511  3  
   513  2  
   513  2  
   514  2  
   514  2  
   528  2  
   544  2  
   548  2  
   555  2  
   572  2  
   576  2  
   576  2  
   579  3  
   594  2  
   595  2  
   595  2  
   602  3  
   621  2  
   621  2  
   635  2  
   635  2  
   650  2  
   679  2  
   679  2  
   684  2  
   684  2  
   693  3  
   693  3  
   707  3  
   712  2  
   721  2  
   748  2  
   748  2  
   760  2  
   792  2  
   793  2  
   793  2  
   813  3  
   819  3  
   819  3  
   825  2  
   843  2  
   843  2  
   859  2  
   859  2  
   887  2  
   895  2  
   922  2  
   933  2  
   933  2  
   943  3  
   951  3  
   973  2  
   973  2  
   978  2  
   1020  2  
   1020  2  
   1022  2  
   1053  1  
   1053  1  
   1058  1  
   1058  1  
   1059  1  
   1061  1  
   1061  1  
   1063  1  
   1063  1  
   1065  1  
   1069  1  
   1069  1  
   1071  1  
   1074  2  
   1075  1  
   1077  3  
   1079  1  
   1079  1  
   1084  1  
   1090  1  
   1090  1  
   1096  2  
   1096  2  
   1100  1  
   1103  1  
   1108  3  
   1108  3  
   1120  1  
   1125  1  
   1125  1  
   1132  1  
   1142  1  
   1143  1  
   1147  2  
   1147  2  
   1153  1  
   1160  1  
   1163  1  
   1163  1  
   1170  1  
   1177  2  
   1179  1  
   1179  1  
   1180  1  
   1180  1  
   1184  1  
   1184  1  
   1187  1  
   1200  1  
   1201  1  
   1207  1  
   1222  1  
   1229  1  
   1234  1  
   1253  1  
   1254  2  
   1259  2  
   1260  1  
   1273  1  
   1279  1  
   1279  1  
   1288  1  
   1288  1  
   1293  3  
   1293  3  
   1297  1  
   1297  1  
   1300  1  
   1300  1  
   1317  1  
   1320  2  
   1329  1  
   1334  2  
   1334  2  
   1341  1  
   1346  3  
   1361  1  
   1362  1  
   1385  2  
   1385  2  
   1392  1  
   1392  1  
   1404  1  
   1404  1  
   1415  2  
   1422  1  
   1426  1  
   1426  1  
   1433  2  
   1433  2  
   1446  1  
   1446  1  
   1461  3  
   1476  1  
   1476  1  
   1480  2  
   1487  1  
   1515  2  
   1515  2  
   1518  1  
   1524  1  
   1524  1  
   1528  3  
   1551  2  
   1551  2  
   1564  1  
   1564  1  
   1568  1  
   1571  2  
   1616  1  
   1618  3  
   1621  1  
   1621  1  
   1627  2  
   1633  2  
   1658  1  
   1658  1  
   1678  1  
   1681  2  
   1681  2  
   1690  1  
   1690  1  
   1707  3  
   1707  3  
   1719  2  
   1719  2  
   1733  2  
   1733  2  
   1738  1  
   1746  1  
   1746  1  
   1784  1  
   1784  1  
   1787  3  
   1787  3  
   1797  2  
   1813  1  
   1827  2  
   1827  2  
   1829  1  
   1856  1  
   1876  2  
   1880  1  
   1880  1  
   1897  1  
   1897  1  
   1904  2  
   1909  3  
   1927  1  
   1927  1  
   1955  2  
   1955  2  
   1969  1  
   1971  3  
   1983  1  
   1983  1  
   1991  2  
   1991  2  
   2009  1  
   2043  1  
   2045  2  
   2045  2  
   2057  2  
   2078  1  
   2079  1  
   2108  1  
   2117  3  
   2130  1  
   2139  2  
   2148  1  
   2167  1  
   2168  3  
   2187  2  
   2187  2  
   2188  1  
   2188  1  
   2190  1  
   2190  1  
   2197  1  
   2197  1  
   2217  1  
   2230  1  
   2243  1  
   2257  2  
   2262  1  
   2290  1  
   2296  2  
   2322  1  
   2322  1  
   2331  1  
   2331  1  
   2351  1  
   2363  2  
   2363  2  
   2383  3  
   2383  3  
   2390  1  
   2394  2  
   2408  3  
   2408  3  
   2428  1  
   2434  1  
   2460  1  
   2486  2  
   2486  2  
   2500  1  
   2508  2  
   2508  2  
   2527  1  
   2527  1  
   2539  1  
   2539  1  
   2540  1  
   2540  1  
   2568  1  
   2592  1  
   2597  2  
   2623  2  
   2625  1  
   2627  3  
   2628  3  
   2649  1  
   2649  1  
   2694  1  
   2701  1  
   2701  1  
   2703  2  
   2731  2  
   2731  2  
   2743  1  
   2788  1  
   2802  1  
   2813  2  
   2813  2  
   2822  2  
   2841  3  
   2843  1  
   2843  1  
   2860  3  
   2866  1  
   2866  1  
   2897  1  
   2897  1  
   2915  2  
   2915  2  
   2920  2  
   2924  1  
   2974  1  
   3017  1  
   3019  2  
   3019  2  
   3025  2  
   3042  1  
   3043  3  
   3043  3  
   3079  3  
   3079  3  
   3123  1  
   3123  1  
   3124  1  
   3124  1  
   3129  2  
   3129  2  
   3138  2  
   3228  2  
   3230  1  
   3230  1  
   3239  1  
   3239  1  
   3243  3  
   3260  2  
   3260  2  
   3304  1  
   3310  3  
   3329  2  
   3331  1  
   3357  2  
   3385  1  
   3385  1  
   3432  1  
   3432  1  
   3436  2  
   3453  3  
   3461  1  
   3468  2  
   3468  2  
   3545  2  
   3545  2  
   3547  1  
   3547  1  
   3559  3  
   3564  2  
   3573  1  
   3573  1  
   3654  2  
   3654  2  
   3662  1  
   3662  1  
   3673  3  
   3673  3  
   3677  2  
   3684  1  
   3684  1  
   3751  2  
   3768  1  
   3792  1  
   3800  3  
   3800  3  
   3809  2  
   3809  2  
   3849  2  
   3883  1  
   3888  3  
   3907  1  
   3907  1  
   3936  2  
   3936  2  
   3954  2  
   3954  2  
   3995  1  
   3995  1  
   4024  1  
   4043  3  
   4057  2  
   4057  2  
   4063  2  
   4113  1  
   4118  3  
   4150  1  
   4150  1  
   4155  2  
   4181  2  
   4235  1  
   4235  1  
   4251  2  
   4251  2  
   4286  1  
   4286  1  
   4289  2  
   4289  2  
   4308  3  
   4352  1  
   4352  1  
   4353  3  
   4353  3  
   4385  1  
   4409  2  
   4410  2  
   4410  2  
   4483  1  
   4483  1  
   4496  1  
   4496  1  
   4523  2  
   4537  2  
   4537  2  
   4568  3  
   4568  3  
   4586  3  
   4600  1  
   4637  2  
   4637  2  
   4667  2  
   4679  1  
   4679  1  
   4705  1  
   4705  1  
   4737  2  
   4768  1  
   4768  1  
   4801  2  
   4801  2  
   4822  2  
   4829  3  
   4836  3  
   4844  1  
   4844  1  
   4900  2  
   4920  2  
   4921  1  
   4959  1  
   4963  2  
   4963  2  
   5040  2  
   5040  2  
   5047  2  
   5047  2  
   5078  1  
   5078  1  
   5084  1  
   5084  1  
   5085  3  
   5085  3  
   5101  2  
   5101  2  
   5123  3  
   5173  2  
   5182  2  
   5183  1  
   5201  1  
   5268  2  
   5280  1  
   5280  1  
   5281  2  
   5281  2  
   5300  1  
   5338  3  
   5363  2  
   5392  1  
   5402  1  
   5402  1  
   5406  2  
   5409  3  
   5409  3  
   5471  1  
   5471  1  
   5490  2  
   5490  2  
   5506  1  
   5506  1  
   5528  2  
   5533  1  
   5533  1  
   5592  3  
   5614  1  
   5616  2  
   5627  1  
   5653  2  
   5653  2  
   5687  3  
   5688  1  
   5733  1  
   5733  1  
   5734  2  
   5782  1  
   5798  2  
   5827  1  
   5846  3  
   5846  3  
   5862  2  
   5862  2  
   5883  1  
   5883  1  
   5919  1  
   5919  1  
   5949  2  
   5949  2  
   5958  2  
   5958  2  
   5968  3  
   5997  1  
   6031  1  
   6081  2  
   6081  2  
   6087  3  
   6089  2  
   6100  1  
   6137  1  
   6137  1  
   6200  1  
   6200  1  
   6214  2  
   6224  1  
   6242  3  
   6242  3  
   6244  2  
   6244  2  
   6287  1  
   6287  1  
   6328  1  
   6328  1  
   6341  3  
   6346  2  
   6370  2  
   6370  2  
   6411  1  
   6420  1  
   6420  1  
   6441  2  
   6504  1  
   6504  1  
   6522  2  
   6522  2  
   6524  3  
   6534  2  
   6534  2  
   6556  1  
   6593  3  
   6593  3  
   6601  1  
   6663  2  
   6665  2  
   6686  1  
   6686  1  
   6691  1  
   6784  1  
   6784  1  
   6793  2  
   6793  2  
   6806  3  
   6808  2  
   6808  2  
   6839  1  
   6839  1  
   6843  1  
   6843  1  
   6849  3  
   6928  2  
   6940  2  
   6970  1  
   6985  1  
   6985  1  
   7040  2  
   7071  2  
   7071  2  
   7075  1  
   7087  1  
   7087  1  
   7108  3  
   7108  3  
   7114  3  
   7125  2  
   7171  1  
   7171  1  
   7175  1  
   7197  2  
   7202  2  
   7255  1  
   7262  1  
   7262  1  
   7264  2  
   7264  2  
   7311  2  
   7313  1  
   7330  2  
   7330  2  
   7350  2  
   7359  1  
   7384  1  
   7386  3  
   7386  3  
   7397  2  
   7397  2  
   7401  1  
   7407  3  
   7437  2  
   7437  2  
   7438  1  
   7470  1  
   7477  2  
   7492  1  
   7493  2  
   7520  1  
   7535  1  
   7535  1  
   7538  1  
   7538  1  
   7550  1  
   7550  1  
   7568  1  
   7578  2  
   7580  1  
   7580  1  
   7598  1  
   7622  1  
   7649  1  
   7655  2  
   7655  2  
   7664  2  
   7681  1  
   7682  1  
   7714  1  
   7725  3  
   7744  2  
   7756  1  
   7766  2  
   7784  3  
   7803  1  
   7803  1  
   7807  1  
   7837  2  
   7864  1  
   7867  2  
   7882  1  
   7882  1  
   7933  1  
   7948  2  
   7948  2  
   7962  2  
   7962  2  
   7994  3  
   8018  1  
   8018  1  
   8028  1  
   8028  1  
   8050  2  
   8065  3  
   8065  3  
   8092  2  
   8092  2  
   8096  1  
   8152  1  
   8152  1  
   8157  2  
   8157  2  
   8177  1  
   8177  1  
   8228  2  
   8228  2  
   8240  3  
   8240  3  
   8257  1  
   8264  2  
   8272  1  
   8272  1  
   8321  2  
   8353  3  
   8358  1  
   8372  1  
   8375  2  
   8407  2  
   8407  2  
   8465  1  
   8465  1  
   8472  1  
   8472  1  
   8485  2  
   8490  2  
   8490  2  
   8507  3  
   8550  1  
   8559  2  
   8559  2  
   8593  1  
   8615  1  
   8622  2  
   8641  2  
   8644  3  
   8682  1  
   8709  1  
   8709  1  
   8730  2  
   8744  1  
   8744  1  
   8761  2  
   8761  2  
   8769  3  
   8778  1  
   8778  1  
   8817  2  
   8817  2  
   8836  1  
   8864  1  
   8864  1  
   8908  2  
   8923  1  
   8928  2  
   8946  3  
   8946  3  
   8952  1  
   8952  1  
   8991  1  
   9032  3  
   9032  3  
   9041  2  
   9041  2  
   9047  2  
   9047  2  
   9066  1  
   9066  1  
   9102  1  
   9148  2  
   9148  2  
   9176  1  
   9176  1  
   9190  2  
   9226  3  
   9240  1  
   9240  1  
   9254  1  
   9271  2  
   9271  2  
   9279  3  
   9342  1  
   9342  1  
   9346  2  
   9346  2  
   9351  2  
   9375  1  
   9375  1  
   9423  2  
   9423  2  
   9445  1  
   9472  1  
   9507  3  
   9523  2  
   9523  2  
   9538  3  
   9548  1  
   9548  1  
   9550  2  
   9550  2  
   9567  1  
   9636  1  
   9636  1  
   9651  1  
   9652  2  
   9659  2  
   9704  1  
   9704  1  
   9722  1  
   9722  1  
   9758  2  
   9758  2  
   9769  2  
   9783  1  
   9783  1  
   9784  1  
   9807  3  
   9807  3  
   9808  3  
   9808  3  
   9813  3  
   9818  3  
   9824  3  
   9824  3  
   9839  3  
   9853  2  
   9860  3  
   9861  1  
   9877  1  
   9881  3  
   9881  3  
   9897  2  
   9897  2  
   9903  3  
   9931  1  
   9935  3  
   9940  2  
   9962  1  
   9967  3  
   9967  3  
   9994  1  
   10003  3  
   10020  2  
   10020  2  
   10032  2  
   10032  2  
   10043  3  
   10046  1  
   10046  1  
   10052  1  
   10052  1  
   10083  3  
   10083  3  
   10096  2  
   10096  2  
   10113  3  
   10133  1  
   10137  3  
   10138  1  
   10143  2  
   10182  3  
   10183  2  
   10183  2  
   10203  1  
   10203  1  
   10231  1  
   10231  1  
   10236  3  
   10236  3  
   10243  1  
   10243  1  
   10270  2  
   10270  2  
   10288  2  
   10300  3  
   10312  1  
   10344  1  
   10358  3  
   10380  1  
   10388  2  
   10388  2  
   10400  2  
   10400  2  
   10409  3  
   10417  3  
   10417  3  
   10446  1  
   10446  1  
   10447  2  
   10454  1  
   10488  3  
   10489  2  
   10489  2  
   10518  2  
   10518  2  
   10535  1  
   10557  1  
   10558  3  
   10608  2  
   10615  1  
   10621  2  
   10627  3  
   10627  3  
   10666  1  
   10666  1  
   10688  3  
   10688  3  
   10694  1  
   10694  1  
   10696  2  
   10696  2  
   10701  3  
   10753  2  
   10754  1  
   10754  1  
   10774  1  
   10774  1  
   10775  3  
   10791  2  
   10853  3  
   10853  3  
   10857  1  
   10874  1  
   10888  2  
   10888  2  
   10898  2  
   10898  2  
   10936  3  
   10937  1  
   10937  1  
   10963  3  
   10972  2  
   10972  2  
   10987  1  
   11009  1  
   11019  3  
   11030  2  
   11030  2  
   11043  2  
   11043  2  
   11064  1  
   11098  2  
   11099  3  
   11099  3  
   11105  1  
   11105  1  
   11127  1  
   11127  1  
   11161  2  
   11169  2  
   11184  3  
   11208  1  
   11208  1  
   11215  1  
   11215  1  
   11216  3  
   11238  2  
   11270  1  
   11274  2  
   11278  3  
   11304  2  
   11304  2  
   11325  1  
   11330  1  
   11372  3  
   11372  3  
   11390  1  
   11390  1  
   11393  2  
   11394  2  
   11394  2  
   11429  1  
   11441  1  
   11465  3  
   11471  2  
   11471  2  
   11483  3  
   11483  3  
   11495  1  
   11531  1  
   11540  1  
   11540  1  
   11542  2  
   11542  2  
   11564  1  
   11567  3  
   11574  2  
   11596  1  
   11618  1  
   11638  1  
   11656  1  
   11656  1  
   11669  2  
   11673  1  
   11673  1  
   11684  1  
   11684  1  
   11688  1  
   11688  1  
   11689  2  
   11689  2  
   11693  3  
   11693  3  
   11712  1  
   11736  1  
   11761  1  
   11769  2  
   11780  3  
   11795  2  
   11798  1  
   11809  3  
   11813  1  
   11840  1  
   11846  2  
   11885  1  
   11897  2  
   11897  2  
   11910  3  
   11914  1  
   11917  2  
   11917  2  
   11940  1  
   11940  1  
   12001  1  
   12003  2  
   12003  2  
   12013  3  
   12013  3  
   12015  1  
   12015  1  
   12036  3  
   12053  1  
   12066  2  
   12069  2  
   12069  2  
   12111  1  
   12111  1  
   12113  1  
   12113  1  
   12119  3  
   12138  2  
   12138  2  
   12175  2  
   12190  1  
   12190  1  
   12224  3  
   12230  2  
   12235  1  
   12250  1  
   12284  2  
   12285  3  
   12285  3  
   12312  1  
   12312  1  
   12317  2  
   12317  2  
   12335  3  
   12335  3  
   12336  1  
   12377  1  
   12384  2  
   12384  2  
   12385  2  
   12385  2  
   12433  1  
   12433  1  
   12440  1  
   12440  1  
   12442  3  
   12460  2  
   12483  1  
   12483  1  
   12516  2  
   12516  2  
   12522  3  
   12535  2  
   12535  2  
   12536  1  
   12536  1  
   12552  3  
   12562  1  
   12597  2  
   12612  1  
   12619  1  
   12625  2  
   12653  2  
   12657  3  
   12657  3  
   12659  1  
   12679  1  
   12679  1  
   12699  1  
   12703  2  
   12735  2  
   12737  1  
   12752  2  
   12752  2  
   12754  1  
   12763  1  
   12768  3  
   12780  2  
   12780  2  
   12788  3  
   12791  1  
   12813  1  
   12813  1  
   12821  1  
   12823  2  
   12823  2  
   12835  1  
   12849  1  
   12866  1  
   12866  1  
   12868  2  
   12868  2  
   12879  1  
   12879  1  
   12884  1  
   12888  2  
   12900  1  
   12918  1  
   12939  1  
   12940  1  
   12953  2  
   12955  3  
   12969  1  
   12987  1  
   12987  1  
   12999  1  
   13017  1  
   13017  1  
   13023  2  
   13037  2  
   13037  2  
   13044  1  
   13046  1  
   13046  1  
   13076  1  
   13082  1  
   13086  3  
   13086  3  
   13096  2  
   13096  2  
   13101  3  
   13101  3  
   13120  1  
   13131  2  
   13137  1  
   13167  1  
   13170  2  
   13195  1  
   13204  2  
   13218  1  
   13225  3  
   13247  2  
   13247  2  
   13263  2  
   13275  1  
   13275  1  
   13283  1  
   13283  1  
   13316  2  
   13321  2  
   13321  2  
   13331  3  
   13343  3  
   13348  1  
   13366  2  
   13366  2  
   13370  1  
   13370  1  
   13402  2  
   13402  2  
   13413  1  
   13429  2  
   13429  2  
   13438  2  
   13438  2  
   13452  1  
   13473  3  
   13473  3  
   13487  2  
   13491  2  
   13492  1  
   13492  1  
   13529  1  
   13545  1  
   13545  1  
   13547  2  
   13548  2  
   13548  2  
   13569  3  
   13594  3  
   13608  2  
   13609  1  
   13609  1  
   13623  1  
   13623  1  
   13641  2  
   13641  2  
   13682  2  
   13705  1  
   13708  1  
   13709  2  
   13713  3  
   13768  2  
   13768  2  
   13772  2  
   13772  2  
   13778  1  
   13778  1  
   13781  3  
   13781  3  
   13795  1  
   13795  1  
   13826  3  
   13826  3  
   13827  2  
   13873  2  
   13893  2  
   13893  2  
   13899  1  
   13899  1  
   13903  1  
   13903  1  
   13918  2  
   13944  3  
   13956  2  
   13956  2  
   13964  1  
   13973  1  
   13979  2  
   13985  2  
   13985  2  
   14000  3  
   14011  2  
   14011  2  
   14027  1  
   14027  1  
   14032  1  
   14050  2  
   14062  2  
   14069  3  
   14092  1  
   14099  2  
   14117  1  
   14135  1  
   14135  1  
   14143  2  
   14143  2  
   14145  2  
   14191  3  
   14191  3  
   14197  1  
   14197  1  
   14201  2  
   14201  2  
   14207  1  
   14207  1  
   14217  3  
   14227  1  
   14227  1  
   14247  2  
   14255  2  
   14273  1  
   14273  1  
   14276  1  
   14303  2  
   14308  3  
   14327  1  
   14328  1  
   14328  1  
   14347  2  
   14347  2  
   14363  2  
   14363  2  
   14388  1  
   14395  1  
   14406  2  
   14415  2  
   14415  2  
   14418  3  
   14418  3  
   14420  3  
   14450  1  
   14463  1  
   14463  1  
   14470  2  
   14470  2  
   14474  2  
   14474  2  
   14501  1  
   14501  1  
   14520  1  
   14543  2  
   14545  3  
   14545  3  
   14547  2  
   14553  1  
   14589  1  
   14594  1  
   14603  2  
   14609  2  
   14609  2  
   14623  1  
   14624  3  
   14648  1  
   14663  1  
   14663  1  
   14666  2  
   14669  3  
   14674  1  
   14696  1  
   14710  1  
   14721  1  
   14724  2  
   14724  2  
   14726  1  
   14726  1  
   14738  2  
   14738  2  
   14743  1  
   14757  1  
   14763  1  
   14773  1  
   14778  1  
   14787  1  
   14787  1  
   14795  1  
   14795  1  
   14804  1  
   14804  1  
   14818  1  
   14830  1  
   14837  1  
   14846  2  
   14847  1  
   14858  1  
   14869  1  
   14873  2  
   14880  1  
   14880  1  
   14884  1  
   14896  3  
   14905  1  
   14916  2  
   14916  2  
   14926  1  
   14943  1  
   14944  2  
   14944  2  
   14946  2  
   14946  2  
   14948  3  
   14973  1  
   14985  1  
   15000  1  
   15005  2  
   15025  2  
   15033  3  
   15033  3  
   15042  1  
   15063  2  
   15073  1  
   15073  1  
   15092  1  
   15092  1  
   15097  2  
   15097  2  
   15127  2  
   15133  1  
   15137  1  
   15145  2  
   15145  2  
   15147  3  
   15147  3  
   15150  3  
   15191  1  
   15193  1  
   15203  2  
   15203  2  
   15215  2  
   15215  2  
   15238  1  
   15238  1  
   15245  1  
   15245  1  
   15264  3  
   15268  2  
   15271  2  
   15280  1  
   15280  1  
   15298  1  
   15298  1  
   15315  2  
   15318  2  
   15320  1  
   15320  1  
   15327  3  
   15348  1  
   15358  2  
   15360  2  
   15360  2  
   15374  1  
   15377  3  
   15377  3  
   15395  1  
   15395  1  
   15405  2  
   15405  2  
   15412  2  
   15427  1  
   15429  2  
   15429  2  
   15453  2  
   15456  1  
   15463  2  
   15484  2  
   15488  1  
   15488  1  
   15490  3  
   15495  2  
   15507  3  
   15514  1  
   15514  1  
   15522  2  
   15530  2  
   15530  2  
   15531  2  
   15531  2  
   15542  1  
   15554  2  
   15554  2  
   15560  1  
   15567  2  
   15567  2  
   15572  2  
   15578  1  
   15602  3  
   15603  1  
   15603  1  
   15608  2  
   15610  1  
   15618  2  
   15636  1  
   15647  2  
   15657  1  
   15662  1  
   15663  2  
   15676  1  
   15676  1  
   15695  3  
   15695  3  
   15698  1  
   15698  1  
   15702  2  
   15725  1  
   15725  1  
   15726  2  
   15726  2  
   15727  3  
   15727  3  
   15734  1  
   15734  1  
   15742  1  
   15760  2  
   15760  2  
   15765  2  
   15768  1  
   15784  1  
   15799  1  
   15803  2  
   15824  1  
   15826  2  
   15828  1  
   15841  2  
   15845  2  
   15858  1  
   15861  3  
   15868  2  
   15874  1  
   15887  1  
   15888  2  
   15903  2  
   15910  3  
   15916  1  
   15919  2  
   15933  2  
   15940  2  
   15950  1  
   15956  2  
   15963  2  
   15967  2  
   15967  2  
   15972  1  
   15972  1  
   15976  2  
   15976  2  
   15985  2  
   15988  1  
   15994  2  
   15999  2  
   15999  2  
   16006  2  
   16016  1  
   16018  2  
   16033  1  
   16036  2  
   16045  1  
   16049  2  
   16057  1  
   16069  1  
   16079  1  
   16087  2  
   16096  1  
   16107  1  
   16115  1  
   16122  1  
   16122  1  
   16126  1  
   16126  1  
   16133  1  
   16138  1  
   16138  1  
   16141  1  
   16146  1  
   16157  1  
   16164  2  
   16166  1  
   16170  1  
   16181  1  
   16185  2  
   16188  1  
   16196  1  
   16199  3  
   16201  2  
   16204  1  
   16218  1  
   16233  1  
   16237  2  
   16245  1  
   16261  2  
   16261  2  
   16262  1  
   16266  2  
   16266  2  
   16284  1  
   16289  1  
   16289  1  
   16296  2  
   16311  1  
   16322  3  
   16325  2  
   16327  1  
   16332  1  
   16342  3  
   16342  3  
   16345  2  
   16345  2  
   16364  2  
   16365  1  
   16365  1  
   16366  1  
   16394  2  
   16396  1  
   16396  1  
   16397  1  
   16415  2  
   16415  2  
   16436  1  
   16437  2  
   16437  2  
   16442  3  
   16445  1  
   16457  1  
   16464  2  
   16472  3  
   16472  3  
   16481  2  
   16488  1  
   16502  1  
   16502  1  
   16508  1  
   16508  1  
   16516  2  
   16521  2  
   16521  2  
   16523  1  
   16523  1  
   16534  1  
   16539  1  
   16539  1  
   16553  3  
   16558  2  
   16567  1  
   16572  1  
   16572  1  
   16583  2  
   16588  2  
   16589  1  
   16611  1  
   16613  2  
   16613  2  
   16617  1  
   16629  3  
   16631  2  
   16635  2  
   16635  2  
   16644  1  
   16647  1  
   16652  2  
   16654  3  
   16654  3  
   16659  2  
   16659  2  
   16672  2  
   16672  2  
   16680  1  
   16683  2  
   16695  2  
   16698  1  
   16698  1  
   16709  2  
   16712  1  
   16735  2  
   16737  1  
   16737  1  
   16743  2  
   16745  1  
   16745  1  
   16752  1  
   16759  3  
   16762  1  
   16763  2  
   16776  1  
   16783  3  
   16791  2  
   16791  2  
   16796  2  
   16796  2  
   16798  1  
   16807  1  
   16807  1  
   16820  1  
   16824  2  
   16824  2  
   16833  2  
   16837  2  
   16842  1  
   16842  1  
   16846  1  
   16846  1  
   16850  1  
   16850  1  
   16854  3  
   16861  1  
   16863  1  
   16864  2  
   16864  2  
   16871  2  
   16880  2  
   16881  1  
   16881  1  
   16907  2  
   16907  2  
   16908  3  
   16908  3  
   16927  2  
   16927  2  
   16932  3  
   16932  3  
   16938  2  
   16966  2  
   16967  2  
   16967  2  
   16997  2  
   17002  3  
   17009  3  
   17011  2  
   17011  2  
   17024  2  
   17024  2  
   17029  2  
   17045  2  
   17059  2  
   17059  2  
   17061  2  
   17068  2  
   17068  2  
   17078  3  
   17095  2  
   17095  2  
   17110  2  
   17112  3  
   17127  2  
   17135  3  
   17135  3  
   17148  2  
   17148  2  
   17156  2  
   17156  2  
   17175  2  
   17192  2  
   17196  3  
   17196  3  
   17202  3  
   17204  2  
   17220  2  
   17228  2  
   17250  2  
   17250  2  
   17252  2  
   17257  3  
   17267  2  
   17273  2  
   17273  2  
   17277  2  
   17277  2  
   17278  3  
   17290  2  
   17301  2  
   17306  2  
   17311  3  
   17311  3  
   17317  2  
   17321  2  
   17336  2  
   17336  2  
   17337  2  
   17348  2  
   17351  3  
   17353  2  
   17363  3  
   17364  2  
   17371  2  
   17371  2  
   17376  2  
   17383  2  
   17385  2  
   17385  2  
   17387  2  
   17388  2  
   17395  2  
   17396  2  
   17397  3  
   17401  2  
   17402  3  
   17402  3  
   17407  2  
   17408  2  
   17413  2  
   17413  2  
   17426  3  
   17426  3  
   17436  3  
   17445  3  
   17460  3  
   17461  3  
   17486  3  
   17486  3  
   17492  3  
   17492  3  
   17493  3  
   17494  3  
   17495  3  
   17495  3  
   17496  3  
   17498  3  
   17499  3  
   17499  3  
   17500  3  
   17501  3  
   17504  3  
   17504  3  
   17506  3  
   17508  3  
   17510  3  
   17510  3  
   17512  3  
   17513  3  
   17516  3  
   17518  3  
   17518  3  
   17521  3  
   17526  3  
   17529  3  
   17529  3  
   17532  3  
   17535  3  
   17536  3  
   17538  3  
   17538  3  
   17542  3  
   17544  3  
   17548  3  
   17548  3  
   17551  3  
   17551  3  
   17552  3  
   17556  3  
   17559  3  
   17559  3  
   17562  3  
   17567  3  
   17568  3  
   17571  3  
   17571  3  
   17576  3  
   17578  3  
   17582  3  
   17583  3  
   17583  3  
   17584  3  
   17588  3  
   17593  3  
   17593  3  
   17594  3  
   17594  3  
   17595  3  
   17601  3  
   17604  3  
   17604  3  
   17605  3  
   17608  3  
   17613  3  
   17617  3  
   17617  3  
   17618  3  
   17620  3  
   17625  3  
   17628  3  
   17628  3  
   17629  3  
   17629  3  
   17633  3  
   17638  3  
   17640  3  
   17642  3  
   17642  3  
   17647  3  
   17651  3  
   17652  3  
   17653  3  
   17653  3  
   17657  3  
   17660  3  
   17660  3  
   17662  3  
   17665  3  
   17665  3  
   17670  3  
   17672  3  
   17674  3  
   17679  3  
   17680  3  
   17680  3  
   17683  3  
   17688  3  
   17689  3  
   17689  3  
   17693  3  
   17693  3  
   17696  3  
   17697  3  
   17701  3  
   17704  3  
   17704  3  
   17705  3  
   17708  3  
   17713  3  
   17714  3  
   17714  3  
   17718  3  
   17718  3  
   17720  3  
   17722  3  
   17724  3  
   17729  3  
   17729  3  
   17730  3  
   17733  3  
   17738  3  
   17739  3  
   17739  3  
   17742  3  
   17742  3  
   17745  3  
   17746  3  
   17751  3  
   17754  3  
   17755  3  
   17755  3  
   17758  3  
   17760  3  
   17760  3  
   17762  3  
   17765  3  
   17765  3  
   17768  3  
   17770  3  
   17772  3  
   17775  3  
   17777  3  
   17777  3  
   17779  3  
   17779  3  
   17780  3  
   17783  3  
   17785  3  
   17786  3  
   17786  3  
   17787  3  
   17788  3  
   17789  3  
   17790  3  
   17790  3  
  END_ON_NODES
