  ON_NODES
   1  3  
   1  3  
   1  3  
   1  3  
   2  3  
   2  3  
   2  3  
   2  3  
   3  3  
   3  3  
   3  3  
   3  3  
   5  3  
   5  3  
   5  3  
   5  3  
   6  3  
   6  3  
   6  3  
   6  3  
   9  3  
   9  3  
   9  3  
   9  3  
   10  3  
   10  3  
   10  3  
   10  3  
   13  3  
   13  3  
   13  3  
   13  3  
   15  3  
   15  3  
   15  3  
   15  3  
   17  3  
   17  3  
   17  3  
   17  3  
   20  3  
   20  3  
   20  3  
   20  3  
   22  3  
   22  3  
   22  3  
   22  3  
   26  3  
   26  3  
   26  3  
   26  3  
   27  3  
   27  3  
   27  3  
   27  3  
   31  3  
   31  3  
   31  3  
   31  3  
   32  3  
   32  3  
   32  3  
   32  3  
   38  3  
   38  3  
   38  3  
   38  3  
   39  3  
   39  3  
   39  3  
   39  3  
   43  3  
   43  3  
   43  3  
   43  3  
   44  3  
   44  3  
   44  3  
   44  3  
   51  3  
   51  3  
   51  3  
   51  3  
   52  3  
   52  3  
   52  3  
   52  3  
   59  3  
   59  3  
   59  3  
   59  3  
   62  3  
   62  3  
   62  3  
   62  3  
   71  3  
   71  3  
   71  3  
   71  3  
   80  3  
   80  3  
   80  3  
   80  3  
   103  3  
   103  3  
   103  3  
   103  3  
   138  2  
   138  2  
   138  2  
   138  2  
   140  2  
   140  2  
   140  2  
   140  2  
   141  2  
   141  2  
   143  2  
   143  2  
   143  2  
   143  2  
   145  2  
   145  2  
   145  2  
   145  2  
   150  2  
   150  2  
   151  2  
   151  2  
   151  2  
   151  2  
   155  3  
   155  3  
   155  3  
   155  3  
   157  2  
   157  2  
   160  2  
   160  2  
   160  2  
   160  2  
   164  2  
   164  2  
   166  2  
   166  2  
   166  2  
   166  2  
   167  2  
   167  2  
   173  2  
   173  2  
   174  2  
   174  2  
   182  2  
   182  2  
   183  2  
   183  2  
   183  2  
   183  2  
   190  2  
   190  2  
   194  2  
   194  2  
   195  2  
   195  2  
   203  2  
   203  2  
   209  2  
   209  2  
   212  2  
   212  2  
   212  2  
   212  2  
   216  2  
   216  2  
   216  2  
   216  2  
   223  2  
   223  2  
   226  2  
   226  2  
   229  2  
   229  2  
   232  2  
   232  2  
   232  2  
   232  2  
   237  2  
   237  2  
   237  2  
   237  2  
   240  2  
   240  2  
   241  2  
   241  2  
   248  2  
   248  2  
   253  2  
   253  2  
   259  2  
   259  2  
   261  2  
   261  2  
   271  2  
   271  2  
   273  2  
   273  2  
   278  2  
   278  2  
   283  2  
   283  2  
   283  2  
   283  2  
   287  2  
   287  2  
   287  2  
   287  2  
   288  2  
   288  2  
   300  3  
   300  3  
   300  3  
   300  3  
   301  2  
   301  2  
   301  2  
   301  2  
   303  2  
   303  2  
   303  2  
   303  2  
   307  2  
   307  2  
   314  2  
   314  2  
   315  2  
   315  2  
   324  2  
   324  2  
   333  2  
   333  2  
   336  2  
   336  2  
   336  2  
   336  2  
   346  2  
   346  2  
   347  2  
   347  2  
   347  2  
   347  2  
   353  2  
   353  2  
   353  2  
   353  2  
   358  2  
   358  2  
   358  2  
   358  2  
   365  2  
   365  2  
   375  2  
   375  2  
   375  2  
   375  2  
   378  2  
   378  2  
   378  2  
   378  2  
   384  3  
   384  3  
   384  3  
   384  3  
   392  2  
   392  2  
   401  2  
   401  2  
   401  2  
   401  2  
   403  2  
   403  2  
   414  2  
   414  2  
   414  2  
   414  2  
   419  3  
   419  3  
   419  3  
   419  3  
   425  2  
   425  2  
   425  2  
   425  2  
   432  2  
   432  2  
   432  2  
   432  2  
   457  2  
   457  2  
   457  2  
   457  2  
   468  2  
   468  2  
   468  2  
   468  2  
   492  2  
   492  2  
   492  2  
   492  2  
   505  1  
   505  1  
   505  1  
   505  1  
   505  1  
   505  1  
   508  1  
   508  1  
   508  1  
   508  1  
   508  1  
   508  1  
   509  1  
   509  1  
   509  1  
   511  1  
   511  1  
   511  1  
   511  1  
   511  1  
   511  1  
   512  1  
   512  1  
   512  1  
   512  1  
   512  1  
   512  1  
   514  1  
   514  1  
   514  1  
   517  1  
   517  1  
   517  1  
   517  1  
   517  1  
   517  1  
   518  1  
   518  1  
   518  1  
   519  1  
   519  1  
   519  1  
   520  1  
   520  1  
   520  1  
   520  1  
   520  1  
   520  1  
   525  1  
   525  1  
   525  1  
   532  1  
   532  1  
   532  1  
   532  1  
   532  1  
   532  1  
   534  2  
   534  2  
   534  2  
   534  2  
   539  1  
   539  1  
   539  1  
   540  1  
   540  1  
   540  1  
   543  3  
   543  3  
   543  3  
   543  3  
   546  1  
   546  1  
   546  1  
   552  1  
   552  1  
   552  1  
   552  1  
   552  1  
   552  1  
   554  1  
   554  1  
   554  1  
   561  1  
   561  1  
   561  1  
   562  1  
   562  1  
   562  1  
   567  2  
   567  2  
   567  2  
   567  2  
   572  1  
   572  1  
   572  1  
   578  1  
   578  1  
   578  1  
   581  1  
   581  1  
   581  1  
   581  1  
   581  1  
   581  1  
   587  1  
   587  1  
   587  1  
   591  1  
   591  1  
   591  1  
   591  1  
   591  1  
   591  1  
   594  1  
   594  1  
   594  1  
   594  1  
   594  1  
   594  1  
   598  1  
   598  1  
   598  1  
   598  1  
   598  1  
   598  1  
   602  1  
   602  1  
   602  1  
   608  1  
   608  1  
   608  1  
   611  1  
   611  1  
   611  1  
   615  1  
   615  1  
   615  1  
   618  2  
   618  2  
   626  1  
   626  1  
   626  1  
   630  1  
   630  1  
   630  1  
   634  1  
   634  1  
   634  1  
   643  1  
   643  1  
   643  1  
   647  1  
   647  1  
   647  1  
   661  1  
   661  1  
   661  1  
   664  1  
   664  1  
   664  1  
   664  1  
   664  1  
   664  1  
   668  1  
   668  1  
   668  1  
   668  1  
   668  1  
   668  1  
   669  3  
   669  3  
   669  3  
   669  3  
   675  1  
   675  1  
   675  1  
   675  1  
   675  1  
   675  1  
   676  1  
   676  1  
   676  1  
   676  1  
   676  1  
   676  1  
   679  2  
   679  2  
   691  1  
   691  1  
   691  1  
   701  1  
   701  1  
   701  1  
   703  2  
   703  2  
   703  2  
   703  2  
   707  1  
   707  1  
   707  1  
   721  1  
   721  1  
   721  1  
   722  1  
   722  1  
   722  1  
   735  2  
   735  2  
   735  2  
   735  2  
   739  1  
   739  1  
   739  1  
   739  1  
   739  1  
   739  1  
   745  1  
   745  1  
   745  1  
   745  1  
   745  1  
   745  1  
   758  1  
   758  1  
   758  1  
   762  1  
   762  1  
   762  1  
   762  1  
   762  1  
   762  1  
   766  2  
   766  2  
   766  2  
   766  2  
   772  1  
   772  1  
   772  1  
   772  1  
   772  1  
   772  1  
   795  1  
   795  1  
   795  1  
   795  1  
   795  1  
   795  1  
   799  1  
   799  1  
   799  1  
   818  2  
   818  2  
   818  2  
   818  2  
   824  1  
   824  1  
   824  1  
   827  1  
   827  1  
   827  1  
   827  1  
   827  1  
   827  1  
   840  2  
   840  2  
   840  2  
   840  2  
   848  1  
   848  1  
   848  1  
   848  1  
   848  1  
   848  1  
   851  1  
   851  1  
   851  1  
   853  2  
   853  2  
   884  1  
   884  1  
   884  1  
   888  1  
   888  1  
   888  1  
   888  1  
   888  1  
   888  1  
   891  2  
   891  2  
   910  1  
   910  1  
   910  1  
   910  1  
   910  1  
   910  1  
   929  1  
   929  1  
   929  1  
   932  2  
   932  2  
   932  2  
   932  2  
   939  1  
   939  1  
   939  1  
   939  1  
   939  1  
   939  1  
   950  3  
   950  3  
   950  3  
   950  3  
   954  2  
   954  2  
   954  2  
   954  2  
   964  2  
   964  2  
   964  2  
   964  2  
   972  1  
   972  1  
   972  1  
   976  1  
   976  1  
   976  1  
   976  1  
   976  1  
   976  1  
   1006  1  
   1006  1  
   1006  1  
   1006  1  
   1006  1  
   1006  1  
   1007  3  
   1007  3  
   1007  3  
   1007  3  
   1023  1  
   1023  1  
   1023  1  
   1031  2  
   1031  2  
   1031  2  
   1031  2  
   1033  1  
   1033  1  
   1033  1  
   1056  1  
   1056  1  
   1056  1  
   1076  1  
   1076  1  
   1076  1  
   1076  1  
   1076  1  
   1076  1  
   1085  1  
   1085  1  
   1085  1  
   1085  1  
   1085  1  
   1085  1  
   1092  2  
   1092  2  
   1108  1  
   1108  1  
   1108  1  
   1108  1  
   1108  1  
   1108  1  
   1131  2  
   1131  2  
   1131  2  
   1131  2  
   1142  1  
   1142  1  
   1142  1  
   1151  1  
   1151  1  
   1151  1  
   1151  1  
   1151  1  
   1151  1  
   1154  2  
   1154  2  
   1154  2  
   1154  2  
   1168  1  
   1168  1  
   1168  1  
   1196  1  
   1196  1  
   1196  1  
   1199  2  
   1199  2  
   1199  2  
   1199  2  
   1220  1  
   1220  1  
   1220  1  
   1223  1  
   1223  1  
   1223  1  
   1247  1  
   1247  1  
   1247  1  
   1264  1  
   1264  1  
   1264  1  
   1273  2  
   1273  2  
   1281  1  
   1281  1  
   1281  1  
   1296  1  
   1296  1  
   1296  1  
   1309  2  
   1309  2  
   1309  2  
   1309  2  
   1311  1  
   1311  1  
   1311  1  
   1311  1  
   1311  1  
   1311  1  
   1312  1  
   1312  1  
   1312  1  
   1312  1  
   1312  1  
   1312  1  
   1318  1  
   1318  1  
   1318  1  
   1318  1  
   1318  1  
   1318  1  
   1334  1  
   1334  1  
   1334  1  
   1344  1  
   1344  1  
   1344  1  
   1361  1  
   1361  1  
   1361  1  
   1365  2  
   1365  2  
   1377  1  
   1377  1  
   1377  1  
   1395  1  
   1395  1  
   1395  1  
   1414  1  
   1414  1  
   1414  1  
   1414  1  
   1414  1  
   1414  1  
   1419  1  
   1419  1  
   1419  1  
   1419  1  
   1419  1  
   1419  1  
   1440  1  
   1440  1  
   1440  1  
   1453  2  
   1453  2  
   1453  2  
   1453  2  
   1470  3  
   1470  3  
   1470  3  
   1470  3  
   1475  1  
   1475  1  
   1475  1  
   1486  3  
   1486  3  
   1486  3  
   1486  3  
   1499  1  
   1499  1  
   1499  1  
   1502  1  
   1502  1  
   1502  1  
   1529  1  
   1529  1  
   1529  1  
   1542  2  
   1542  2  
   1542  2  
   1542  2  
   1551  1  
   1551  1  
   1551  1  
   1559  2  
   1559  2  
   1559  2  
   1559  2  
   1573  1  
   1573  1  
   1573  1  
   1573  1  
   1573  1  
   1573  1  
   1585  1  
   1585  1  
   1585  1  
   1585  1  
   1585  1  
   1585  1  
   1586  1  
   1586  1  
   1586  1  
   1586  1  
   1586  1  
   1586  1  
   1609  1  
   1609  1  
   1609  1  
   1629  1  
   1629  1  
   1629  1  
   1650  2  
   1650  2  
   1653  1  
   1653  1  
   1653  1  
   1669  1  
   1669  1  
   1669  1  
   1669  1  
   1669  1  
   1669  1  
   1704  1  
   1704  1  
   1704  1  
   1711  1  
   1711  1  
   1711  1  
   1711  1  
   1711  1  
   1711  1  
   1736  2  
   1736  2  
   1736  2  
   1736  2  
   1747  1  
   1747  1  
   1747  1  
   1781  1  
   1781  1  
   1781  1  
   1792  1  
   1792  1  
   1792  1  
   1800  2  
   1800  2  
   1800  2  
   1800  2  
   1819  1  
   1819  1  
   1819  1  
   1819  1  
   1819  1  
   1819  1  
   1841  1  
   1841  1  
   1841  1  
   1841  1  
   1841  1  
   1841  1  
   1864  1  
   1864  1  
   1864  1  
   1864  1  
   1864  1  
   1864  1  
   1875  2  
   1875  2  
   1875  2  
   1875  2  
   1886  1  
   1886  1  
   1886  1  
   1933  1  
   1933  1  
   1933  1  
   1950  1  
   1950  1  
   1950  1  
   1955  2  
   1955  2  
   1955  2  
   1955  2  
   1961  2  
   1961  2  
   1980  1  
   1980  1  
   1980  1  
   1981  3  
   1981  3  
   1981  3  
   1981  3  
   2017  3  
   2017  3  
   2017  3  
   2017  3  
   2043  1  
   2043  1  
   2043  1  
   2043  1  
   2043  1  
   2043  1  
   2044  1  
   2044  1  
   2044  1  
   2044  1  
   2044  1  
   2044  1  
   2049  2  
   2049  2  
   2049  2  
   2049  2  
   2130  1  
   2130  1  
   2130  1  
   2130  1  
   2130  1  
   2130  1  
   2135  1  
   2135  1  
   2135  1  
   2135  1  
   2135  1  
   2135  1  
   2158  2  
   2158  2  
   2159  2  
   2159  2  
   2159  2  
   2159  2  
   2198  1  
   2198  1  
   2198  1  
   2218  1  
   2218  1  
   2218  1  
   2259  1  
   2259  1  
   2259  1  
   2259  1  
   2259  1  
   2259  1  
   2271  2  
   2271  2  
   2301  1  
   2301  1  
   2301  1  
   2301  1  
   2301  1  
   2301  1  
   2331  1  
   2331  1  
   2331  1  
   2335  2  
   2335  2  
   2335  2  
   2335  2  
   2394  2  
   2394  2  
   2394  2  
   2394  2  
   2397  1  
   2397  1  
   2397  1  
   2397  1  
   2397  1  
   2397  1  
   2422  1  
   2422  1  
   2422  1  
   2422  1  
   2422  1  
   2422  1  
   2483  2  
   2483  2  
   2483  2  
   2483  2  
   2498  1  
   2498  1  
   2498  1  
   2498  1  
   2498  1  
   2498  1  
   2508  3  
   2508  3  
   2508  3  
   2508  3  
   2518  2  
   2518  2  
   2520  1  
   2520  1  
   2520  1  
   2520  1  
   2520  1  
   2520  1  
   2590  1  
   2590  1  
   2590  1  
   2616  1  
   2616  1  
   2616  1  
   2618  3  
   2618  3  
   2618  3  
   2618  3  
   2629  2  
   2629  2  
   2629  2  
   2629  2  
   2691  1  
   2691  1  
   2691  1  
   2716  1  
   2716  1  
   2716  1  
   2716  1  
   2716  1  
   2716  1  
   2735  2  
   2735  2  
   2735  2  
   2735  2  
   2749  2  
   2749  2  
   2749  2  
   2749  2  
   2792  1  
   2792  1  
   2792  1  
   2792  1  
   2792  1  
   2792  1  
   2821  1  
   2821  1  
   2821  1  
   2841  2  
   2841  2  
   2841  2  
   2841  2  
   2890  1  
   2890  1  
   2890  1  
   2926  1  
   2926  1  
   2926  1  
   2926  1  
   2926  1  
   2926  1  
   2932  2  
   2932  2  
   2996  1  
   2996  1  
   2996  1  
   2996  1  
   2996  1  
   2996  1  
   3015  2  
   3015  2  
   3015  2  
   3015  2  
   3040  1  
   3040  1  
   3040  1  
   3040  1  
   3040  1  
   3040  1  
   3043  2  
   3043  2  
   3043  2  
   3043  2  
   3095  1  
   3095  1  
   3095  1  
   3095  1  
   3095  1  
   3095  1  
   3096  3  
   3096  3  
   3096  3  
   3096  3  
   3122  1  
   3122  1  
   3122  1  
   3150  2  
   3150  2  
   3150  2  
   3150  2  
   3205  1  
   3205  1  
   3205  1  
   3205  1  
   3205  1  
   3205  1  
   3216  1  
   3216  1  
   3216  1  
   3216  1  
   3216  1  
   3216  1  
   3246  2  
   3246  2  
   3255  2  
   3255  2  
   3255  2  
   3255  2  
   3282  3  
   3282  3  
   3282  3  
   3282  3  
   3307  1  
   3307  1  
   3307  1  
   3347  2  
   3347  2  
   3347  2  
   3347  2  
   3377  1  
   3377  1  
   3377  1  
   3377  1  
   3377  1  
   3377  1  
   3403  1  
   3403  1  
   3403  1  
   3403  1  
   3403  1  
   3403  1  
   3428  2  
   3428  2  
   3458  1  
   3458  1  
   3458  1  
   3458  1  
   3458  1  
   3458  1  
   3482  2  
   3482  2  
   3482  2  
   3482  2  
   3495  2  
   3495  2  
   3524  1  
   3524  1  
   3524  1  
   3524  1  
   3524  1  
   3524  1  
   3567  2  
   3567  2  
   3590  1  
   3590  1  
   3590  1  
   3614  1  
   3614  1  
   3614  1  
   3621  2  
   3621  2  
   3621  2  
   3621  2  
   3692  2  
   3692  2  
   3692  2  
   3692  2  
   3697  2  
   3697  2  
   3697  2  
   3697  2  
   3717  1  
   3717  1  
   3717  1  
   3717  1  
   3717  1  
   3717  1  
   3722  1  
   3722  1  
   3722  1  
   3722  1  
   3722  1  
   3722  1  
   3723  3  
   3723  3  
   3723  3  
   3723  3  
   3738  2  
   3738  2  
   3738  2  
   3738  2  
   3813  2  
   3813  2  
   3818  1  
   3818  1  
   3818  1  
   3831  1  
   3831  1  
   3831  1  
   3892  2  
   3892  2  
   3898  1  
   3898  1  
   3898  1  
   3898  1  
   3898  1  
   3898  1  
   3900  2  
   3900  2  
   3900  2  
   3900  2  
   3919  1  
   3919  1  
   3919  1  
   3973  2  
   3973  2  
   3996  1  
   3996  1  
   3996  1  
   4001  1  
   4001  1  
   4001  1  
   4001  1  
   4001  1  
   4001  1  
   4010  3  
   4010  3  
   4010  3  
   4010  3  
   4068  1  
   4068  1  
   4068  1  
   4068  1  
   4068  1  
   4068  1  
   4078  2  
   4078  2  
   4078  2  
   4078  2  
   4100  1  
   4100  1  
   4100  1  
   4100  1  
   4100  1  
   4100  1  
   4120  1  
   4120  1  
   4120  1  
   4120  1  
   4120  1  
   4120  1  
   4190  1  
   4190  1  
   4190  1  
   4192  2  
   4192  2  
   4196  1  
   4196  1  
   4196  1  
   4225  2  
   4225  2  
   4225  2  
   4225  2  
   4254  1  
   4254  1  
   4254  1  
   4290  1  
   4290  1  
   4290  1  
   4290  1  
   4290  1  
   4290  1  
   4292  2  
   4292  2  
   4331  1  
   4331  1  
   4331  1  
   4365  1  
   4365  1  
   4365  1  
   4382  3  
   4382  3  
   4382  3  
   4382  3  
   4402  2  
   4402  2  
   4402  2  
   4402  2  
   4416  1  
   4416  1  
   4416  1  
   4416  1  
   4416  1  
   4416  1  
   4446  1  
   4446  1  
   4446  1  
   4446  1  
   4446  1  
   4446  1  
   4468  2  
   4468  2  
   4468  2  
   4468  2  
   4482  2  
   4482  2  
   4482  2  
   4482  2  
   4516  1  
   4516  1  
   4516  1  
   4538  1  
   4538  1  
   4538  1  
   4592  2  
   4592  2  
   4592  2  
   4592  2  
   4604  1  
   4604  1  
   4604  1  
   4631  1  
   4631  1  
   4631  1  
   4631  1  
   4631  1  
   4631  1  
   4692  1  
   4692  1  
   4692  1  
   4692  1  
   4692  1  
   4692  1  
   4705  2  
   4705  2  
   4710  1  
   4710  1  
   4710  1  
   4724  3  
   4724  3  
   4724  3  
   4724  3  
   4726  2  
   4726  2  
   4726  2  
   4726  2  
   4762  1  
   4762  1  
   4762  1  
   4762  1  
   4762  1  
   4762  1  
   4796  1  
   4796  1  
   4796  1  
   4796  1  
   4796  1  
   4796  1  
   4835  2  
   4835  2  
   4835  2  
   4835  2  
   4880  1  
   4880  1  
   4880  1  
   4886  1  
   4886  1  
   4886  1  
   4886  1  
   4886  1  
   4886  1  
   4958  1  
   4958  1  
   4958  1  
   4958  1  
   4958  1  
   4958  1  
   4971  2  
   4971  2  
   4971  2  
   4971  2  
   4983  2  
   4983  2  
   4983  2  
   4983  2  
   4996  1  
   4996  1  
   4996  1  
   5027  3  
   5027  3  
   5027  3  
   5027  3  
   5033  1  
   5033  1  
   5033  1  
   5092  2  
   5092  2  
   5107  1  
   5107  1  
   5107  1  
   5107  1  
   5107  1  
   5107  1  
   5112  1  
   5112  1  
   5112  1  
   5191  1  
   5191  1  
   5191  1  
   5191  1  
   5191  1  
   5191  1  
   5201  2  
   5201  2  
   5201  2  
   5201  2  
   5216  2  
   5216  2  
   5216  2  
   5216  2  
   5237  1  
   5237  1  
   5237  1  
   5237  1  
   5237  1  
   5237  1  
   5243  1  
   5243  1  
   5243  1  
   5243  1  
   5243  1  
   5243  1  
   5322  2  
   5322  2  
   5343  1  
   5343  1  
   5343  1  
   5356  1  
   5356  1  
   5356  1  
   5356  1  
   5356  1  
   5356  1  
   5413  2  
   5413  2  
   5440  2  
   5440  2  
   5440  2  
   5440  2  
   5445  1  
   5445  1  
   5445  1  
   5451  1  
   5451  1  
   5451  1  
   5451  1  
   5451  1  
   5451  1  
   5466  3  
   5466  3  
   5466  3  
   5466  3  
   5491  2  
   5491  2  
   5536  1  
   5536  1  
   5536  1  
   5536  1  
   5536  1  
   5536  1  
   5539  1  
   5539  1  
   5539  1  
   5557  2  
   5557  2  
   5605  1  
   5605  1  
   5605  1  
   5617  1  
   5617  1  
   5617  1  
   5617  1  
   5617  1  
   5617  1  
   5618  2  
   5618  2  
   5618  2  
   5618  2  
   5662  2  
   5662  2  
   5666  1  
   5666  1  
   5666  1  
   5681  2  
   5681  2  
   5681  2  
   5681  2  
   5696  2  
   5696  2  
   5703  1  
   5703  1  
   5703  1  
   5727  1  
   5727  1  
   5727  1  
   5732  3  
   5732  3  
   5732  3  
   5732  3  
   5744  2  
   5744  2  
   5744  2  
   5744  2  
   5747  1  
   5747  1  
   5747  1  
   5782  2  
   5782  2  
   5782  2  
   5782  2  
   5786  1  
   5786  1  
   5786  1  
   5811  1  
   5811  1  
   5811  1  
   5833  1  
   5833  1  
   5833  1  
   5834  2  
   5834  2  
   5852  1  
   5852  1  
   5852  1  
   5870  1  
   5870  1  
   5870  1  
   5870  1  
   5870  1  
   5870  1  
   5872  1  
   5872  1  
   5872  1  
   5872  1  
   5872  1  
   5872  1  
   5886  1  
   5886  1  
   5886  1  
   5886  1  
   5886  1  
   5886  1  
   5905  1  
   5905  1  
   5905  1  
   5916  2  
   5916  2  
   5919  1  
   5919  1  
   5919  1  
   5919  1  
   5919  1  
   5919  1  
   5935  1  
   5935  1  
   5935  1  
   5954  1  
   5954  1  
   5954  1  
   5973  1  
   5973  1  
   5973  1  
   5977  2  
   5977  2  
   5977  2  
   5977  2  
   5988  2  
   5988  2  
   6000  1  
   6000  1  
   6000  1  
   6001  1  
   6001  1  
   6001  1  
   6035  1  
   6035  1  
   6035  1  
   6062  2  
   6062  2  
   6074  1  
   6074  1  
   6074  1  
   6112  1  
   6112  1  
   6112  1  
   6112  1  
   6112  1  
   6112  1  
   6116  1  
   6116  1  
   6116  1  
   6119  2  
   6119  2  
   6149  2  
   6149  2  
   6174  1  
   6174  1  
   6174  1  
   6189  1  
   6189  1  
   6189  1  
   6189  1  
   6189  1  
   6189  1  
   6231  1  
   6231  1  
   6231  1  
   6245  2  
   6245  2  
   6245  2  
   6245  2  
   6261  2  
   6261  2  
   6261  2  
   6261  2  
   6306  1  
   6306  1  
   6306  1  
   6306  1  
   6306  1  
   6306  1  
   6306  1  
   6316  1  
   6316  1  
   6316  1  
   6316  1  
   6316  1  
   6316  1  
   6336  2  
   6336  2  
   6352  3  
   6352  3  
   6352  3  
   6352  3  
   6383  2  
   6383  2  
   6383  2  
   6383  2  
   6386  1  
   6386  1  
   6386  1  
   6386  1  
   6428  1  
   6428  1  
   6428  1  
   6428  1  
   6428  1  
   6428  1  
   6431  2  
   6431  2  
   6431  2  
   6431  2  
   6446  1  
   6446  1  
   6446  1  
   6446  1  
   6446  1  
   6446  1  
   6446  1  
   6446  1  
   6499  2  
   6499  2  
   6499  2  
   6499  2  
   6511  3  
   6511  3  
   6511  3  
   6511  3  
   6523  1  
   6523  1  
   6523  1  
   6526  2  
   6526  2  
   6531  1  
   6531  1  
   6531  1  
   6531  1  
   6531  1  
   6531  1  
   6531  1  
   6531  1  
   6610  1  
   6610  1  
   6610  1  
   6615  1  
   6615  1  
   6615  1  
   6615  1  
   6620  2  
   6620  2  
   6650  2  
   6650  2  
   6650  2  
   6650  2  
   6696  1  
   6696  1  
   6696  1  
   6696  1  
   6696  1  
   6696  1  
   6696  1  
   6696  1  
   6706  1  
   6706  1  
   6706  1  
   6706  1  
   6706  1  
   6706  1  
   6718  2  
   6718  2  
   6718  2  
   6718  2  
   6765  1  
   6765  1  
   6765  1  
   6765  1  
   6775  2  
   6775  2  
   6775  2  
   6775  2  
   6797  1  
   6797  1  
   6797  1  
   6815  1  
   6815  1  
   6815  1  
   6815  1  
   6819  2  
   6819  2  
   6874  1  
   6874  1  
   6874  1  
   6874  1  
   6879  2  
   6879  2  
   6898  1  
   6898  1  
   6898  1  
   6898  1  
   6898  1  
   6898  1  
   6917  1  
   6917  1  
   6917  1  
   6917  1  
   6917  1  
   6917  1  
   6917  1  
   6917  1  
   6938  2  
   6938  2  
   6938  2  
   6938  2  
   6950  1  
   6950  1  
   6950  1  
   6950  1  
   6950  1  
   6950  1  
   6950  1  
   6950  1  
   6985  2  
   6985  2  
   6985  2  
   6985  2  
   7006  1  
   7006  1  
   7006  1  
   7024  1  
   7024  1  
   7024  1  
   7024  1  
   7024  1  
   7024  1  
   7024  1  
   7024  1  
   7024  1  
   7061  2  
   7061  2  
   7079  1  
   7079  1  
   7079  1  
   7079  1  
   7079  1  
   7082  2  
   7082  2  
   7093  3  
   7093  3  
   7093  3  
   7093  3  
   7097  1  
   7097  1  
   7097  1  
   7097  1  
   7097  1  
   7097  1  
   7133  1  
   7133  1  
   7133  1  
   7133  1  
   7133  1  
   7168  3  
   7168  3  
   7168  3  
   7168  3  
   7173  2  
   7173  2  
   7173  2  
   7173  2  
   7177  2  
   7177  2  
   7177  2  
   7177  2  
   7196  1  
   7196  1  
   7196  1  
   7196  1  
   7196  1  
   7196  1  
   7196  1  
   7196  1  
   7196  1  
   7196  1  
   7226  1  
   7226  1  
   7226  1  
   7272  2  
   7272  2  
   7272  2  
   7272  2  
   7289  1  
   7289  1  
   7289  1  
   7289  1  
   7289  1  
   7289  1  
   7289  1  
   7289  1  
   7289  1  
   7289  1  
   7300  2  
   7300  2  
   7338  1  
   7338  1  
   7338  1  
   7338  1  
   7338  1  
   7338  1  
   7354  1  
   7354  1  
   7354  1  
   7354  1  
   7354  1  
   7374  2  
   7374  2  
   7374  2  
   7374  2  
   7427  1  
   7427  1  
   7427  1  
   7427  1  
   7427  1  
   7427  1  
   7427  1  
   7427  1  
   7427  1  
   7427  1  
   7429  2  
   7429  2  
   7429  2  
   7429  2  
   7453  1  
   7453  1  
   7453  1  
   7453  1  
   7453  1  
   7453  1  
   7494  2  
   7494  2  
   7494  2  
   7494  2  
   7512  1  
   7512  1  
   7512  1  
   7512  1  
   7512  1  
   7533  1  
   7533  1  
   7533  1  
   7572  2  
   7572  2  
   7572  2  
   7572  2  
   7596  1  
   7596  1  
   7596  1  
   7596  1  
   7596  1  
   7596  1  
   7596  1  
   7596  1  
   7596  1  
   7596  1  
   7597  2  
   7597  2  
   7597  2  
   7597  2  
   7608  1  
   7608  1  
   7608  1  
   7657  1  
   7657  1  
   7657  1  
   7657  1  
   7657  1  
   7657  1  
   7657  1  
   7657  1  
   7657  1  
   7657  1  
   7666  1  
   7666  1  
   7666  1  
   7671  2  
   7671  2  
   7708  1  
   7708  1  
   7708  1  
   7708  1  
   7708  1  
   7708  1  
   7708  1  
   7708  1  
   7708  1  
   7708  1  
   7725  2  
   7725  2  
   7731  1  
   7731  1  
   7731  1  
   7731  1  
   7731  1  
   7731  1  
   7757  2  
   7757  2  
   7757  2  
   7757  2  
   7774  1  
   7774  1  
   7774  1  
   7774  1  
   7774  1  
   7774  1  
   7779  1  
   7779  1  
   7779  1  
   7779  1  
   7779  1  
   7794  3  
   7794  3  
   7794  3  
   7794  3  
   7795  3  
   7795  3  
   7795  3  
   7795  3  
   7806  3  
   7806  3  
   7806  3  
   7806  3  
   7834  2  
   7834  2  
   7839  1  
   7839  1  
   7839  1  
   7848  1  
   7848  1  
   7848  1  
   7848  1  
   7848  1  
   7852  3  
   7852  3  
   7852  3  
   7852  3  
   7866  2  
   7866  2  
   7866  2  
   7866  2  
   7889  1  
   7889  1  
   7889  1  
   7902  2  
   7902  2  
   7922  1  
   7922  1  
   7922  1  
   7922  1  
   7922  1  
   7927  3  
   7927  3  
   7927  3  
   7927  3  
   7945  1  
   7945  1  
   7945  1  
   7971  2  
   7971  2  
   7971  2  
   7971  2  
   7977  2  
   7977  2  
   7977  2  
   7977  2  
   7989  1  
   7989  1  
   7989  1  
   7989  1  
   7989  1  
   7989  1  
   7989  1  
   7989  1  
   7989  1  
   7989  1  
   7994  1  
   7994  1  
   7994  1  
   7994  1  
   7994  1  
   7994  1  
   8018  3  
   8018  3  
   8018  3  
   8018  3  
   8030  2  
   8030  2  
   8030  2  
   8030  2  
   8057  1  
   8057  1  
   8057  1  
   8066  1  
   8066  1  
   8066  1  
   8066  1  
   8066  1  
   8073  2  
   8073  2  
   8101  2  
   8101  2  
   8101  2  
   8101  2  
   8112  1  
   8112  1  
   8112  1  
   8112  1  
   8112  1  
   8112  1  
   8142  1  
   8142  1  
   8142  1  
   8142  1  
   8142  1  
   8142  1  
   8142  1  
   8142  1  
   8142  1  
   8142  1  
   8147  3  
   8147  3  
   8147  3  
   8147  3  
   8152  1  
   8152  1  
   8152  1  
   8152  1  
   8152  1  
   8152  1  
   8167  2  
   8167  2  
   8167  2  
   8167  2  
   8183  2  
   8183  2  
   8202  1  
   8202  1  
   8202  1  
   8226  1  
   8226  1  
   8226  1  
   8226  1  
   8226  1  
   8263  1  
   8263  1  
   8263  1  
   8266  2  
   8266  2  
   8266  2  
   8266  2  
   8275  2  
   8275  2  
   8275  2  
   8275  2  
   8291  3  
   8291  3  
   8291  3  
   8291  3  
   8319  1  
   8319  1  
   8319  1  
   8319  1  
   8319  1  
   8319  1  
   8319  1  
   8319  1  
   8319  1  
   8319  1  
   8326  1  
   8326  1  
   8326  1  
   8346  2  
   8346  2  
   8346  2  
   8346  2  
   8369  2  
   8369  2  
   8369  2  
   8369  2  
   8382  1  
   8382  1  
   8382  1  
   8382  1  
   8382  1  
   8397  1  
   8397  1  
   8397  1  
   8437  2  
   8437  2  
   8442  1  
   8442  1  
   8442  1  
   8442  1  
   8442  1  
   8444  2  
   8444  2  
   8450  3  
   8450  3  
   8450  3  
   8450  3  
   8481  1  
   8481  1  
   8481  1  
   8481  1  
   8481  1  
   8481  1  
   8498  3  
   8498  3  
   8498  3  
   8498  3  
   8504  1  
   8504  1  
   8504  1  
   8504  1  
   8504  1  
   8504  1  
   8504  1  
   8504  1  
   8504  1  
   8504  1  
   8506  2  
   8506  2  
   8506  2  
   8506  2  
   8549  2  
   8549  2  
   8556  1  
   8556  1  
   8556  1  
   8556  1  
   8556  1  
   8556  1  
   8569  1  
   8569  1  
   8569  1  
   8569  1  
   8569  1  
   8569  1  
   8569  1  
   8569  1  
   8569  1  
   8569  1  
   8584  2  
   8584  2  
   8631  3  
   8631  3  
   8631  3  
   8631  3  
   8633  1  
   8633  1  
   8633  1  
   8633  1  
   8633  1  
   8646  1  
   8646  1  
   8646  1  
   8656  2  
   8656  2  
   8656  2  
   8656  2  
   8661  2  
   8661  2  
   8661  2  
   8661  2  
   8698  1  
   8698  1  
   8698  1  
   8698  1  
   8698  1  
   8698  1  
   8698  1  
   8698  1  
   8698  1  
   8698  1  
   8716  2  
   8716  2  
   8716  2  
   8716  2  
   8738  1  
   8738  1  
   8738  1  
   8746  1  
   8746  1  
   8746  1  
   8746  1  
   8746  1  
   8768  2  
   8768  2  
   8768  2  
   8768  2  
   8783  2  
   8783  2  
   8783  2  
   8783  2  
   8800  1  
   8800  1  
   8800  1  
   8800  1  
   8800  1  
   8828  3  
   8828  3  
   8828  3  
   8828  3  
   8831  1  
   8831  1  
   8831  1  
   8831  1  
   8831  1  
   8831  1  
   8842  2  
   8842  2  
   8850  1  
   8850  1  
   8850  1  
   8850  1  
   8850  1  
   8850  1  
   8850  1  
   8850  1  
   8850  1  
   8850  1  
   8908  2  
   8908  2  
   8909  1  
   8909  1  
   8909  1  
   8909  1  
   8909  1  
   8909  1  
   8909  1  
   8909  1  
   8909  1  
   8909  1  
   8914  2  
   8914  2  
   8917  1  
   8917  1  
   8917  1  
   8917  1  
   8917  1  
   8917  1  
   8963  1  
   8963  1  
   8963  1  
   8963  1  
   8963  1  
   8990  2  
   8990  2  
   8990  2  
   8990  2  
   9000  1  
   9000  1  
   9000  1  
   9003  1  
   9003  1  
   9003  1  
   9003  1  
   9003  1  
   9033  3  
   9033  3  
   9033  3  
   9033  3  
   9050  1  
   9050  1  
   9050  1  
   9050  1  
   9050  1  
   9050  1  
   9050  1  
   9050  1  
   9050  1  
   9050  1  
   9053  2  
   9053  2  
   9053  2  
   9053  2  
   9089  1  
   9089  1  
   9089  1  
   9097  1  
   9097  1  
   9097  1  
   9097  1  
   9097  1  
   9115  2  
   9115  2  
   9115  2  
   9115  2  
   9123  3  
   9123  3  
   9123  3  
   9123  3  
   9132  1  
   9132  1  
   9132  1  
   9132  1  
   9132  1  
   9164  1  
   9164  1  
   9164  1  
   9164  1  
   9164  1  
   9173  1  
   9173  1  
   9173  1  
   9173  1  
   9173  1  
   9173  1  
   9174  2  
   9174  2  
   9174  2  
   9174  2  
   9192  1  
   9192  1  
   9192  1  
   9192  1  
   9192  1  
   9203  2  
   9203  2  
   9212  1  
   9212  1  
   9212  1  
   9212  1  
   9212  1  
   9233  1  
   9233  1  
   9233  1  
   9233  1  
   9233  1  
   9249  1  
   9249  1  
   9249  1  
   9249  1  
   9249  1  
   9267  1  
   9267  1  
   9267  1  
   9267  1  
   9267  1  
   9267  1  
   9267  1  
   9267  1  
   9267  1  
   9267  1  
   9281  1  
   9281  1  
   9281  1  
   9281  1  
   9281  1  
   9281  1  
   9281  1  
   9281  1  
   9281  1  
   9281  1  
   9289  1  
   9289  1  
   9289  1  
   9289  1  
   9289  1  
   9289  1  
   9289  1  
   9289  1  
   9289  1  
   9289  1  
   9291  1  
   9291  1  
   9291  1  
   9291  1  
   9291  1  
   9291  1  
   9292  2  
   9292  2  
   9292  2  
   9292  2  
   9294  3  
   9294  3  
   9294  3  
   9294  3  
   9313  1  
   9313  1  
   9313  1  
   9313  1  
   9313  1  
   9331  1  
   9331  1  
   9331  1  
   9331  1  
   9331  1  
   9332  2  
   9332  2  
   9352  1  
   9352  1  
   9352  1  
   9352  1  
   9352  1  
   9383  1  
   9383  1  
   9383  1  
   9383  1  
   9383  1  
   9390  1  
   9390  1  
   9390  1  
   9393  2  
   9393  2  
   9410  1  
   9410  1  
   9410  1  
   9410  1  
   9410  1  
   9446  1  
   9446  1  
   9446  1  
   9446  1  
   9446  1  
   9461  2  
   9461  2  
   9461  2  
   9461  2  
   9475  1  
   9475  1  
   9475  1  
   9480  2  
   9480  2  
   9480  2  
   9480  2  
   9497  1  
   9497  1  
   9497  1  
   9497  1  
   9497  1  
   9497  1  
   9497  1  
   9497  1  
   9497  1  
   9497  1  
   9536  1  
   9536  1  
   9536  1  
   9536  1  
   9536  1  
   9538  2  
   9538  2  
   9538  2  
   9538  2  
   9552  3  
   9552  3  
   9552  3  
   9552  3  
   9557  1  
   9557  1  
   9557  1  
   9557  1  
   9557  1  
   9557  1  
   9584  1  
   9584  1  
   9584  1  
   9584  1  
   9584  1  
   9596  2  
   9596  2  
   9599  2  
   9599  2  
   9599  2  
   9599  2  
   9625  1  
   9625  1  
   9625  1  
   9625  1  
   9625  1  
   9625  1  
   9625  1  
   9625  1  
   9625  1  
   9625  1  
   9627  1  
   9627  1  
   9627  1  
   9627  1  
   9627  1  
   9627  1  
   9657  2  
   9657  2  
   9657  2  
   9657  2  
   9693  1  
   9693  1  
   9693  1  
   9693  1  
   9693  1  
   9693  1  
   9693  1  
   9693  1  
   9693  1  
   9693  1  
   9719  2  
   9719  2  
   9723  2  
   9723  2  
   9726  1  
   9726  1  
   9726  1  
   9740  1  
   9740  1  
   9740  1  
   9740  1  
   9740  1  
   9768  3  
   9768  3  
   9768  3  
   9768  3  
   9785  1  
   9785  1  
   9785  1  
   9785  1  
   9785  1  
   9785  1  
   9785  1  
   9785  1  
   9785  1  
   9785  1  
   9788  2  
   9788  2  
   9788  2  
   9788  2  
   9803  3  
   9803  3  
   9803  3  
   9803  3  
   9805  1  
   9805  1  
   9805  1  
   9842  1  
   9842  1  
   9842  1  
   9842  1  
   9842  1  
   9851  2  
   9851  2  
   9851  2  
   9851  2  
   9852  2  
   9852  2  
   9852  2  
   9852  2  
   9876  1  
   9876  1  
   9876  1  
   9876  1  
   9876  1  
   9876  1  
   9887  1  
   9887  1  
   9887  1  
   9887  1  
   9887  1  
   9887  1  
   9887  1  
   9887  1  
   9887  1  
   9887  1  
   9902  2  
   9902  2  
   9929  1  
   9929  1  
   9929  1  
   9929  1  
   9929  1  
   9929  1  
   9952  2  
   9952  2  
   9952  2  
   9952  2  
   9967  2  
   9967  2  
   9967  2  
   9967  2  
   9968  1  
   9968  1  
   9968  1  
   9968  1  
   9968  1  
   9968  1  
   9968  1  
   9968  1  
   9968  1  
   9968  1  
   9990  1  
   9990  1  
   9990  1  
   10020  2  
   10020  2  
   10034  1  
   10034  1  
   10034  1  
   10034  1  
   10034  1  
   10037  1  
   10037  1  
   10037  1  
   10043  2  
   10043  2  
   10067  2  
   10067  2  
   10074  3  
   10074  3  
   10074  3  
   10074  3  
   10076  1  
   10076  1  
   10076  1  
   10092  1  
   10092  1  
   10092  1  
   10092  1  
   10092  1  
   10092  1  
   10092  1  
   10092  1  
   10092  1  
   10092  1  
   10111  1  
   10111  1  
   10111  1  
   10114  2  
   10114  2  
   10140  1  
   10140  1  
   10140  1  
   10142  2  
   10142  2  
   10151  2  
   10151  2  
   10151  2  
   10151  2  
   10154  1  
   10154  1  
   10154  1  
   10154  1  
   10154  1  
   10167  1  
   10167  1  
   10167  1  
   10184  2  
   10184  2  
   10184  2  
   10184  2  
   10190  1  
   10190  1  
   10190  1  
   10208  1  
   10208  1  
   10208  1  
   10208  1  
   10208  1  
   10208  1  
   10218  1  
   10218  1  
   10218  1  
   10218  1  
   10218  1  
   10219  2  
   10219  2  
   10219  2  
   10219  2  
   10229  1  
   10229  1  
   10229  1  
   10242  1  
   10242  1  
   10242  1  
   10255  1  
   10255  1  
   10255  1  
   10255  1  
   10255  1  
   10255  1  
   10257  2  
   10257  2  
   10257  2  
   10257  2  
   10268  1  
   10268  1  
   10268  1  
   10268  1  
   10268  1  
   10268  1  
   10274  1  
   10274  1  
   10274  1  
   10274  1  
   10274  1  
   10280  2  
   10280  2  
   10287  1  
   10287  1  
   10287  1  
   10298  1  
   10298  1  
   10298  1  
   10320  1  
   10320  1  
   10320  1  
   10321  1  
   10321  1  
   10321  1  
   10321  1  
   10321  1  
   10337  2  
   10337  2  
   10350  1  
   10350  1  
   10350  1  
   10361  1  
   10361  1  
   10361  1  
   10361  1  
   10361  1  
   10361  1  
   10361  1  
   10361  1  
   10361  1  
   10374  1  
   10374  1  
   10374  1  
   10389  1  
   10389  1  
   10389  1  
   10389  1  
   10389  1  
   10389  1  
   10389  1  
   10389  1  
   10389  1  
   10395  2  
   10395  2  
   10405  2  
   10405  2  
   10405  2  
   10405  2  
   10411  1  
   10411  1  
   10411  1  
   10413  1  
   10413  1  
   10413  1  
   10413  1  
   10413  1  
   10413  1  
   10413  1  
   10413  1  
   10413  1  
   10413  1  
   10442  1  
   10442  1  
   10442  1  
   10442  1  
   10442  1  
   10447  1  
   10447  1  
   10447  1  
   10451  3  
   10451  3  
   10451  3  
   10451  3  
   10461  2  
   10461  2  
   10461  2  
   10461  2  
   10465  3  
   10465  3  
   10465  3  
   10465  3  
   10479  1  
   10479  1  
   10479  1  
   10479  1  
   10479  1  
   10488  2  
   10488  2  
   10492  1  
   10492  1  
   10492  1  
   10510  1  
   10510  1  
   10510  1  
   10510  1  
   10510  1  
   10517  2  
   10517  2  
   10539  1  
   10539  1  
   10539  1  
   10546  2  
   10546  2  
   10558  1  
   10558  1  
   10558  1  
   10558  1  
   10558  1  
   10582  2  
   10582  2  
   10582  2  
   10582  2  
   10597  2  
   10597  2  
   10602  1  
   10602  1  
   10602  1  
   10602  1  
   10602  1  
   10602  1  
   10609  1  
   10609  1  
   10609  1  
   10609  1  
   10609  1  
   10609  1  
   10609  1  
   10609  1  
   10609  1  
   10609  1  
   10642  2  
   10642  2  
   10645  2  
   10645  2  
   10645  2  
   10645  2  
   10662  1  
   10662  1  
   10662  1  
   10662  1  
   10662  1  
   10675  2  
   10675  2  
   10675  2  
   10675  2  
   10682  1  
   10682  1  
   10682  1  
   10682  1  
   10682  1  
   10682  1  
   10708  2  
   10708  2  
   10708  2  
   10708  2  
   10718  1  
   10718  1  
   10718  1  
   10718  1  
   10718  1  
   10732  2  
   10732  2  
   10732  2  
   10732  2  
   10736  2  
   10736  2  
   10736  2  
   10736  2  
   10750  1  
   10750  1  
   10750  1  
   10763  3  
   10763  3  
   10763  3  
   10763  3  
   10777  2  
   10777  2  
   10781  2  
   10781  2  
   10782  1  
   10782  1  
   10782  1  
   10782  1  
   10782  1  
   10782  1  
   10782  1  
   10782  1  
   10782  1  
   10816  1  
   10816  1  
   10816  1  
   10828  1  
   10828  1  
   10828  1  
   10828  1  
   10828  1  
   10828  1  
   10828  1  
   10828  1  
   10829  2  
   10829  2  
   10830  2  
   10830  2  
   10830  2  
   10830  2  
   10884  2  
   10884  2  
   10885  1  
   10885  1  
   10885  1  
   10885  1  
   10885  1  
   10885  1  
   10893  1  
   10893  1  
   10893  1  
   10893  1  
   10893  1  
   10893  1  
   10893  1  
   10893  1  
   10906  2  
   10906  2  
   10906  2  
   10906  2  
   10936  2  
   10936  2  
   10958  1  
   10958  1  
   10958  1  
   10958  1  
   10960  1  
   10960  1  
   10960  1  
   10961  2  
   10961  2  
   11005  2  
   11005  2  
   11005  2  
   11005  2  
   11008  2  
   11008  2  
   11008  2  
   11008  2  
   11014  1  
   11014  1  
   11014  1  
   11014  1  
   11014  1  
   11014  1  
   11014  1  
   11014  1  
   11016  3  
   11016  3  
   11016  3  
   11016  3  
   11029  1  
   11029  1  
   11029  1  
   11029  1  
   11029  1  
   11029  1  
   11048  3  
   11048  3  
   11048  3  
   11048  3  
   11049  2  
   11049  2  
   11088  2  
   11088  2  
   11105  2  
   11105  2  
   11105  2  
   11105  2  
   11107  1  
   11107  1  
   11107  1  
   11107  1  
   11107  1  
   11107  1  
   11107  1  
   11107  1  
   11110  1  
   11110  1  
   11110  1  
   11110  1  
   11110  1  
   11110  1  
   11121  2  
   11121  2  
   11153  2  
   11153  2  
   11153  2  
   11153  2  
   11161  1  
   11161  1  
   11161  1  
   11161  1  
   11165  1  
   11165  1  
   11165  1  
   11172  2  
   11172  2  
   11172  2  
   11172  2  
   11193  2  
   11193  2  
   11193  2  
   11193  2  
   11197  2  
   11197  2  
   11213  1  
   11213  1  
   11213  1  
   11213  1  
   11213  1  
   11213  1  
   11213  1  
   11213  1  
   11218  1  
   11218  1  
   11218  1  
   11231  2  
   11231  2  
   11253  1  
   11253  1  
   11253  1  
   11258  2  
   11258  2  
   11284  1  
   11284  1  
   11284  1  
   11284  1  
   11293  1  
   11293  1  
   11293  1  
   11293  1  
   11293  1  
   11293  1  
   11299  2  
   11299  2  
   11299  2  
   11299  2  
   11301  2  
   11301  2  
   11330  3  
   11330  3  
   11330  3  
   11330  3  
   11333  1  
   11333  1  
   11333  1  
   11333  1  
   11333  1  
   11333  1  
   11341  2  
   11341  2  
   11341  2  
   11341  2  
   11348  1  
   11348  1  
   11348  1  
   11348  1  
   11348  1  
   11348  1  
   11348  1  
   11348  1  
   11367  1  
   11367  1  
   11367  1  
   11367  1  
   11367  1  
   11367  1  
   11385  2  
   11385  2  
   11386  2  
   11386  2  
   11402  1  
   11402  1  
   11402  1  
   11402  1  
   11402  1  
   11402  1  
   11402  1  
   11402  1  
   11403  1  
   11403  1  
   11403  1  
   11424  2  
   11424  2  
   11442  1  
   11442  1  
   11442  1  
   11443  1  
   11443  1  
   11443  1  
   11443  1  
   11443  1  
   11443  1  
   11443  1  
   11443  1  
   11456  2  
   11456  2  
   11456  2  
   11456  2  
   11467  2  
   11467  2  
   11467  2  
   11467  2  
   11486  1  
   11486  1  
   11486  1  
   11492  1  
   11492  1  
   11492  1  
   11492  1  
   11505  2  
   11505  2  
   11513  2  
   11513  2  
   11513  2  
   11513  2  
   11516  3  
   11516  3  
   11516  3  
   11516  3  
   11538  1  
   11538  1  
   11538  1  
   11538  1  
   11546  1  
   11546  1  
   11546  1  
   11546  1  
   11546  1  
   11546  1  
   11556  2  
   11556  2  
   11556  2  
   11556  2  
   11560  2  
   11560  2  
   11560  2  
   11560  2  
   11577  1  
   11577  1  
   11577  1  
   11577  1  
   11577  1  
   11577  1  
   11577  1  
   11577  1  
   11590  1  
   11590  1  
   11590  1  
   11601  2  
   11601  2  
   11604  3  
   11604  3  
   11604  3  
   11604  3  
   11605  2  
   11605  2  
   11617  1  
   11617  1  
   11617  1  
   11617  1  
   11643  1  
   11643  1  
   11643  1  
   11649  1  
   11649  1  
   11649  1  
   11649  1  
   11654  2  
   11654  2  
   11659  2  
   11659  2  
   11659  2  
   11659  2  
   11674  1  
   11674  1  
   11674  1  
   11674  1  
   11695  1  
   11695  1  
   11695  1  
   11695  1  
   11703  1  
   11703  1  
   11703  1  
   11703  1  
   11703  1  
   11703  1  
   11706  2  
   11706  2  
   11715  1  
   11715  1  
   11715  1  
   11715  1  
   11729  1  
   11729  1  
   11729  1  
   11729  1  
   11743  1  
   11743  1  
   11743  1  
   11743  1  
   11754  2  
   11754  2  
   11754  2  
   11754  2  
   11756  1  
   11756  1  
   11756  1  
   11756  1  
   11756  1  
   11756  1  
   11763  1  
   11763  1  
   11763  1  
   11763  1  
   11767  2  
   11767  2  
   11767  2  
   11767  2  
   11776  1  
   11776  1  
   11776  1  
   11776  1  
   11787  1  
   11787  1  
   11787  1  
   11787  1  
   11795  1  
   11795  1  
   11795  1  
   11795  1  
   11810  1  
   11810  1  
   11810  1  
   11810  1  
   11810  1  
   11810  1  
   11810  1  
   11810  1  
   11817  1  
   11817  1  
   11817  1  
   11817  1  
   11817  1  
   11817  1  
   11817  1  
   11817  1  
   11821  1  
   11821  1  
   11821  1  
   11821  1  
   11821  1  
   11821  1  
   11821  1  
   11821  1  
   11834  1  
   11834  1  
   11834  1  
   11834  1  
   11849  1  
   11849  1  
   11849  1  
   11849  1  
   11859  2  
   11859  2  
   11863  1  
   11863  1  
   11863  1  
   11863  1  
   11872  1  
   11872  1  
   11872  1  
   11872  1  
   11881  1  
   11881  1  
   11881  1  
   11881  1  
   11885  1  
   11885  1  
   11885  1  
   11885  1  
   11885  1  
   11885  1  
   11903  1  
   11903  1  
   11903  1  
   11903  1  
   11920  2  
   11920  2  
   11920  2  
   11920  2  
   11922  1  
   11922  1  
   11922  1  
   11922  1  
   11939  1  
   11939  1  
   11939  1  
   11939  1  
   11942  2  
   11942  2  
   11942  2  
   11942  2  
   11944  2  
   11944  2  
   11944  2  
   11944  2  
   11960  1  
   11960  1  
   11960  1  
   11960  1  
   11969  1  
   11969  1  
   11969  1  
   11982  1  
   11982  1  
   11982  1  
   11982  1  
   11985  2  
   11985  2  
   11999  2  
   11999  2  
   12008  3  
   12008  3  
   12008  3  
   12008  3  
   12012  1  
   12012  1  
   12012  1  
   12012  1  
   12030  2  
   12030  2  
   12033  1  
   12033  1  
   12033  1  
   12033  1  
   12033  1  
   12033  1  
   12046  1  
   12046  1  
   12046  1  
   12046  1  
   12046  1  
   12046  1  
   12046  1  
   12046  1  
   12053  2  
   12053  2  
   12053  2  
   12053  2  
   12074  2  
   12074  2  
   12077  1  
   12077  1  
   12077  1  
   12079  1  
   12079  1  
   12079  1  
   12079  1  
   12088  2  
   12088  2  
   12088  2  
   12088  2  
   12090  3  
   12090  3  
   12090  3  
   12090  3  
   12117  1  
   12117  1  
   12117  1  
   12117  1  
   12120  1  
   12120  1  
   12120  1  
   12130  2  
   12130  2  
   12130  2  
   12130  2  
   12139  2  
   12139  2  
   12139  2  
   12139  2  
   12156  1  
   12156  1  
   12156  1  
   12156  1  
   12156  1  
   12156  1  
   12156  1  
   12156  1  
   12159  1  
   12159  1  
   12159  1  
   12159  1  
   12159  1  
   12159  1  
   12178  2  
   12178  2  
   12181  2  
   12181  2  
   12191  1  
   12191  1  
   12191  1  
   12191  1  
   12191  1  
   12191  1  
   12202  1  
   12202  1  
   12202  1  
   12202  1  
   12202  1  
   12202  1  
   12202  1  
   12202  1  
   12220  2  
   12220  2  
   12221  2  
   12221  2  
   12222  1  
   12222  1  
   12222  1  
   12222  1  
   12222  1  
   12222  1  
   12244  1  
   12244  1  
   12244  1  
   12244  1  
   12255  2  
   12255  2  
   12256  2  
   12256  2  
   12256  2  
   12256  2  
   12262  1  
   12262  1  
   12262  1  
   12266  3  
   12266  3  
   12266  3  
   12266  3  
   12284  1  
   12284  1  
   12284  1  
   12284  1  
   12284  1  
   12284  1  
   12284  1  
   12284  1  
   12290  2  
   12290  2  
   12290  2  
   12290  2  
   12296  2  
   12296  2  
   12306  1  
   12306  1  
   12306  1  
   12309  2  
   12309  2  
   12309  2  
   12309  2  
   12327  2  
   12327  2  
   12331  1  
   12331  1  
   12331  1  
   12331  1  
   12336  2  
   12336  2  
   12354  2  
   12354  2  
   12357  1  
   12357  1  
   12357  1  
   12357  1  
   12357  1  
   12357  1  
   12360  2  
   12360  2  
   12372  1  
   12372  1  
   12372  1  
   12372  1  
   12372  1  
   12372  1  
   12372  1  
   12372  1  
   12379  2  
   12379  2  
   12384  2  
   12384  2  
   12384  2  
   12384  2  
   12385  2  
   12385  2  
   12385  2  
   12385  2  
   12394  1  
   12394  1  
   12394  1  
   12404  2  
   12404  2  
   12404  2  
   12404  2  
   12409  1  
   12409  1  
   12409  1  
   12409  1  
   12415  2  
   12415  2  
   12415  2  
   12415  2  
   12419  2  
   12419  2  
   12424  1  
   12424  1  
   12424  1  
   12447  1  
   12447  1  
   12447  1  
   12447  1  
   12447  1  
   12447  1  
   12447  1  
   12447  1  
   12448  2  
   12448  2  
   12449  1  
   12449  1  
   12449  1  
   12456  2  
   12456  2  
   12466  1  
   12466  1  
   12466  1  
   12475  2  
   12475  2  
   12482  1  
   12482  1  
   12482  1  
   12487  1  
   12487  1  
   12487  1  
   12487  1  
   12488  2  
   12488  2  
   12496  1  
   12496  1  
   12496  1  
   12496  1  
   12496  1  
   12496  1  
   12509  3  
   12509  3  
   12509  3  
   12509  3  
   12511  1  
   12511  1  
   12511  1  
   12511  1  
   12511  1  
   12511  1  
   12517  2  
   12517  2  
   12536  1  
   12536  1  
   12536  1  
   12536  1  
   12536  1  
   12536  1  
   12537  2  
   12537  2  
   12537  2  
   12537  2  
   12540  3  
   12540  3  
   12540  3  
   12540  3  
   12544  1  
   12544  1  
   12544  1  
   12544  1  
   12544  1  
   12544  1  
   12544  1  
   12544  1  
   12550  1  
   12550  1  
   12550  1  
   12566  2  
   12566  2  
   12566  2  
   12566  2  
   12569  2  
   12569  2  
   12572  1  
   12572  1  
   12572  1  
   12578  1  
   12578  1  
   12578  1  
   12578  1  
   12594  1  
   12594  1  
   12594  1  
   12599  2  
   12599  2  
   12608  1  
   12608  1  
   12608  1  
   12608  1  
   12611  2  
   12611  2  
   12614  1  
   12614  1  
   12614  1  
   12626  2  
   12626  2  
   12637  2  
   12637  2  
   12640  1  
   12640  1  
   12640  1  
   12640  1  
   12647  2  
   12647  2  
   12653  1  
   12653  1  
   12653  1  
   12667  1  
   12667  1  
   12667  1  
   12667  1  
   12669  2  
   12669  2  
   12681  2  
   12681  2  
   12690  1  
   12690  1  
   12690  1  
   12690  1  
   12691  2  
   12691  2  
   12700  2  
   12700  2  
   12710  2  
   12710  2  
   12719  1  
   12719  1  
   12719  1  
   12719  1  
   12722  2  
   12722  2  
   12728  2  
   12728  2  
   12728  2  
   12728  2  
   12731  1  
   12731  1  
   12731  1  
   12731  1  
   12731  1  
   12731  1  
   12734  2  
   12734  2  
   12734  2  
   12734  2  
   12737  2  
   12737  2  
   12749  1  
   12749  1  
   12749  1  
   12749  1  
   12750  2  
   12750  2  
   12750  2  
   12750  2  
   12751  2  
   12751  2  
   12764  2  
   12764  2  
   12773  1  
   12773  1  
   12773  1  
   12773  1  
   12780  2  
   12780  2  
   12791  1  
   12791  1  
   12791  1  
   12791  1  
   12794  2  
   12794  2  
   12803  1  
   12803  1  
   12803  1  
   12803  1  
   12819  1  
   12819  1  
   12819  1  
   12819  1  
   12824  2  
   12824  2  
   12838  1  
   12838  1  
   12838  1  
   12838  1  
   12856  1  
   12856  1  
   12856  1  
   12856  1  
   12856  1  
   12856  1  
   12856  1  
   12856  1  
   12861  1  
   12861  1  
   12861  1  
   12861  1  
   12861  1  
   12861  1  
   12861  1  
   12861  1  
   12873  1  
   12873  1  
   12873  1  
   12873  1  
   12873  1  
   12873  1  
   12873  1  
   12873  1  
   12888  1  
   12888  1  
   12888  1  
   12888  1  
   12890  2  
   12890  2  
   12903  1  
   12903  1  
   12903  1  
   12903  1  
   12913  2  
   12913  2  
   12916  1  
   12916  1  
   12916  1  
   12916  1  
   12923  1  
   12923  1  
   12923  1  
   12924  2  
   12924  2  
   12930  1  
   12930  1  
   12930  1  
   12930  1  
   12940  1  
   12940  1  
   12940  1  
   12940  1  
   12949  2  
   12949  2  
   12955  1  
   12955  1  
   12955  1  
   12955  1  
   12973  1  
   12973  1  
   12973  1  
   12973  1  
   12976  2  
   12976  2  
   12976  2  
   12976  2  
   12978  2  
   12978  2  
   12978  2  
   12978  2  
   12992  1  
   12992  1  
   12992  1  
   12992  1  
   13000  1  
   13000  1  
   13000  1  
   13000  1  
   13000  1  
   13000  1  
   13002  2  
   13002  2  
   13008  1  
   13008  1  
   13008  1  
   13008  1  
   13027  2  
   13027  2  
   13028  1  
   13028  1  
   13028  1  
   13030  1  
   13030  1  
   13030  1  
   13030  1  
   13039  3  
   13039  3  
   13039  3  
   13039  3  
   13042  2  
   13042  2  
   13042  2  
   13042  2  
   13055  2  
   13055  2  
   13056  1  
   13056  1  
   13056  1  
   13056  1  
   13058  1  
   13058  1  
   13058  1  
   13058  1  
   13058  1  
   13058  1  
   13076  2  
   13076  2  
   13077  1  
   13077  1  
   13077  1  
   13077  1  
   13077  1  
   13077  1  
   13077  1  
   13079  1  
   13079  1  
   13079  1  
   13091  2  
   13091  2  
   13091  2  
   13091  2  
   13110  1  
   13110  1  
   13110  1  
   13113  2  
   13113  2  
   13113  2  
   13113  2  
   13116  1  
   13116  1  
   13116  1  
   13124  1  
   13124  1  
   13124  1  
   13132  3  
   13132  3  
   13132  3  
   13132  3  
   13141  2  
   13141  2  
   13143  1  
   13143  1  
   13143  1  
   13153  1  
   13153  1  
   13153  1  
   13153  1  
   13153  1  
   13153  1  
   13157  1  
   13157  1  
   13157  1  
   13157  1  
   13157  1  
   13157  1  
   13163  2  
   13163  2  
   13169  2  
   13169  2  
   13169  2  
   13169  2  
   13171  1  
   13171  1  
   13171  1  
   13171  1  
   13171  1  
   13171  1  
   13178  1  
   13178  1  
   13178  1  
   13183  1  
   13183  1  
   13183  1  
   13183  1  
   13183  1  
   13183  1  
   13193  2  
   13193  2  
   13199  1  
   13199  1  
   13199  1  
   13202  1  
   13202  1  
   13202  1  
   13202  1  
   13202  1  
   13202  1  
   13212  2  
   13212  2  
   13213  1  
   13213  1  
   13213  1  
   13230  1  
   13230  1  
   13230  1  
   13231  2  
   13231  2  
   13231  2  
   13231  2  
   13232  1  
   13232  1  
   13232  1  
   13242  2  
   13242  2  
   13246  2  
   13246  2  
   13246  2  
   13246  2  
   13256  1  
   13256  1  
   13256  1  
   13259  1  
   13259  1  
   13259  1  
   13264  2  
   13264  2  
   13266  3  
   13266  3  
   13266  3  
   13266  3  
   13270  2  
   13270  2  
   13270  2  
   13270  2  
   13278  2  
   13278  2  
   13278  2  
   13278  2  
   13281  1  
   13281  1  
   13281  1  
   13285  2  
   13285  2  
   13292  1  
   13292  1  
   13292  1  
   13292  1  
   13292  1  
   13292  1  
   13297  2  
   13297  2  
   13300  1  
   13300  1  
   13300  1  
   13304  2  
   13304  2  
   13312  2  
   13312  2  
   13314  1  
   13314  1  
   13314  1  
   13314  1  
   13314  1  
   13314  1  
   13320  1  
   13320  1  
   13320  1  
   13320  1  
   13320  1  
   13320  1  
   13325  1  
   13325  1  
   13325  1  
   13330  1  
   13330  1  
   13330  1  
   13334  2  
   13334  2  
   13341  1  
   13341  1  
   13341  1  
   13349  2  
   13349  2  
   13349  2  
   13349  2  
   13354  2  
   13354  2  
   13354  2  
   13354  2  
   13355  1  
   13355  1  
   13355  1  
   13361  1  
   13361  1  
   13361  1  
   13361  1  
   13361  1  
   13361  1  
   13369  1  
   13369  1  
   13369  1  
   13373  2  
   13373  2  
   13373  2  
   13373  2  
   13378  2  
   13378  2  
   13381  1  
   13381  1  
   13381  1  
   13381  1  
   13381  1  
   13381  1  
   13383  1  
   13383  1  
   13383  1  
   13383  1  
   13383  1  
   13383  1  
   13385  1  
   13385  1  
   13385  1  
   13385  1  
   13385  1  
   13385  1  
   13392  1  
   13392  1  
   13392  1  
   13393  1  
   13393  1  
   13393  1  
   13394  2  
   13394  2  
   13394  2  
   13394  2  
   13395  2  
   13395  2  
   13399  2  
   13399  2  
   13400  1  
   13400  1  
   13400  1  
   13400  1  
   13400  1  
   13400  1  
   13416  2  
   13416  2  
   13416  2  
   13416  2  
   13417  3  
   13417  3  
   13417  3  
   13417  3  
   13426  2  
   13426  2  
   13426  2  
   13426  2  
   13428  3  
   13428  3  
   13428  3  
   13428  3  
   13432  2  
   13432  2  
   13443  2  
   13443  2  
   13445  2  
   13445  2  
   13445  2  
   13445  2  
   13461  2  
   13461  2  
   13463  2  
   13463  2  
   13463  2  
   13463  2  
   13465  2  
   13465  2  
   13465  2  
   13465  2  
   13481  2  
   13481  2  
   13481  2  
   13481  2  
   13482  2  
   13482  2  
   13487  2  
   13487  2  
   13487  2  
   13487  2  
   13507  2  
   13507  2  
   13507  2  
   13507  2  
   13515  2  
   13515  2  
   13524  2  
   13524  2  
   13530  3  
   13530  3  
   13530  3  
   13530  3  
   13537  2  
   13537  2  
   13537  2  
   13537  2  
   13542  2  
   13542  2  
   13542  2  
   13542  2  
   13554  2  
   13554  2  
   13558  3  
   13558  3  
   13558  3  
   13558  3  
   13562  2  
   13562  2  
   13569  2  
   13569  2  
   13575  2  
   13575  2  
   13575  2  
   13575  2  
   13580  2  
   13580  2  
   13580  2  
   13580  2  
   13585  2  
   13585  2  
   13585  2  
   13585  2  
   13591  2  
   13591  2  
   13593  2  
   13593  2  
   13597  3  
   13597  3  
   13597  3  
   13597  3  
   13605  2  
   13605  2  
   13605  2  
   13605  2  
   13606  2  
   13606  2  
   13613  2  
   13613  2  
   13615  2  
   13615  2  
   13615  2  
   13615  2  
   13622  2  
   13622  2  
   13622  2  
   13622  2  
   13624  2  
   13624  2  
   13627  2  
   13627  2  
   13630  2  
   13630  2  
   13632  3  
   13632  3  
   13632  3  
   13632  3  
   13633  2  
   13633  2  
   13635  2  
   13635  2  
   13635  2  
   13635  2  
   13643  3  
   13643  3  
   13643  3  
   13643  3  
   13668  3  
   13668  3  
   13668  3  
   13668  3  
   13669  3  
   13669  3  
   13669  3  
   13669  3  
   13670  3  
   13670  3  
   13670  3  
   13670  3  
   13672  3  
   13672  3  
   13672  3  
   13672  3  
   13674  3  
   13674  3  
   13674  3  
   13674  3  
   13677  3  
   13677  3  
   13677  3  
   13677  3  
   13680  3  
   13680  3  
   13680  3  
   13680  3  
   13684  3  
   13684  3  
   13684  3  
   13684  3  
   13688  3  
   13688  3  
   13688  3  
   13688  3  
   13692  3  
   13692  3  
   13692  3  
   13692  3  
   13693  3  
   13693  3  
   13693  3  
   13693  3  
   13695  3  
   13695  3  
   13695  3  
   13695  3  
   13698  3  
   13698  3  
   13698  3  
   13698  3  
   13700  3  
   13700  3  
   13700  3  
   13700  3  
   13705  3  
   13705  3  
   13705  3  
   13705  3  
   13706  3  
   13706  3  
   13706  3  
   13706  3  
   13708  3  
   13708  3  
   13708  3  
   13708  3  
   13711  3  
   13711  3  
   13711  3  
   13711  3  
   13715  3  
   13715  3  
   13715  3  
   13715  3  
   13716  3  
   13716  3  
   13716  3  
   13716  3  
   13718  3  
   13718  3  
   13718  3  
   13718  3  
   13722  3  
   13722  3  
   13722  3  
   13722  3  
   13725  3  
   13725  3  
   13725  3  
   13725  3  
   13726  3  
   13726  3  
   13726  3  
   13726  3  
   13728  3  
   13728  3  
   13728  3  
   13728  3  
   13731  3  
   13731  3  
   13731  3  
   13731  3  
   13732  3  
   13732  3  
   13732  3  
   13732  3  
   13736  3  
   13736  3  
   13736  3  
   13736  3  
   13738  3  
   13738  3  
   13738  3  
   13738  3  
   13739  3  
   13739  3  
   13739  3  
   13739  3  
   13742  3  
   13742  3  
   13742  3  
   13742  3  
   13744  3  
   13744  3  
   13744  3  
   13744  3  
   13745  3  
   13745  3  
   13745  3  
   13745  3  
   13747  3  
   13747  3  
   13747  3  
   13747  3  
   13748  3  
   13748  3  
   13748  3  
   13748  3  
   13750  3  
   13750  3  
   13750  3  
   13750  3  
   13751  3  
   13751  3  
   13751  3  
   13751  3  
   13752  3  
   13752  3  
   13752  3  
   13752  3  
   13753  3  
   13753  3  
   13753  3  
   13753  3  
   13754  3  
   13754  3  
   13754  3  
   13754  3  
  END_ON_NODES
