  ON_NODES
   1  3  
   1  3  
   2  3  
   2  3  
   3  3  
   3  3  
   8  3  
   8  3  
   9  3  
   9  3  
   13  3  
   13  3  
   14  3  
   14  3  
   19  3  
   19  3  
   20  3  
   20  3  
   23  3  
   23  3  
   24  3  
   24  3  
   29  3  
   29  3  
   30  3  
   30  3  
   37  3  
   37  3  
   38  3  
   38  3  
   43  3  
   43  3  
   44  3  
   44  3  
   54  3  
   54  3  
   55  3  
   55  3  
   70  2  
   70  2  
   71  2  
   71  2  
   72  3  
   72  3  
   73  3  
   73  3  
   74  2  
   74  2  
   75  2  
   75  2  
   76  2  
   76  2  
   77  2  
   77  2  
   81  2  
   81  2  
   82  2  
   82  2  
   91  2  
   91  2  
   92  2  
   92  2  
   97  3  
   97  3  
   98  3  
   98  3  
   102  2  
   102  2  
   103  2  
   103  2  
   118  2  
   118  2  
   121  2  
   121  2  
   129  3  
   129  3  
   130  3  
   130  3  
   136  2  
   136  2  
   138  2  
   138  2  
   154  2  
   154  2  
   158  2  
   158  2  
   172  3  
   172  3  
   173  3  
   173  3  
   182  2  
   182  2  
   185  2  
   185  2  
   205  2  
   205  2  
   206  2  
   206  2  
   209  3  
   209  3  
   210  3  
   210  3  
   234  2  
   234  2  
   238  2  
   238  2  
   254  3  
   254  3  
   255  3  
   255  3  
   268  2  
   268  2  
   271  2  
   271  2  
   296  2  
   296  2  
   303  2  
   303  2  
   305  3  
   305  3  
   306  3  
   306  3  
   336  2  
   336  2  
   340  2  
   340  2  
   357  3  
   357  3  
   358  3  
   358  3  
   380  2  
   380  2  
   386  2  
   386  2  
   408  3  
   408  3  
   409  3  
   409  3  
   423  2  
   423  2  
   425  2  
   425  2  
   468  2  
   468  2  
   475  2  
   475  2  
   477  3  
   477  3  
   478  3  
   478  3  
   518  2  
   518  2  
   524  2  
   524  2  
   536  3  
   536  3  
   537  3  
   537  3  
   543  1  
   543  1  
   544  1  
   544  1  
   546  1  
   546  1  
   549  1  
   549  1  
   555  1  
   555  1  
   563  1  
   563  1  
   565  1  
   565  1  
   571  2  
   571  2  
   574  2  
   574  2  
   577  1  
   577  1  
   580  1  
   580  1  
   595  1  
   595  1  
   604  1  
   604  1  
   605  3  
   605  3  
   606  3  
   606  3  
   621  1  
   621  1  
   623  2  
   623  2  
   627  1  
   627  1  
   630  2  
   630  2  
   646  1  
   646  1  
   657  1  
   657  1  
   674  3  
   674  3  
   675  3  
   675  3  
   678  1  
   678  1  
   682  2  
   682  2  
   689  2  
   689  2  
   691  1  
   691  1  
   715  1  
   715  1  
   726  1  
   726  1  
   745  2  
   745  2  
   748  2  
   748  2  
   749  3  
   749  3  
   750  3  
   750  3  
   757  1  
   757  1  
   766  1  
   766  1  
   797  1  
   797  1  
   812  2  
   812  2  
   815  2  
   815  2  
   817  1  
   817  1  
   828  3  
   828  3  
   829  3  
   829  3  
   853  1  
   853  1  
   866  1  
   866  1  
   877  2  
   877  2  
   882  2  
   882  2  
   898  1  
   898  1  
   910  3  
   910  3  
   911  3  
   911  3  
   923  1  
   923  1  
   945  2  
   945  2  
   950  2  
   950  2  
   956  1  
   956  1  
   978  1  
   978  1  
   992  3  
   992  3  
   993  3  
   993  3  
   1014  2  
   1014  2  
   1019  1  
   1019  1  
   1021  2  
   1021  2  
   1037  1  
   1037  1  
   1078  3  
   1078  3  
   1079  3  
   1079  3  
   1081  1  
   1081  1  
   1085  2  
   1085  2  
   1091  2  
   1091  2  
   1102  1  
   1102  1  
   1145  1  
   1145  1  
   1154  2  
   1154  2  
   1158  3  
   1158  3  
   1159  3  
   1159  3  
   1160  2  
   1160  2  
   1163  1  
   1163  1  
   1215  1  
   1215  1  
   1227  2  
   1227  2  
   1231  1  
   1231  1  
   1232  2  
   1232  2  
   1247  3  
   1247  3  
   1248  3  
   1248  3  
   1287  1  
   1287  1  
   1301  2  
   1301  2  
   1303  1  
   1303  1  
   1307  2  
   1307  2  
   1339  3  
   1339  3  
   1340  3  
   1340  3  
   1357  1  
   1357  1  
   1378  2  
   1378  2  
   1379  1  
   1379  1  
   1388  2  
   1388  2  
   1429  3  
   1429  3  
   1430  3  
   1430  3  
   1434  1  
   1434  1  
   1464  1  
   1464  1  
   1466  2  
   1466  2  
   1475  2  
   1475  2  
   1514  1  
   1514  1  
   1526  3  
   1526  3  
   1527  3  
   1527  3  
   1548  1  
   1548  1  
   1550  2  
   1550  2  
   1558  2  
   1558  2  
   1598  1  
   1598  1  
   1627  3  
   1627  3  
   1628  3  
   1628  3  
   1634  1  
   1634  1  
   1635  2  
   1635  2  
   1642  2  
   1642  2  
   1688  1  
   1688  1  
   1715  1  
   1715  1  
   1716  2  
   1716  2  
   1721  2  
   1721  2  
   1729  3  
   1729  3  
   1730  3  
   1730  3  
   1776  1  
   1776  1  
   1800  2  
   1800  2  
   1802  1  
   1802  1  
   1805  2  
   1805  2  
   1827  3  
   1827  3  
   1828  3  
   1828  3  
   1862  1  
   1862  1  
   1889  2  
   1889  2  
   1892  1  
   1892  1  
   1896  2  
   1896  2  
   1930  3  
   1930  3  
   1931  3  
   1931  3  
   1950  1  
   1950  1  
   1976  2  
   1976  2  
   1982  1  
   1982  1  
   1983  2  
   1983  2  
   2034  3  
   2034  3  
   2035  3  
   2035  3  
   2049  1  
   2049  1  
   2076  2  
   2076  2  
   2081  2  
   2081  2  
   2086  1  
   2086  1  
   2164  5  
   2164  5  
   2169  5  
   2171  5  
   2175  5  
   2179  5  
   2184  5  
   2189  5  
   2194  5  
   2201  5  
   2204  5  
   2213  5  
   2215  5  
   2225  5  
   2226  5  
   2234  5  
   2236  5  
   2245  5  
   2250  5  
   2256  5  
   2263  5  
   2271  5  
   2275  5  
   2280  5  
   2288  5  
   2290  5  
   2301  5  
   2303  5  
   2307  3  
   2307  3  
   2308  3  
   2308  3  
   2309  1  
   2309  1  
   2317  5  
   2318  5  
   2327  5  
   2329  5  
   2339  5  
   2344  5  
   2352  5  
   2355  5  
   2361  5  
   2370  5  
   2374  5  
   2384  5  
   2386  5  
   2397  5  
   2400  5  
   2414  5  
   2415  5  
   2426  5  
   2430  5  
   2437  5  
   2440  2  
   2440  2  
   2442  5  
   2451  5  
   2454  5  
   2459  5  
   2467  5  
   2470  5  
   2482  5  
   2484  5  
   2491  5  
   2492  5  
   2496  2  
   2496  2  
   2504  5  
   2506  5  
   2513  5  
   2518  5  
   2526  5  
   2531  5  
   2537  5  
   2544  5  
   2546  1  
   2546  1  
   2547  5  
   2557  5  
   2561  5  
   2572  5  
   2574  5  
   2583  5  
   2584  5  
   2598  5  
   2600  5  
   2607  5  
   2607  5  
   2614  5  
   2621  5  
   2624  5  
   2631  5  
   2635  5  
   2646  5  
   2650  5  
   2656  5  
   2661  5  
   2668  5  
   2674  5  
   2682  5  
   2688  5  
   2695  5  
   2701  5  
   2708  5  
   2714  5  
   2718  5  
   2723  5  
   2730  5  
   2736  5  
   2742  5  
   2746  5  
   2752  5  
   2760  5  
   2769  5  
   2776  5  
   2780  5  
   2790  5  
   2793  5  
   2801  5  
   2805  5  
   2818  5  
   2822  5  
   2832  5  
   2837  5  
   2845  5  
   2848  5  
   2857  5  
   2862  5  
   2870  5  
   2874  5  
   2881  5  
   2884  5  
   2896  5  
   2900  5  
   2910  5  
   2912  5  
   2922  5  
   2923  5  
   2939  5  
   2940  5  
   2955  5  
   2956  5  
   2970  5  
   2971  5  
   2979  5  
   2981  5  
   2996  5  
   2997  5  
   3000  1  
   3000  1  
   3011  5  
   3012  5  
   3021  5  
   3023  5  
   3037  5  
   3038  5  
   3051  5  
   3052  5  
   3059  5  
   3062  5  
   3073  5  
   3076  5  
   3081  3  
   3081  3  
   3082  3  
   3082  3  
   3089  5  
   3092  5  
   3097  2  
   3097  2  
   3104  5  
   3109  5  
   3121  5  
   3125  5  
   3131  5  
   3134  5  
   3143  5  
   3146  5  
   3155  5  
   3158  2  
   3158  2  
   3160  5  
   3168  5  
   3174  5  
   3182  5  
   3187  5  
   3193  5  
   3197  5  
   3204  5  
   3210  5  
   3216  5  
   3220  5  
   3229  5  
   3233  1  
   3233  1  
   3236  5  
   3242  5  
   3246  5  
   3252  5  
   3259  5  
   3266  5  
   3273  5  
   3279  5  
   3289  5  
   3296  5  
   3305  5  
   3311  5  
   3317  5  
   3322  5  
   3327  5  
   3334  5  
   3341  5  
   3349  5  
   3361  5  
   3363  5  
   3372  5  
   3374  5  
   3381  5  
   3386  5  
   3395  5  
   3397  5  
   3405  5  
   3410  5  
   3419  5  
   3423  5  
   3435  5  
   3437  5  
   3447  5  
   3452  5  
   3464  5  
   3466  5  
   3474  5  
   3477  5  
   3490  5  
   3492  5  
   3501  5  
   3503  5  
   3519  5  
   3521  5  
   3533  5  
   3535  5  
   3547  5  
   3549  5  
   3559  5  
   3560  5  
   3570  5  
   3571  5  
   3581  5  
   3583  5  
   3598  5  
   3599  5  
   3611  5  
   3612  5  
   3625  5  
   3627  5  
   3637  5  
   3638  5  
   3649  5  
   3651  5  
   3664  5  
   3666  5  
   3676  5  
   3679  5  
   3680  1  
   3680  1  
   3689  5  
   3693  5  
   3700  5  
   3703  5  
   3716  5  
   3719  5  
   3729  5  
   3730  5  
   3741  5  
   3745  2  
   3745  2  
   3746  5  
   3754  5  
   3758  5  
   3766  5  
   3772  5  
   3779  5  
   3786  5  
   3794  5  
   3800  5  
   3804  2  
   3804  2  
   3807  5  
   3812  5  
   3822  5  
   3827  5  
   3834  5  
   3840  5  
   3842  3  
   3842  3  
   3843  3  
   3843  3  
   3848  5  
   3853  5  
   3860  5  
   3866  5  
   3873  5  
   3878  5  
   3885  5  
   3893  5  
   3900  5  
   3907  5  
   3911  1  
   3911  1  
   3912  5  
   3919  5  
   3924  5  
   3931  5  
   3936  5  
   3943  5  
   3949  5  
   3960  5  
   3968  5  
   3977  5  
   3979  5  
   3991  5  
   3993  5  
   3999  5  
   4003  5  
   4014  5  
   4016  5  
   4027  5  
   4029  5  
   4039  5  
   4044  5  
   4050  5  
   4053  5  
   4065  5  
   4066  5  
   4073  5  
   4076  5  
   4087  5  
   4089  5  
   4100  5  
   4103  5  
   4114  5  
   4116  5  
   4132  5  
   4134  5  
   4144  5  
   4145  5  
   4157  5  
   4158  5  
   4171  5  
   4172  5  
   4182  5  
   4183  5  
   4195  5  
   4197  5  
   4210  5  
   4211  5  
   4222  5  
   4224  5  
   4235  5  
   4238  5  
   4249  5  
   4251  5  
   4262  5  
   4264  5  
   4275  5  
   4279  5  
   4292  5  
   4294  5  
   4302  5  
   4304  5  
   4318  5  
   4321  5  
   4330  5  
   4333  5  
   4344  5  
   4347  1  
   4347  1  
   4348  5  
   4356  5  
   4360  5  
   4376  5  
   4379  5  
   4384  2  
   4384  2  
   4385  5  
   4390  5  
   4401  5  
   4406  5  
   4413  5  
   4417  5  
   4423  5  
   4429  5  
   4437  5  
   4438  2  
   4438  2  
   4444  5  
   4449  5  
   4456  5  
   4463  5  
   4467  5  
   4473  5  
   4480  5  
   4488  5  
   4493  5  
   4499  5  
   4505  5  
   4511  5  
   4519  5  
   4523  5  
   4528  5  
   4535  5  
   4542  5  
   4548  5  
   4554  5  
   4560  5  
   4565  1  
   4565  1  
   4567  5  
   4572  5  
   4574  3  
   4574  3  
   4575  3  
   4575  3  
   4580  5  
   4585  5  
   4593  5  
   4596  5  
   4609  5  
   4612  5  
   4623  5  
   4627  5  
   4636  5  
   4642  5  
   4652  5  
   4655  5  
   4664  5  
   4666  5  
   4678  5  
   4683  5  
   4692  5  
   4693  5  
   4707  5  
   4710  5  
   4721  5  
   4723  5  
   4738  5  
   4739  5  
   4754  5  
   4755  5  
   4767  5  
   4768  5  
   4779  5  
   4780  5  
   4791  5  
   4792  5  
   4801  5  
   4802  5  
   4811  5  
   4811  5  
   4812  5  
   4821  5  
   4824  5  
   4833  5  
   4837  5  
   4843  5  
   4851  5  
   4853  5  
   4861  5  
   4864  5  
   4871  5  
   4878  5  
   4884  5  
   4892  5  
   4895  5  
   4907  5  
   4908  5  
   4925  5  
   4930  5  
   4932  4  
   4932  4  
   4936  5  
   4941  4  
   4942  5  
   4946  4  
   4950  5  
   4959  4  
   4966  5  
   4967  5  
   4971  4  
   4973  4  
   4980  5  
   4984  5  
   4988  4  
   4989  4  
   4997  5  
   5003  4  
   5004  5  
   5008  4  
   5012  5  
   5022  4  
   5028  5  
   5032  5  
   5034  4  
   5041  4  
   5051  5  
   5053  5  
   5058  1  
   5058  1  
   5060  4  
   5061  4  
   5068  2  
   5068  2  
   5071  5  
   5076  5  
   5077  4  
   5083  4  
   5085  5  
   5095  4  
   5101  5  
   5109  5  
   5110  4  
   5119  4  
   5123  5  
   5124  5  
   5133  4  
   5134  4  
   5143  5  
   5147  5  
   5151  4  
   5155  4  
   5159  5  
   5163  2  
   5163  2  
   5169  4  
   5170  5  
   5179  5  
   5180  4  
   5184  4  
   5195  5  
   5197  5  
   5202  4  
   5204  4  
   5215  5  
   5217  5  
   5222  4  
   5226  4  
   5234  5  
   5239  4  
   5241  5  
   5248  4  
   5249  5  
   5257  4  
   5261  5  
   5267  5  
   5274  4  
   5275  4  
   5283  5  
   5284  5  
   5293  4  
   5299  4  
   5305  5  
   5309  5  
   5311  4  
   5320  4  
   5323  5  
   5332  4  
   5336  5  
   5344  5  
   5346  4  
   5347  4  
   5358  5  
   5360  5  
   5367  4  
   5370  4  
   5376  5  
   5379  5  
   5382  4  
   5388  4  
   5389  5  
   5395  4  
   5397  5  
   5405  5  
   5407  4  
   5411  4  
   5418  5  
   5421  5  
   5427  4  
   5428  4  
   5434  5  
   5434  5  
   5437  1  
   5437  1  
   5441  4  
   5448  4  
   5457  4  
   5465  4  
   5471  4  
   5482  4  
   5484  4  
   5492  4  
   5496  4  
   5503  4  
   5508  4  
   5512  4  
   5525  4  
   5527  4  
   5534  4  
   5539  4  
   5541  3  
   5541  3  
   5542  3  
   5542  3  
   5546  4  
   5553  4  
   5558  4  
   5558  4  
   5565  4  
   5567  4  
   5578  4  
   5583  4  
   5591  4  
   5593  4  
   5603  4  
   5605  4  
   5620  4  
   5624  4  
   5633  4  
   5637  4  
   5645  4  
   5646  4  
   5657  4  
   5660  4  
   5671  4  
   5672  4  
   5684  4  
   5685  4  
   5695  4  
   5696  4  
   5707  4  
   5708  4  
   5720  4  
   5721  4  
   5732  4  
   5733  4  
   5747  4  
   5748  4  
   5760  4  
   5762  4  
   5769  4  
   5770  4  
   5784  4  
   5785  4  
   5797  4  
   5798  4  
   5809  4  
   5811  4  
   5819  4  
   5821  4  
   5831  4  
   5834  4  
   5835  2  
   5835  2  
   5850  4  
   5852  4  
   5863  4  
   5864  1  
   5864  1  
   5866  4  
   5878  4  
   5881  4  
   5889  4  
   5893  4  
   5895  2  
   5895  2  
   5906  4  
   5909  4  
   5918  4  
   5924  4  
   5932  4  
   5934  4  
   5940  4  
   5945  4  
   5954  4  
   5960  4  
   5966  4  
   5973  4  
   5978  4  
   5983  4  
   5994  4  
   5997  4  
   6006  4  
   6013  4  
   6023  4  
   6029  4  
   6035  4  
   6041  4  
   6050  4  
   6054  4  
   6060  4  
   6063  4  
   6072  4  
   6078  4  
   6080  1  
   6080  1  
   6086  4  
   6093  4  
   6099  4  
   6108  4  
   6115  4  
   6120  4  
   6125  4  
   6134  4  
   6140  4  
   6147  4  
   6153  4  
   6165  4  
   6174  4  
   6180  4  
   6186  4  
   6197  4  
   6203  4  
   6208  4  
   6211  4  
   6221  4  
   6227  4  
   6236  4  
   6241  4  
   6249  4  
   6253  4  
   6256  3  
   6256  3  
   6257  3  
   6257  3  
   6261  4  
   6264  4  
   6279  4  
   6284  4  
   6289  4  
   6293  4  
   6298  4  
   6301  4  
   6307  4  
   6312  4  
   6319  4  
   6322  4  
   6335  4  
   6338  4  
   6346  4  
   6349  4  
   6358  4  
   6359  4  
   6374  4  
   6375  4  
   6385  4  
   6387  4  
   6402  4  
   6403  4  
   6414  4  
   6415  4  
   6426  4  
   6429  4  
   6443  4  
   6444  4  
   6446  2  
   6446  2  
   6455  4  
   6456  4  
   6468  4  
   6469  4  
   6482  4  
   6483  4  
   6494  1  
   6494  1  
   6496  4  
   6497  4  
   6498  2  
   6498  2  
   6509  4  
   6511  4  
   6523  4  
   6526  4  
   6541  4  
   6543  4  
   6552  4  
   6554  4  
   6564  4  
   6566  4  
   6580  4  
   6582  4  
   6595  4  
   6599  4  
   6607  4  
   6610  4  
   6619  4  
   6622  4  
   6630  4  
   6632  4  
   6642  4  
   6644  4  
   6652  4  
   6657  4  
   6669  4  
   6672  4  
   6681  4  
   6685  4  
   6691  4  
   6696  4  
   6706  4  
   6709  1  
   6709  1  
   6712  4  
   6720  4  
   6725  4  
   6728  4  
   6733  4  
   6743  4  
   6748  4  
   6756  4  
   6760  4  
   6771  4  
   6776  4  
   6784  4  
   6787  4  
   6792  4  
   6799  4  
   6806  4  
   6815  4  
   6819  4  
   6826  4  
   6835  4  
   6843  4  
   6847  4  
   6852  4  
   6857  4  
   6869  4  
   6875  4  
   6882  4  
   6890  4  
   6897  4  
   6902  4  
   6908  4  
   6914  4  
   6921  4  
   6925  4  
   6932  4  
   6939  4  
   6947  4  
   6950  3  
   6950  3  
   6951  3  
   6951  3  
   6953  4  
   6961  4  
   6968  4  
   6975  4  
   6982  4  
   6989  4  
   6996  4  
   7004  4  
   7008  4  
   7015  4  
   7023  4  
   7032  4  
   7035  4  
   7037  2  
   7037  2  
   7045  4  
   7052  4  
   7060  4  
   7063  4  
   7069  4  
   7074  4  
   7083  4  
   7089  4  
   7090  2  
   7090  2  
   7100  4  
   7101  4  
   7112  1  
   7112  1  
   7115  4  
   7118  4  
   7126  4  
   7127  4  
   7139  4  
   7142  4  
   7155  4  
   7159  4  
   7167  4  
   7169  4  
   7181  4  
   7184  4  
   7193  4  
   7195  4  
   7207  4  
   7209  4  
   7220  4  
   7223  4  
   7236  4  
   7237  4  
   7249  4  
   7250  4  
   7262  4  
   7263  4  
   7275  4  
   7276  4  
   7287  4  
   7288  4  
   7300  4  
   7301  4  
   7315  4  
   7316  4  
   7322  1  
   7322  1  
   7325  4  
   7326  4  
   7339  4  
   7341  4  
   7354  4  
   7355  4  
   7364  4  
   7366  4  
   7380  4  
   7381  4  
   7394  4  
   7395  4  
   7406  4  
   7409  4  
   7417  4  
   7419  4  
   7430  4  
   7432  4  
   7444  4  
   7446  4  
   7455  4  
   7458  4  
   7469  4  
   7475  4  
   7484  4  
   7488  4  
   7496  4  
   7500  4  
   7510  4  
   7514  4  
   7523  4  
   7528  4  
   7539  4  
   7542  4  
   7550  4  
   7556  4  
   7563  4  
   7569  4  
   7575  4  
   7583  4  
   7590  4  
   7596  4  
   7602  4  
   7607  4  
   7614  4  
   7620  2  
   7620  2  
   7621  4  
   7628  4  
   7631  4  
   7639  4  
   7640  3  
   7640  3  
   7641  3  
   7641  3  
   7650  4  
   7657  4  
   7664  4  
   7670  4  
   7673  2  
   7673  2  
   7677  4  
   7684  4  
   7688  4  
   7695  4  
   7701  4  
   7708  4  
   7717  4  
   7718  1  
   7718  1  
   7723  4  
   7729  4  
   7738  4  
   7743  4  
   7750  4  
   7756  4  
   7762  4  
   7771  4  
   7777  4  
   7783  4  
   7791  4  
   7800  4  
   7803  4  
   7811  4  
   7819  4  
   7828  4  
   7828  4  
   7833  4  
   7836  4  
   7847  4  
   7848  4  
   7859  4  
   7864  4  
   7870  4  
   7875  4  
   7878  4  
   7889  4  
   7896  4  
   7899  4  
   7905  4  
   7907  4  
   7919  4  
   7922  4  
   7926  4  
   7935  4  
   7937  4  
   7938  1  
   7938  1  
   7949  4  
   7953  4  
   7960  4  
   7967  4  
   7971  4  
   7979  4  
   7980  4  
   7990  4  
   7998  4  
   8002  4  
   8010  4  
   8012  4  
   8021  4  
   8025  4  
   8031  4  
   8038  4  
   8040  4  
   8048  4  
   8052  4  
   8060  4  
   8071  4  
   8072  4  
   8075  4  
   8080  4  
   8086  4  
   8093  4  
   8096  4  
   8106  4  
   8109  4  
   8113  4  
   8123  4  
   8124  4  
   8135  4  
   8138  4  
   8144  4  
   8151  4  
   8154  4  
   8170  4  
   8172  4  
   8175  4  
   8181  4  
   8186  4  
   8190  4  
   8192  4  
   8199  4  
   8202  4  
   8206  4  
   8211  4  
   8211  4  
   8218  2  
   8218  2  
   8241  2  
   8241  2  
   8262  1  
   8262  1  
   8267  3  
   8267  3  
   8268  3  
   8268  3  
   8308  1  
   8308  1  
   8345  2  
   8345  2  
   8356  2  
   8356  2  
   8374  1  
   8374  1  
   8396  3  
   8396  3  
   8397  3  
   8397  3  
   8411  1  
   8411  1  
   8443  2  
   8443  2  
   8447  2  
   8447  2  
   8470  1  
   8470  1  
   8499  1  
   8499  1  
   8500  3  
   8500  3  
   8501  3  
   8501  3  
   8535  2  
   8535  2  
   8544  2  
   8544  2  
   8561  1  
   8561  1  
   8588  1  
   8588  1  
   8603  3  
   8603  3  
   8604  3  
   8604  3  
   8621  2  
   8621  2  
   8629  2  
   8629  2  
   8654  1  
   8654  1  
   8678  1  
   8678  1  
   8707  2  
   8707  2  
   8708  3  
   8708  3  
   8709  3  
   8709  3  
   8717  2  
   8717  2  
   8739  1  
   8739  1  
   8766  1  
   8766  1  
   8798  2  
   8798  2  
   8807  2  
   8807  2  
   8819  3  
   8819  3  
   8820  3  
   8820  3  
   8826  1  
   8826  1  
   8853  1  
   8853  1  
   8881  2  
   8881  2  
   8888  2  
   8888  2  
   8906  1  
   8906  1  
   8920  3  
   8920  3  
   8921  3  
   8921  3  
   8936  1  
   8936  1  
   8967  2  
   8967  2  
   8974  2  
   8974  2  
   8984  1  
   8984  1  
   9014  1  
   9014  1  
   9022  3  
   9022  3  
   9023  3  
   9023  3  
   9051  2  
   9051  2  
   9060  2  
   9060  2  
   9066  1  
   9066  1  
   9092  1  
   9092  1  
   9122  3  
   9122  3  
   9123  3  
   9123  3  
   9134  2  
   9134  2  
   9138  2  
   9138  2  
   9141  1  
   9141  1  
   9172  1  
   9172  1  
   9212  2  
   9212  2  
   9219  1  
   9219  1  
   9221  2  
   9221  2  
   9224  3  
   9224  3  
   9225  3  
   9225  3  
   9245  1  
   9245  1  
   9291  2  
   9291  2  
   9293  1  
   9293  1  
   9298  2  
   9298  2  
   9319  1  
   9319  1  
   9325  3  
   9325  3  
   9326  3  
   9326  3  
   9366  1  
   9366  1  
   9372  2  
   9372  2  
   9374  2  
   9374  2  
   9387  1  
   9387  1  
   9418  3  
   9418  3  
   9419  3  
   9419  3  
   9433  1  
   9433  1  
   9446  2  
   9446  2  
   9452  2  
   9452  2  
   9456  1  
   9456  1  
   9499  1  
   9499  1  
   9516  3  
   9516  3  
   9517  3  
   9517  3  
   9520  1  
   9520  1  
   9522  2  
   9522  2  
   9530  2  
   9530  2  
   9562  1  
   9562  1  
   9583  1  
   9583  1  
   9600  2  
   9600  2  
   9604  2  
   9604  2  
   9607  3  
   9607  3  
   9608  3  
   9608  3  
   9625  1  
   9625  1  
   9643  1  
   9643  1  
   9676  2  
   9676  2  
   9677  2  
   9677  2  
   9682  1  
   9682  1  
   9697  3  
   9697  3  
   9698  3  
   9698  3  
   9701  1  
   9701  1  
   9737  1  
   9737  1  
   9738  2  
   9738  2  
   9748  2  
   9748  2  
   9758  1  
   9758  1  
   9788  3  
   9788  3  
   9789  3  
   9789  3  
   9794  1  
   9794  1  
   9808  2  
   9808  2  
   9809  1  
   9809  1  
   9814  2  
   9814  2  
   9843  1  
   9843  1  
   9862  1  
   9862  1  
   9873  2  
   9873  2  
   9874  3  
   9874  3  
   9875  3  
   9875  3  
   9881  2  
   9881  2  
   9889  1  
   9889  1  
   9908  1  
   9908  1  
   9942  1  
   9942  1  
   9944  2  
   9944  2  
   9953  2  
   9953  2  
   9956  1  
   9956  1  
   9961  3  
   9961  3  
   9962  3  
   9962  3  
   9982  1  
   9982  1  
   9998  1  
   9998  1  
   10007  2  
   10007  2  
   10015  2  
   10015  2  
   10022  1  
   10022  1  
   10037  1  
   10037  1  
   10051  3  
   10051  3  
   10052  3  
   10052  3  
   10064  1  
   10064  1  
   10072  2  
   10072  2  
   10073  1  
   10073  1  
   10076  2  
   10076  2  
   10098  1  
   10098  1  
   10112  1  
   10112  1  
   10130  1  
   10130  1  
   10134  3  
   10134  3  
   10135  3  
   10135  3  
   10136  2  
   10136  2  
   10139  2  
   10139  2  
   10141  1  
   10141  1  
   10161  1  
   10161  1  
   10173  1  
   10173  1  
   10191  1  
   10191  1  
   10195  2  
   10195  2  
   10201  2  
   10201  2  
   10202  1  
   10202  1  
   10212  3  
   10212  3  
   10213  3  
   10213  3  
   10217  1  
   10217  1  
   10224  1  
   10224  1  
   10232  1  
   10232  1  
   10242  1  
   10242  1  
   10249  2  
   10249  2  
   10253  2  
   10253  2  
   10256  1  
   10256  1  
   10261  1  
   10261  1  
   10273  1  
   10273  1  
   10275  1  
   10275  1  
   10282  1  
   10282  1  
   10285  3  
   10285  3  
   10286  3  
   10286  3  
   10291  1  
   10291  1  
   10297  1  
   10297  1  
   10300  2  
   10300  2  
   10302  1  
   10302  1  
   10306  2  
   10306  2  
   10308  1  
   10308  1  
   10313  1  
   10313  1  
   10317  1  
   10317  1  
   10320  1  
   10320  1  
   10323  1  
   10323  1  
   10326  1  
   10326  1  
   10329  1  
   10329  1  
   10330  1  
   10330  1  
   10355  2  
   10355  2  
   10361  2  
   10361  2  
   10363  3  
   10363  3  
   10364  3  
   10364  3  
   10405  2  
   10405  2  
   10414  2  
   10414  2  
   10437  3  
   10437  3  
   10438  3  
   10438  3  
   10456  2  
   10456  2  
   10466  2  
   10466  2  
   10503  2  
   10503  2  
   10505  3  
   10505  3  
   10506  3  
   10506  3  
   10512  2  
   10512  2  
   10555  2  
   10555  2  
   10560  2  
   10560  2  
   10581  3  
   10581  3  
   10582  3  
   10582  3  
   10598  2  
   10598  2  
   10602  2  
   10602  2  
   10647  2  
   10647  2  
   10648  3  
   10648  3  
   10649  3  
   10649  3  
   10656  2  
   10656  2  
   10687  2  
   10687  2  
   10693  2  
   10693  2  
   10712  3  
   10712  3  
   10713  3  
   10713  3  
   10728  2  
   10728  2  
   10732  2  
   10732  2  
   10766  2  
   10766  2  
   10770  2  
   10770  2  
   10774  3  
   10774  3  
   10775  3  
   10775  3  
   10802  2  
   10802  2  
   10803  2  
   10803  2  
   10831  3  
   10831  3  
   10832  3  
   10832  3  
   10838  2  
   10838  2  
   10844  2  
   10844  2  
   10867  2  
   10867  2  
   10868  2  
   10868  2  
   10883  3  
   10883  3  
   10884  3  
   10884  3  
   10899  2  
   10899  2  
   10903  2  
   10903  2  
   10931  2  
   10931  2  
   10934  2  
   10934  2  
   10940  3  
   10940  3  
   10941  3  
   10941  3  
   10960  2  
   10960  2  
   10962  2  
   10962  2  
   10979  2  
   10979  2  
   10982  2  
   10982  2  
   10991  3  
   10991  3  
   10992  3  
   10992  3  
   11009  2  
   11009  2  
   11017  2  
   11017  2  
   11033  2  
   11033  2  
   11037  2  
   11037  2  
   11038  3  
   11038  3  
   11039  3  
   11039  3  
   11055  2  
   11055  2  
   11058  2  
   11058  2  
   11082  2  
   11082  2  
   11086  2  
   11086  2  
   11089  3  
   11089  3  
   11090  3  
   11090  3  
   11102  2  
   11102  2  
   11104  2  
   11104  2  
   11118  2  
   11118  2  
   11121  2  
   11121  2  
   11136  3  
   11136  3  
   11137  3  
   11137  3  
   11141  2  
   11141  2  
   11143  2  
   11143  2  
   11154  2  
   11154  2  
   11155  2  
   11155  2  
   11169  2  
   11169  2  
   11173  2  
   11173  2  
   11177  3  
   11177  3  
   11178  3  
   11178  3  
   11189  2  
   11189  2  
   11191  2  
   11191  2  
   11197  2  
   11197  2  
   11198  2  
   11198  2  
   11207  2  
   11207  2  
   11208  2  
   11208  2  
   11212  3  
   11212  3  
   11213  3  
   11213  3  
   11217  2  
   11217  2  
   11218  2  
   11218  2  
   11230  2  
   11230  2  
   11231  2  
   11231  2  
   11235  2  
   11235  2  
   11237  2  
   11237  2  
   11239  2  
   11239  2  
   11240  2  
   11240  2  
   11243  3  
   11243  3  
   11244  3  
   11244  3  
   11246  2  
   11246  2  
   11247  2  
   11247  2  
   11251  2  
   11251  2  
   11252  2  
   11252  2  
   11254  2  
   11254  2  
   11255  2  
   11255  2  
   11259  2  
   11259  2  
   11260  2  
   11260  2  
   11262  2  
   11262  2  
   11263  2  
   11263  2  
   11265  2  
   11265  2  
   11266  2  
   11266  2  
   11268  2  
   11268  2  
   11269  2  
   11269  2  
   11270  2  
   11270  2  
   11271  2  
   11271  2  
   11274  3  
   11274  3  
   11275  3  
   11275  3  
   11292  3  
   11292  3  
   11293  3  
   11293  3  
   11313  3  
   11313  3  
   11314  3  
   11314  3  
   11321  3  
   11321  3  
   11322  3  
   11322  3  
   11333  3  
   11333  3  
   11334  3  
   11334  3  
   11346  3  
   11346  3  
   11347  3  
   11347  3  
   11354  3  
   11354  3  
   11355  3  
   11355  3  
   11360  3  
   11360  3  
   11361  3  
   11361  3  
   11368  3  
   11368  3  
   11369  3  
   11369  3  
   11379  3  
   11379  3  
   11380  3  
   11380  3  
   11384  3  
   11384  3  
   11385  3  
   11385  3  
   11390  3  
   11390  3  
   11391  3  
   11391  3  
   11399  3  
   11399  3  
   11400  3  
   11400  3  
   11403  3  
   11403  3  
   11404  3  
   11404  3  
   11409  3  
   11409  3  
   11410  3  
   11410  3  
   11415  3  
   11415  3  
   11416  3  
   11416  3  
   11423  3  
   11423  3  
   11424  3  
   11424  3  
   11429  3  
   11429  3  
   11430  3  
   11430  3  
   11435  3  
   11435  3  
   11436  3  
   11436  3  
   11442  3  
   11442  3  
   11443  3  
   11443  3  
   11454  3  
   11454  3  
   11455  3  
   11455  3  
   11457  3  
   11457  3  
   11458  3  
   11458  3  
   11462  3  
   11462  3  
   11463  3  
   11463  3  
   11468  3  
   11468  3  
   11469  3  
   11469  3  
   11471  3  
   11471  3  
   11472  3  
   11472  3  
   11478  3  
   11478  3  
   11479  3  
   11479  3  
   11485  3  
   11485  3  
   11486  3  
   11486  3  
   11494  3  
   11494  3  
   11495  3  
   11495  3  
   11500  3  
   11500  3  
   11501  3  
   11501  3  
   11502  3  
   11502  3  
   11503  3  
   11503  3  
   11504  3  
   11504  3  
   11505  3  
   11505  3  
   11506  3  
   11506  3  
   11507  3  
   11507  3  
   11508  3  
   11508  3  
   11509  3  
   11509  3  
   11510  3  
   11510  3  
   11511  3  
   11511  3  
   11512  3  
   11512  3  
   11513  3  
   11513  3  
   11514  3  
   11514  3  
   11515  3  
   11515  3  
   11516  3  
   11516  3  
   11517  3  
   11517  3  
   11518  3  
   11518  3  
   11519  3  
   11519  3  
   11520  3  
   11520  3  
   11521  3  
   11521  3  
   11522  3  
   11522  3  
   11523  3  
   11523  3  
   11524  3  
   11524  3  
  END_ON_NODES
