  ON_BOUNDARIES, UNKNOWN
 380  2  147 123  1  
 381  2  59 77  1  
 382  2  8597 8683  1  
 383  2  8596 8493  1  
 384  2  10 2  1  
 385  2  7581 7730  1  
 386  2  9056 9033  1  
 387  2  7580 7420  1  
 388  2  58 45  1  
 389  2  6969 7121  1  
 390  2  8910 8961  1  
 391  2  8142 8008  1  
 392  2  9 18  1  
 393  2  8145 8257  1  
 394  2  8909 8840  1  
 395  2  100 76  1  
 396  2  101 124  1  
 397  2  8776 8843  1  
 398  2  8382 8255  1  
 399  2  1 3  1  
 400  2  7876 8009  1  
 401  2  8998 8959  1  
 402  2  7268 7120  1  
 403  2  31 19  1  
 404  2  7269 7421  1  
 405  2  8999 9034  1  
 406  2  7873 7728  1  
 407  2  30 44  1  
 408  2  8383 8496  1  
 409  2  8773 8681  1  
 410  2  123 100  1  
 411  2  77 101  1  
 412  2  8683 8776  1  
 413  2  8493 8382  1  
 414  2  2 1  1  
 415  2  7730 7876  1  
 416  2  9033 8998  1  
 417  2  7420 7268  1  
 418  2  45 31  1  
 419  2  7121 7269  1  
 420  2  8961 8999  1  
 421  2  8008 7873  1  
 422  2  18 30  1  
 423  2  8257 8383  1  
 424  2  8840 8773  1  
 425  2  76 58  1  
 426  2  124 148  1  
 427  2  8843 8910  1  
 428  2  8255 8142  1  
 429  2  3 9  1  
 430  2  8009 8145  1  
 431  2  8959 8909  1  
 432  2  7120 6968  1  
 433  2  19 10  1  
 434  2  7421 7581  1  
 435  2  9034 9057  1  
 436  2  7728 7580  1  
 437  2  44 59  1  
 438  2  8496 8597  1  
 439  2  8681 8596  1  
 440  2  9057 9066  1  
 441  2  9066 9084  1  
 442  2  9065 9056  1  
 443  2  6968 6809  1  
 444  2  6809 6651  1  
 445  2  6651 6499  1  
 446  2  6344 6191  1  
 447  2  6191 6041  1  
 448  2  6499 6344  1  
 449  2  148 174  1  
 450  2  174 204  1  
 451  2  204 232  1  
 452  2  232 264  1  
 453  2  264 294  1  
 454  2  294 325  1  
 455  2  203 173  1  
 456  2  173 147  1  
 457  2  231 203  1  
 458  2  263 231  1  
 459  2  325 359  1  
 460  2  9117 9140  1  
 461  2  9140 9163  1  
 462  2  6810 6969  1  
 463  2  6041 5898  1  
 464  2  9626 9583  1  
 465  2  9583 9558  1  
 466  2  9558 9524  1  
 467  2  9524 9492  1  
 468  2  9492 9460  1  
 469  2  9460 9432  1  
 470  2  9432 9400  1  
 471  2  9400 9366  1  
 472  2  9366 9339  1  
 473  2  9339 9313  1  
 474  2  9313 9286  1  
 475  2  9286 9256  1  
 476  2  9256 9232  1  
 477  2  9232 9208  1  
 478  2  9208 9185  1  
 479  2  9185 9161  1  
 480  2  9161 9138  1  
 481  2  9138 9116  1  
 482  2  9116 9101  1  
 483  2  9101 9083  1  
 484  2  9690 9659  1  
 485  2  9761 9729  1  
 486  2  9729 9690  1  
 487  2  9801 9761  1  
 488  2  9832 9801  1  
 489  2  9871 9832  1  
 490  2  9906 9871  1  
 491  2  9937 9906  1  
 492  2  10013 9983  1  
 493  2  9983 9937  1  
 494  2  10056 10013  1  
 495  2  10084 10056  1  
 496  2  10230 10196  1  
 497  2  10299 10268  1  
 498  2  10268 10230  1  
 499  2  10196 10159  1  
 500  2  10159 10123  1  
 501  2  10506 10471  1  
 502  2  10471 10434  1  
 503  2  10434 10407  1  
 504  2  10540 10506  1  
 505  2  10407 10367  1  
 506  2  10367 10338  1  
 507  2  10338 10299  1  
 508  2  10635 10604  1  
 509  2  10604 10571  1  
 510  2  10665 10635  1  
 511  2  10571 10540  1  
 512  2  10700 10665  1  
 513  2  10728 10700  1  
 514  2  10757 10728  1  
 515  2  10817 10786  1  
 516  2  10844 10817  1  
 517  2  10867 10844  1  
 518  2  10948 10921  1  
 519  2  10921 10897  1  
 520  2  11065 11043  1  
 521  2  11085 11065  1  
 522  2  11106 11085  1  
 523  2  11125 11106  1  
 524  2  11176 11160  1  
 525  2  11160 11144  1  
 526  2  11206 11193  1  
 527  2  11193 11176  1  
 528  2  11230 11220  1  
 529  2  11220 11206  1  
 530  2  11239 11230  1  
 531  2  11245 11239  1  
 532  2  5324 5470  1  
 533  2  10275 10306  1  
 534  2  1896 1814  1  
 535  2  1814 1730  1  
 536  2  1730 1654  1  
 537  2  1654 1579  1  
 538  2  1579 1505  1  
 539  2  1505 1432  1  
 540  2  1432 1363  1  
 541  2  1363 1293  1  
 542  2  1293 1222  1  
 543  2  1222 1157  1  
 544  2  1157 1096  1  
 545  2  1096 1036  1  
 546  2  975 916  1  
 547  2  916 858  1  
 548  2  858 802  1  
 549  2  802 751  1  
 550  2  751 701  1  
 551  2  701 652  1  
 552  2  652 607  1  
 553  2  607 563  1  
 554  2  563 520  1  
 555  2  520 478  1  
 556  2  478 437  1  
 557  2  437 396  1  
 558  2  396 358  1  
 559  2  2333 2242  1  
 560  2  2430 2333  1  
 561  2  2524 2430  1  
 562  2  2718 2620  1  
 563  2  2620 2524  1  
 564  2  4401 4278  1  
 565  2  5322 5190  1  
 566  2  2242 2154  1  
 567  2  2154 2065  1  
 568  2  2065 1981  1  
 569  2  1981 1896  1  
 570  2  3677 3564  1  
 571  2  3798 3677  1  
 572  2  3564 3453  1  
 573  2  3453 3345  1  
 574  2  3915 3798  1  
 575  2  3345 3236  1  
 576  2  4033 3915  1  
 577  2  3236 3129  1  
 578  2  4154 4033  1  
 579  2  3129 3022  1  
 580  2  4278 4154  1  
 581  2  3022 2913  1  
 582  2  2913 2816  1  
 583  2  2816 2718  1  
 584  2  5190 5055  1  
 585  2  5055 4923  1  
 586  2  4923 4790  1  
 587  2  4790 4660  1  
 588  2  4660 4529  1  
 589  2  4529 4401  1  
 590  2  1815 1897  1  
 591  2  1897 1982  1  
 592  2  1982 2066  1  
 593  2  2066 2156  1  
 594  2  2156 2243  1  
 595  2  2243 2334  1  
 596  2  2334 2431  1  
 597  2  2431 2525  1  
 598  2  2525 2621  1  
 599  2  2621 2719  1  
 600  2  2719 2817  1  
 601  2  2817 2914  1  
 602  2  2914 3023  1  
 603  2  3023 3130  1  
 604  2  3130 3237  1  
 605  2  3565 3678  1  
 606  2  3678 3799  1  
 607  2  3799 3916  1  
 608  2  3916 4034  1  
 609  2  4034 4155  1  
 610  2  4155 4279  1  
 611  2  1294 1364  1  
 612  2  1224 1294  1  
 613  2  1037 1097  1  
 614  2  1097 1158  1  
 615  2  1506 1580  1  
 616  2  1364 1433  1  
 617  2  1433 1506  1  
 618  2  1580 1655  1  
 619  2  1655 1731  1  
 620  2  1731 1815  1  
 621  2  3237 3347  1  
 622  2  3347 3454  1  
 623  2  3454 3565  1  
 624  2  5469 5322  1  
 625  2  5611 5469  1  
 626  2  5752 5611  1  
 627  2  5898 5752  1  
 628  2  11247 11250  1  
 629  2  752 803  1  
 630  2  803 859  1  
 631  2  859 917  1  
 632  2  917 976  1  
 633  2  976 1037  1  
 634  2  702 752  1  
 635  2  653 702  1  
 636  2  608 653  1  
 637  2  564 608  1  
 638  2  10875 10901  1  
 639  2  11144 11125  1  
 640  2  397 438  1  
 641  2  6500 6652  1  
 642  2  4279 4402  1  
 643  2  4402 4530  1  
 644  2  5899 6042  1  
 645  2  11043 11019  1  
 646  2  11019 10996  1  
 647  2  10996 10970  1  
 648  2  10970 10948  1  
 649  2  9083 9065  1  
 650  2  1036 975  1  
 651  2  293 263  1  
 652  2  324 293  1  
 653  2  4791 4924  1  
 654  2  5612 5753  1  
 655  2  10123 10084  1  
 656  2  9836 9876  1  
 657  2  479 521  1  
 658  2  10897 10867  1  
 659  2  358 324  1  
 660  2  4530 4661  1  
 661  2  9659 9626  1  
 662  2  6192 6345  1  
 663  2  10786 10757  1  
 664  2  5056 5191  1  
 665  2  5470 5612  1  
 666  2  1158 1224  1  
 667  2  438 479  1  
 668  2  6652 6810  1  
 669  2  6042 6192  1  
 670  2  4924 5056  1  
 671  2  5753 5899  1  
 672  2  521 564  1  
 673  2  4661 4791  1  
 674  2  359 397  1  
 675  2  6345 6500  1  
 676  2  5191 5324  1  
 677  2  9986 10016  1  
 678  2  11002 11026  1  
 679  2  9434 9462  1  
 680  2  10545 10580  1  
 681  2  9210 9234  1  
 682  2  11166 11181  1  
 683  2  9696 9732  1  
 684  2  10791 10819  1  
 685  2  10819 10849  1  
 686  2  10130 10162  1  
 687  2  11090 11111  1  
 688  2  11111 11129  1  
 689  2  9561 9593  1  
 690  2  10674 10705  1  
 691  2  9316 9340  1  
 692  2  10414 10447  1  
 693  2  10901 10929  1  
 694  2  9084 9102  1  
 695  2  10061 10091  1  
 696  2  11046 11070  1  
 697  2  9497 9530  1  
 698  2  9530 9561  1  
 699  2  10607 10644  1  
 700  2  9259 9289  1  
 701  2  9234 9259  1  
 702  2  10344 10374  1  
 703  2  11197 11211  1  
 704  2  9766 9803  1  
 705  2  10849 10875  1  
 706  2  9163 9186  1  
 707  2  10200 10233  1  
 708  2  10162 10200  1  
 709  2  11129 11147  1  
 710  2  9629 9662  1  
 711  2  10735 10763  1  
 712  2  9368 9402  1  
 713  2  9340 9368  1  
 714  2  10479 10514  1  
 715  2  9913 9942  1  
 716  2  10954 10979  1  
 717  2  10016 10061  1  
 718  2  11026 11046  1  
 719  2  9462 9497  1  
 720  2  10580 10607  1  
 721  2  10306 10344  1  
 722  2  11181 11197  1  
 723  2  9732 9766  1  
 724  2  9593 9629  1  
 725  2  10705 10735  1  
 726  2  10447 10479  1  
 727  2  9876 9913  1  
 728  2  10929 10954  1  
 729  2  9102 9117  1  
 730  2  10091 10130  1  
 731  2  11070 11090  1  
 732  2  10644 10674  1  
 733  2  9289 9316  1  
 734  2  10374 10414  1  
 735  2  9803 9836  1  
 736  2  9186 9210  1  
 737  2  10233 10275  1  
 738  2  11147 11166  1  
 739  2  9662 9696  1  
 740  2  10763 10791  1  
 741  2  9402 9434  1  
 742  2  10514 10545  1  
 743  2  9942 9986  1  
 744  2  10979 11002  1  
 745  2  11211 11223  1  
 746  2  11223 11233  1  
 747  2  11256 11258  1  
 748  2  11254 11256  1  
 749  2  11241 11247  1  
 750  2  11253 11251  1  
 751  2  11233 11241  1  
 752  2  11257 11255  1  
 753  2  11252 11254  1  
 754  2  11249 11245  1  
 755  2  11258 11257  1  
 756  2  11250 11252  1  
 757  2  11251 11249  1  
 758  2  11255 11253  1  
  END_ON_BOUNDARIES
