  ON_NODES
   1  3  
   1  3  
   1  3  
   1  3  
   2  3  
   2  3  
   2  3  
   2  3  
   3  3  
   3  3  
   3  3  
   3  3  
   5  3  
   5  3  
   5  3  
   5  3  
   6  3  
   6  3  
   6  3  
   6  3  
   9  3  
   9  3  
   9  3  
   9  3  
   10  3  
   10  3  
   10  3  
   10  3  
   13  3  
   13  3  
   13  3  
   13  3  
   15  3  
   15  3  
   15  3  
   15  3  
   17  3  
   17  3  
   17  3  
   17  3  
   21  3  
   21  3  
   21  3  
   21  3  
   23  3  
   23  3  
   23  3  
   23  3  
   26  3  
   26  3  
   26  3  
   26  3  
   27  3  
   27  3  
   27  3  
   27  3  
   32  3  
   32  3  
   32  3  
   32  3  
   33  3  
   33  3  
   33  3  
   33  3  
   37  3  
   37  3  
   37  3  
   37  3  
   38  3  
   38  3  
   38  3  
   38  3  
   44  3  
   44  3  
   44  3  
   44  3  
   45  3  
   45  3  
   45  3  
   45  3  
   52  3  
   52  3  
   52  3  
   52  3  
   53  3  
   53  3  
   53  3  
   53  3  
   62  3  
   62  3  
   62  3  
   62  3  
   63  3  
   63  3  
   63  3  
   63  3  
   75  3  
   75  3  
   75  3  
   75  3  
   85  3  
   85  3  
   85  3  
   85  3  
   106  3  
   106  3  
   106  3  
   106  3  
   142  2  
   142  2  
   142  2  
   142  2  
   143  2  
   143  2  
   145  2  
   145  2  
   145  2  
   145  2  
   147  2  
   147  2  
   148  2  
   148  2  
   148  2  
   148  2  
   149  2  
   149  2  
   149  2  
   149  2  
   150  2  
   150  2  
   154  2  
   154  2  
   154  2  
   154  2  
   156  2  
   156  2  
   157  3  
   157  3  
   157  3  
   157  3  
   159  2  
   159  2  
   160  2  
   160  2  
   160  2  
   160  2  
   166  2  
   166  2  
   168  2  
   168  2  
   169  2  
   169  2  
   169  2  
   169  2  
   179  2  
   179  2  
   181  2  
   181  2  
   193  2  
   193  2  
   194  2  
   194  2  
   194  2  
   194  2  
   199  2  
   199  2  
   205  2  
   205  2  
   206  2  
   206  2  
   214  2  
   214  2  
   219  2  
   219  2  
   222  2  
   222  2  
   222  2  
   222  2  
   228  2  
   228  2  
   228  2  
   228  2  
   234  2  
   234  2  
   239  2  
   239  2  
   243  2  
   243  2  
   248  2  
   248  2  
   248  2  
   248  2  
   252  2  
   252  2  
   252  2  
   252  2  
   255  2  
   255  2  
   257  2  
   257  2  
   263  2  
   263  2  
   270  2  
   270  2  
   277  2  
   277  2  
   278  2  
   278  2  
   291  2  
   291  2  
   296  2  
   296  2  
   304  2  
   304  2  
   311  2  
   311  2  
   311  2  
   311  2  
   315  2  
   315  2  
   315  2  
   315  2  
   318  2  
   318  2  
   325  3  
   325  3  
   325  3  
   325  3  
   327  2  
   327  2  
   327  2  
   327  2  
   329  2  
   329  2  
   329  2  
   329  2  
   344  2  
   344  2  
   359  2  
   359  2  
   365  2  
   365  2  
   372  2  
   372  2  
   386  2  
   386  2  
   391  2  
   391  2  
   391  2  
   391  2  
   410  2  
   410  2  
   411  2  
   411  2  
   411  2  
   411  2  
   435  2  
   435  2  
   435  2  
   435  2  
   445  2  
   445  2  
   445  2  
   445  2  
   459  2  
   459  2  
   488  2  
   488  2  
   488  2  
   488  2  
   494  2  
   494  2  
   494  2  
   494  2  
   501  3  
   501  3  
   501  3  
   501  3  
   516  2  
   516  2  
   525  2  
   525  2  
   553  2  
   553  2  
   553  2  
   553  2  
   561  2  
   561  2  
   595  2  
   595  2  
   596  2  
   596  2  
   596  2  
   596  2  
   618  3  
   618  3  
   618  3  
   618  3  
   627  2  
   627  2  
   643  2  
   643  2  
   643  2  
   643  2  
   657  2  
   657  2  
   657  2  
   657  2  
   686  2  
   686  2  
   699  2  
   699  2  
   728  2  
   728  2  
   735  2  
   735  2  
   735  2  
   735  2  
   772  2  
   772  2  
   772  2  
   772  2  
   775  2  
   775  2  
   824  2  
   824  2  
   824  2  
   824  2  
   827  2  
   827  2  
   870  1  
   870  1  
   870  1  
   870  1  
   870  1  
   870  1  
   873  1  
   873  1  
   873  1  
   874  1  
   874  1  
   874  1  
   880  1  
   880  1  
   880  1  
   880  1  
   880  1  
   880  1  
   881  1  
   881  1  
   881  1  
   882  1  
   882  1  
   882  1  
   883  1  
   883  1  
   883  1  
   886  1  
   886  1  
   886  1  
   886  1  
   886  1  
   886  1  
   887  1  
   887  1  
   887  1  
   887  1  
   887  1  
   887  1  
   890  1  
   890  1  
   890  1  
   893  1  
   893  1  
   893  1  
   894  1  
   894  1  
   894  1  
   898  1  
   898  1  
   898  1  
   901  1  
   901  1  
   901  1  
   901  1  
   901  1  
   901  1  
   902  1  
   902  1  
   902  1  
   904  1  
   904  1  
   904  1  
   905  1  
   905  1  
   905  1  
   907  2  
   907  2  
   914  1  
   914  1  
   914  1  
   916  1  
   916  1  
   916  1  
   916  1  
   916  1  
   916  1  
   921  1  
   921  1  
   921  1  
   927  1  
   927  1  
   927  1  
   929  1  
   929  1  
   929  1  
   935  1  
   935  1  
   935  1  
   935  1  
   935  1  
   935  1  
   936  1  
   936  1  
   936  1  
   944  2  
   944  2  
   944  2  
   944  2  
   949  1  
   949  1  
   949  1  
   950  1  
   950  1  
   950  1  
   962  1  
   962  1  
   962  1  
   964  1  
   964  1  
   964  1  
   968  3  
   968  3  
   968  3  
   968  3  
   979  1  
   979  1  
   979  1  
   985  1  
   985  1  
   985  1  
   994  1  
   994  1  
   994  1  
   994  1  
   994  1  
   994  1  
   1004  1  
   1004  1  
   1004  1  
   1009  1  
   1009  1  
   1009  1  
   1021  1  
   1021  1  
   1021  1  
   1022  1  
   1022  1  
   1022  1  
   1031  2  
   1031  2  
   1031  2  
   1031  2  
   1042  1  
   1042  1  
   1042  1  
   1043  1  
   1043  1  
   1043  1  
   1051  1  
   1051  1  
   1051  1  
   1055  1  
   1055  1  
   1055  1  
   1055  1  
   1055  1  
   1055  1  
   1066  1  
   1066  1  
   1066  1  
   1072  2  
   1072  2  
   1079  1  
   1079  1  
   1079  1  
   1079  1  
   1079  1  
   1079  1  
   1080  1  
   1080  1  
   1080  1  
   1080  1  
   1080  1  
   1080  1  
   1085  1  
   1085  1  
   1085  1  
   1090  1  
   1090  1  
   1090  1  
   1090  1  
   1090  1  
   1090  1  
   1103  1  
   1103  1  
   1103  1  
   1118  1  
   1118  1  
   1118  1  
   1120  1  
   1120  1  
   1120  1  
   1138  1  
   1138  1  
   1138  1  
   1141  1  
   1141  1  
   1141  1  
   1154  1  
   1154  1  
   1154  1  
   1169  1  
   1169  1  
   1169  1  
   1178  1  
   1178  1  
   1178  1  
   1200  1  
   1200  1  
   1200  1  
   1212  1  
   1212  1  
   1212  1  
   1213  2  
   1213  2  
   1218  2  
   1218  2  
   1231  1  
   1231  1  
   1231  1  
   1239  1  
   1239  1  
   1239  1  
   1255  1  
   1255  1  
   1255  1  
   1255  1  
   1255  1  
   1255  1  
   1270  1  
   1270  1  
   1270  1  
   1286  1  
   1286  1  
   1286  1  
   1286  1  
   1286  1  
   1286  1  
   1296  3  
   1296  3  
   1296  3  
   1296  3  
   1306  1  
   1306  1  
   1306  1  
   1306  1  
   1306  1  
   1306  1  
   1311  1  
   1311  1  
   1311  1  
   1311  1  
   1311  1  
   1311  1  
   1335  1  
   1335  1  
   1335  1  
   1341  1  
   1341  1  
   1341  1  
   1359  2  
   1359  2  
   1374  1  
   1374  1  
   1374  1  
   1388  1  
   1388  1  
   1388  1  
   1394  2  
   1394  2  
   1394  2  
   1394  2  
   1402  1  
   1402  1  
   1402  1  
   1424  1  
   1424  1  
   1424  1  
   1434  1  
   1434  1  
   1434  1  
   1474  1  
   1474  1  
   1474  1  
   1477  1  
   1477  1  
   1477  1  
   1507  1  
   1507  1  
   1507  1  
   1514  1  
   1514  1  
   1514  1  
   1517  2  
   1517  2  
   1517  2  
   1517  2  
   1540  1  
   1540  1  
   1540  1  
   1540  1  
   1540  1  
   1540  1  
   1568  1  
   1568  1  
   1568  1  
   1568  1  
   1568  1  
   1568  1  
   1577  1  
   1577  1  
   1577  1  
   1589  2  
   1589  2  
   1597  1  
   1597  1  
   1597  1  
   1619  1  
   1619  1  
   1619  1  
   1635  1  
   1635  1  
   1635  1  
   1635  1  
   1635  1  
   1635  1  
   1659  2  
   1659  2  
   1659  2  
   1659  2  
   1662  1  
   1662  1  
   1662  1  
   1688  1  
   1688  1  
   1688  1  
   1698  1  
   1698  1  
   1698  1  
   1698  1  
   1698  1  
   1698  1  
   1738  1  
   1738  1  
   1738  1  
   1750  1  
   1750  1  
   1750  1  
   1795  1  
   1795  1  
   1795  1  
   1795  1  
   1795  1  
   1795  1  
   1801  1  
   1801  1  
   1801  1  
   1805  2  
   1805  2  
   1853  1  
   1853  1  
   1853  1  
   1854  1  
   1854  1  
   1854  1  
   1903  1  
   1903  1  
   1903  1  
   1912  1  
   1912  1  
   1912  1  
   1923  2  
   1923  2  
   1923  2  
   1923  2  
   1962  1  
   1962  1  
   1962  1  
   1962  1  
   1962  1  
   1962  1  
   1975  1  
   1975  1  
   1975  1  
   2015  1  
   2015  1  
   2015  1  
   2032  1  
   2032  1  
   2032  1  
   2039  2  
   2039  2  
   2039  2  
   2039  2  
   2087  1  
   2087  1  
   2087  1  
   2094  1  
   2094  1  
   2094  1  
   2094  1  
   2094  1  
   2094  1  
   2122  2  
   2122  2  
   2155  1  
   2155  1  
   2155  1  
   2163  1  
   2163  1  
   2163  1  
   2225  1  
   2225  1  
   2225  1  
   2237  1  
   2237  1  
   2237  1  
   2290  1  
   2290  1  
   2290  1  
   2306  1  
   2306  1  
   2306  1  
   2306  1  
   2306  1  
   2306  1  
   2319  2  
   2319  2  
   2346  2  
   2346  2  
   2366  1  
   2366  1  
   2366  1  
   2393  1  
   2393  1  
   2393  1  
   2434  1  
   2434  1  
   2434  1  
   2434  1  
   2434  1  
   2434  1  
   2476  1  
   2476  1  
   2476  1  
   2493  1  
   2493  1  
   2493  1  
   2537  2  
   2537  2  
   2537  2  
   2537  2  
   2560  1  
   2560  1  
   2560  1  
   2560  1  
   2560  1  
   2560  1  
   2568  1  
   2568  1  
   2568  1  
   2622  3  
   2622  3  
   2622  3  
   2622  3  
   2647  1  
   2647  1  
   2647  1  
   2664  1  
   2664  1  
   2664  1  
   2669  2  
   2669  2  
   2669  2  
   2669  2  
   2704  2  
   2704  2  
   2704  2  
   2704  2  
   2731  1  
   2731  1  
   2731  1  
   2751  1  
   2751  1  
   2751  1  
   2751  1  
   2751  1  
   2751  1  
   2817  1  
   2817  1  
   2817  1  
   2850  1  
   2850  1  
   2850  1  
   2908  1  
   2908  1  
   2908  1  
   2908  1  
   2908  1  
   2908  1  
   2916  3  
   2916  3  
   2916  3  
   2916  3  
   2949  2  
   2949  2  
   2950  1  
   2950  1  
   2950  1  
   2986  1  
   2986  1  
   2986  1  
   3037  2  
   3037  2  
   3037  2  
   3037  2  
   3056  1  
   3056  1  
   3056  1  
   3065  1  
   3065  1  
   3065  1  
   3140  1  
   3140  1  
   3140  1  
   3147  1  
   3147  1  
   3147  1  
   3230  1  
   3230  1  
   3230  1  
   3246  2  
   3246  2  
   3262  1  
   3262  1  
   3262  1  
   3262  1  
   3262  1  
   3262  1  
   3306  1  
   3306  1  
   3306  1  
   3306  1  
   3306  1  
   3306  1  
   3341  2  
   3341  2  
   3384  1  
   3384  1  
   3384  1  
   3417  1  
   3417  1  
   3417  1  
   3417  1  
   3417  1  
   3417  1  
   3501  1  
   3501  1  
   3501  1  
   3519  1  
   3519  1  
   3519  1  
   3553  2  
   3553  2  
   3553  2  
   3553  2  
   3628  1  
   3628  1  
   3628  1  
   3639  1  
   3639  1  
   3639  1  
   3639  1  
   3639  1  
   3639  1  
   3653  2  
   3653  2  
   3653  2  
   3653  2  
   3728  1  
   3728  1  
   3728  1  
   3746  1  
   3746  1  
   3746  1  
   3838  1  
   3838  1  
   3838  1  
   3858  1  
   3858  1  
   3858  1  
   3882  2  
   3882  2  
   3882  2  
   3882  2  
   3941  2  
   3941  2  
   3949  1  
   3949  1  
   3949  1  
   3985  1  
   3985  1  
   3985  1  
   4046  1  
   4046  1  
   4046  1  
   4104  1  
   4104  1  
   4104  1  
   4124  1  
   4124  1  
   4124  1  
   4194  1  
   4194  1  
   4194  1  
   4220  2  
   4220  2  
   4228  1  
   4228  1  
   4228  1  
   4260  1  
   4260  1  
   4260  1  
   4318  1  
   4318  1  
   4318  1  
   4362  2  
   4362  2  
   4362  2  
   4362  2  
   4364  1  
   4364  1  
   4364  1  
   4364  1  
   4364  1  
   4364  1  
   4366  1  
   4366  1  
   4366  1  
   4366  1  
   4366  1  
   4366  1  
   4395  1  
   4395  1  
   4395  1  
   4395  1  
   4395  1  
   4395  1  
   4436  1  
   4436  1  
   4436  1  
   4489  1  
   4489  1  
   4489  1  
   4515  1  
   4515  1  
   4515  1  
   4545  1  
   4545  1  
   4545  1  
   4592  2  
   4592  2  
   4609  1  
   4609  1  
   4609  1  
   4678  1  
   4678  1  
   4678  1  
   4701  1  
   4701  1  
   4701  1  
   4729  2  
   4729  2  
   4792  1  
   4792  1  
   4792  1  
   4792  1  
   4792  1  
   4792  1  
   4826  1  
   4826  1  
   4826  1  
   4826  1  
   4826  1  
   4826  1  
   4900  1  
   4900  1  
   4900  1  
   4967  2  
   4967  2  
   4967  2  
   4967  2  
   4984  1  
   4984  1  
   4984  1  
   5025  1  
   5025  1  
   5025  1  
   5036  3  
   5036  3  
   5036  3  
   5036  3  
   5081  2  
   5081  2  
   5124  3  
   5124  3  
   5124  3  
   5124  3  
   5140  1  
   5140  1  
   5140  1  
   5153  1  
   5153  1  
   5153  1  
   5256  1  
   5256  1  
   5256  1  
   5304  1  
   5304  1  
   5304  1  
   5375  1  
   5375  1  
   5375  1  
   5439  2  
   5439  2  
   5439  2  
   5439  2  
   5479  1  
   5479  1  
   5479  1  
   5484  1  
   5484  1  
   5484  1  
   5512  2  
   5512  2  
   5512  2  
   5512  2  
   5584  1  
   5584  1  
   5584  1  
   5584  1  
   5584  1  
   5584  1  
   5650  1  
   5650  1  
   5650  1  
   5650  1  
   5650  1  
   5650  1  
   5652  1  
   5652  1  
   5652  1  
   5652  1  
   5652  1  
   5652  1  
   5741  1  
   5741  1  
   5741  1  
   5815  1  
   5815  1  
   5815  1  
   5848  1  
   5848  1  
   5848  1  
   5860  2  
   5860  2  
   5952  2  
   5952  2  
   5961  1  
   5961  1  
   5961  1  
   5969  1  
   5969  1  
   5969  1  
   6078  1  
   6078  1  
   6078  1  
   6078  1  
   6078  1  
   6078  1  
   6122  1  
   6122  1  
   6122  1  
   6228  1  
   6228  1  
   6228  1  
   6286  1  
   6286  1  
   6286  1  
   6286  1  
   6286  1  
   6286  1  
   6289  2  
   6289  2  
   6379  1  
   6379  1  
   6379  1  
   6398  2  
   6398  2  
   6398  2  
   6398  2  
   6446  1  
   6446  1  
   6446  1  
   6528  1  
   6528  1  
   6528  1  
   6609  1  
   6609  1  
   6609  1  
   6685  1  
   6685  1  
   6685  1  
   6736  2  
   6736  2  
   6736  2  
   6736  2  
   6773  1  
   6773  1  
   6773  1  
   6781  2  
   6781  2  
   6845  1  
   6845  1  
   6845  1  
   6845  1  
   6845  1  
   6845  1  
   6936  1  
   6936  1  
   6936  1  
   6967  1  
   6967  1  
   6967  1  
   6967  1  
   6967  1  
   6967  1  
   7100  1  
   7100  1  
   7100  1  
   7100  1  
   7100  1  
   7100  1  
   7129  1  
   7129  1  
   7129  1  
   7163  2  
   7163  2  
   7163  2  
   7163  2  
   7179  2  
   7179  2  
   7290  1  
   7290  1  
   7290  1  
   7303  1  
   7303  1  
   7303  1  
   7468  1  
   7468  1  
   7468  1  
   7516  1  
   7516  1  
   7516  1  
   7627  1  
   7627  1  
   7627  1  
   7632  2  
   7632  2  
   7632  2  
   7632  2  
   7671  2  
   7671  2  
   7716  1  
   7716  1  
   7716  1  
   7758  3  
   7758  3  
   7758  3  
   7758  3  
   7795  1  
   7795  1  
   7795  1  
   7930  1  
   7930  1  
   7930  1  
   7967  1  
   7967  1  
   7967  1  
   7975  3  
   7975  3  
   7975  3  
   7975  3  
   8136  1  
   8136  1  
   8136  1  
   8136  1  
   8136  1  
   8136  1  
   8139  1  
   8139  1  
   8139  1  
   8139  1  
   8139  1  
   8139  1  
   8165  2  
   8165  2  
   8165  2  
   8165  2  
   8204  2  
   8204  2  
   8311  1  
   8311  1  
   8311  1  
   8318  1  
   8318  1  
   8318  1  
   8486  1  
   8486  1  
   8486  1  
   8502  1  
   8502  1  
   8502  1  
   8635  2  
   8635  2  
   8665  1  
   8665  1  
   8665  1  
   8665  1  
   8665  1  
   8665  1  
   8690  1  
   8690  1  
   8690  1  
   8690  1  
   8690  1  
   8690  1  
   8804  2  
   8804  2  
   8804  2  
   8804  2  
   8862  1  
   8862  1  
   8862  1  
   8899  4  
   8899  4  
   8902  1  
   8902  1  
   8902  1  
   8965  4  
   9038  1  
   9038  1  
   9038  1  
   9040  4  
   9108  4  
   9119  4  
   9121  2  
   9121  2  
   9143  1  
   9143  1  
   9143  1  
   9186  4  
   9221  1  
   9221  1  
   9221  1  
   9268  4  
   9296  2  
   9296  2  
   9318  4  
   9343  4  
   9386  1  
   9386  1  
   9386  1  
   9402  1  
   9402  1  
   9402  1  
   9402  1  
   9402  1  
   9402  1  
   9424  4  
   9499  4  
   9499  4  
   9531  4  
   9599  1  
   9599  1  
   9599  1  
   9623  2  
   9623  2  
   9638  1  
   9638  1  
   9638  1  
   9638  1  
   9638  1  
   9638  1  
   9715  4  
   9749  4  
   9795  1  
   9795  1  
   9795  1  
   9815  2  
   9815  2  
   9815  2  
   9815  2  
   9861  1  
   9861  1  
   9861  1  
   9925  4  
   9964  4  
   9986  1  
   9986  1  
   9986  1  
   10081  1  
   10081  1  
   10081  1  
   10145  4  
   10181  2  
   10181  2  
   10181  2  
   10181  2  
   10185  1  
   10185  1  
   10185  1  
   10185  1  
   10185  1  
   10185  1  
   10190  4  
   10260  2  
   10260  2  
   10314  1  
   10314  1  
   10314  1  
   10314  1  
   10314  1  
   10314  1  
   10367  4  
   10384  1  
   10384  1  
   10384  1  
   10414  4  
   10565  1  
   10565  1  
   10565  1  
   10580  4  
   10592  1  
   10592  1  
   10592  1  
   10630  4  
   10705  2  
   10705  2  
   10705  2  
   10705  2  
   10766  1  
   10766  1  
   10766  1  
   10766  1  
   10766  1  
   10766  1  
   10805  4  
   10828  3  
   10828  3  
   10828  3  
   10828  3  
   10851  2  
   10851  2  
   10858  4  
   10880  1  
   10880  1  
   10880  1  
   10880  1  
   10880  1  
   10880  1  
   11007  1  
   11007  1  
   11007  1  
   11033  4  
   11085  4  
   11105  1  
   11105  1  
   11105  1  
   11221  2  
   11221  2  
   11244  1  
   11244  1  
   11244  1  
   11256  4  
   11312  4  
   11335  1  
   11335  1  
   11335  1  
   11463  3  
   11463  3  
   11463  3  
   11463  3  
   11486  4  
   11487  1  
   11487  1  
   11487  1  
   11524  2  
   11524  2  
   11524  2  
   11524  2  
   11538  4  
   11565  1  
   11565  1  
   11565  1  
   11706  4  
   11720  1  
   11720  1  
   11720  1  
   11734  2  
   11734  2  
   11766  4  
   11795  1  
   11795  1  
   11795  1  
   11935  4  
   11958  1  
   11958  1  
   11958  1  
   11991  4  
   12021  1  
   12021  1  
   12021  1  
   12021  1  
   12021  1  
   12021  1  
   12146  2  
   12146  2  
   12146  2  
   12146  2  
   12163  4  
   12199  1  
   12199  1  
   12199  1  
   12221  4  
   12247  2  
   12247  2  
   12247  2  
   12247  2  
   12254  1  
   12254  1  
   12254  1  
   12380  4  
   12441  1  
   12441  1  
   12441  1  
   12441  1  
   12441  1  
   12441  1  
   12453  4  
   12500  1  
   12500  1  
   12500  1  
   12615  4  
   12679  1  
   12679  1  
   12679  1  
   12690  4  
   12742  1  
   12742  1  
   12742  1  
   12772  2  
   12772  2  
   12772  2  
   12772  2  
   12805  2  
   12805  2  
   12854  4  
   12917  1  
   12917  1  
   12917  1  
   12927  4  
   12986  1  
   12986  1  
   12986  1  
   13087  4  
   13157  1  
   13157  1  
   13157  1  
   13170  4  
   13232  1  
   13232  1  
   13232  1  
   13232  1  
   13232  1  
   13232  1  
   13249  2  
   13249  2  
   13326  4  
   13354  2  
   13354  2  
   13394  1  
   13394  1  
   13394  1  
   13404  4  
   13464  1  
   13464  1  
   13464  1  
   13565  4  
   13627  1  
   13627  1  
   13627  1  
   13627  1  
   13627  1  
   13627  1  
   13641  4  
   13681  1  
   13681  1  
   13681  1  
   13737  2  
   13737  2  
   13737  2  
   13737  2  
   13805  4  
   13877  4  
   13907  1  
   13907  1  
   13907  1  
   13907  1  
   13907  1  
   13907  1  
   13924  2  
   13924  2  
   13924  2  
   13924  2  
   13931  1  
   13931  1  
   13931  1  
   14045  4  
   14120  4  
   14127  2  
   14127  2  
   14147  1  
   14147  1  
   14147  1  
   14227  1  
   14227  1  
   14227  1  
   14227  1  
   14227  1  
   14227  1  
   14229  3  
   14229  3  
   14229  3  
   14229  3  
   14275  4  
   14366  4  
   14393  1  
   14393  1  
   14393  1  
   14479  1  
   14479  1  
   14479  1  
   14512  4  
   14523  2  
   14523  2  
   14524  2  
   14524  2  
   14524  2  
   14524  2  
   14607  4  
   14635  1  
   14635  1  
   14635  1  
   14728  1  
   14728  1  
   14728  1  
   14754  4  
   14855  4  
   14887  1  
   14887  1  
   14887  1  
   14887  1  
   14887  1  
   14887  1  
   14982  1  
   14982  1  
   14982  1  
   14982  1  
   14982  1  
   14982  1  
   15005  4  
   15100  2  
   15100  2  
   15105  4  
   15135  1  
   15135  1  
   15135  1  
   15145  2  
   15145  2  
   15145  2  
   15145  2  
   15234  1  
   15234  1  
   15234  1  
   15249  4  
   15327  3  
   15327  3  
   15327  3  
   15327  3  
   15353  4  
   15370  1  
   15370  1  
   15370  1  
   15487  1  
   15487  1  
   15487  1  
   15497  4  
   15599  4  
   15617  1  
   15617  1  
   15617  1  
   15674  2  
   15674  2  
   15674  2  
   15674  2  
   15743  4  
   15744  1  
   15744  1  
   15744  1  
   15803  2  
   15803  2  
   15849  4  
   15860  1  
   15860  1  
   15860  1  
   15860  1  
   15860  1  
   15860  1  
   15985  4  
   15996  1  
   15996  1  
   15996  1  
   15996  1  
   15996  1  
   15996  1  
   16075  1  
   16075  1  
   16075  1  
   16089  4  
   16154  2  
   16154  2  
   16231  4  
   16234  1  
   16234  1  
   16234  1  
   16308  1  
   16308  1  
   16308  1  
   16308  1  
   16308  1  
   16308  1  
   16335  4  
   16465  2  
   16465  2  
   16465  2  
   16465  2  
   16467  1  
   16467  1  
   16467  1  
   16474  4  
   16558  1  
   16558  1  
   16558  1  
   16563  2  
   16563  2  
   16588  4  
   16710  1  
   16710  1  
   16710  1  
   16710  1  
   16710  1  
   16710  1  
   16723  4  
   16819  1  
   16819  1  
   16819  1  
   16840  4  
   16944  2  
   16944  2  
   16975  4  
   16979  1  
   16979  1  
   16979  1  
   17062  2  
   17062  2  
   17066  1  
   17066  1  
   17066  1  
   17086  4  
   17224  4  
   17246  1  
   17246  1  
   17246  1  
   17278  2  
   17278  2  
   17278  2  
   17278  2  
   17326  1  
   17326  1  
   17326  1  
   17345  4  
   17482  4  
   17517  1  
   17517  1  
   17517  1  
   17584  1  
   17584  1  
   17584  1  
   17600  4  
   17653  2  
   17653  2  
   17653  2  
   17653  2  
   17684  2  
   17684  2  
   17684  2  
   17684  2  
   17733  4  
   17795  1  
   17795  1  
   17795  1  
   17795  1  
   17795  1  
   17795  1  
   17839  1  
   17839  1  
   17839  1  
   17839  1  
   17839  1  
   17839  1  
   17841  3  
   17841  3  
   17841  3  
   17841  3  
   17859  4  
   17915  2  
   17915  2  
   17915  2  
   17915  2  
   17991  4  
   18059  1  
   18059  1  
   18059  1  
   18070  1  
   18070  1  
   18070  1  
   18115  4  
   18228  2  
   18228  2  
   18240  4  
   18254  2  
   18254  2  
   18307  1  
   18307  1  
   18307  1  
   18320  1  
   18320  1  
   18320  1  
   18366  4  
   18488  4  
   18547  1  
   18547  1  
   18547  1  
   18582  1  
   18582  1  
   18582  1  
   18613  2  
   18613  2  
   18622  4  
   18738  4  
   18791  1  
   18791  1  
   18791  1  
   18791  1  
   18791  1  
   18791  1  
   18797  2  
   18797  2  
   18797  2  
   18797  2  
   18849  1  
   18849  1  
   18849  1  
   18871  4  
   18992  4  
   19004  1  
   19004  1  
   19004  1  
   19008  2  
   19008  2  
   19113  1  
   19113  1  
   19113  1  
   19133  4  
   19243  1  
   19243  1  
   19243  1  
   19256  4  
   19379  1  
   19379  1  
   19379  1  
   19379  1  
   19379  1  
   19379  1  
   19392  4  
   19397  2  
   19397  2  
   19407  3  
   19407  3  
   19407  3  
   19407  3  
   19408  2  
   19408  2  
   19470  1  
   19470  1  
   19470  1  
   19518  4  
   19655  4  
   19655  4  
   19687  1  
   19687  1  
   19687  1  
   19731  4  
   19746  1  
   19746  1  
   19746  1  
   19746  1  
   19746  1  
   19746  1  
   19774  4  
   19798  4  
   19804  2  
   19804  2  
   19804  2  
   19804  2  
   19882  4  
   19918  1  
   19918  1  
   19918  1  
   19918  1  
   19918  1  
   19918  1  
   19954  4  
   20010  2  
   20010  2  
   20030  4  
   20032  1  
   20032  1  
   20032  1  
   20032  1  
   20032  1  
   20032  1  
   20041  4  
   20116  4  
   20141  1  
   20141  1  
   20141  1  
   20203  4  
   20204  2  
   20204  2  
   20281  1  
   20281  1  
   20281  1  
   20285  4  
   20285  4  
   20354  1  
   20354  1  
   20354  1  
   20519  1  
   20519  1  
   20519  1  
   20575  1  
   20575  1  
   20575  1  
   20579  2  
   20579  2  
   20611  2  
   20611  2  
   20611  2  
   20611  2  
   20760  1  
   20760  1  
   20760  1  
   20796  1  
   20796  1  
   20796  1  
   20946  2  
   20946  2  
   21005  1  
   21005  1  
   21005  1  
   21006  1  
   21006  1  
   21006  1  
   21006  1  
   21006  1  
   21006  1  
   21233  1  
   21233  1  
   21233  1  
   21253  1  
   21253  1  
   21253  1  
   21291  2  
   21291  2  
   21341  2  
   21341  2  
   21471  1  
   21471  1  
   21471  1  
   21500  5  
   21500  5  
   21504  1  
   21504  1  
   21504  1  
   21525  5  
   21547  5  
   21549  3  
   21549  3  
   21549  3  
   21549  3  
   21574  5  
   21616  5  
   21641  5  
   21653  2  
   21653  2  
   21653  2  
   21653  2  
   21667  5  
   21690  1  
   21690  1  
   21690  1  
   21696  5  
   21738  5  
   21738  5  
   21754  1  
   21754  1  
   21754  1  
   21754  1  
   21754  1  
   21754  1  
   21771  5  
   21936  1  
   21936  1  
   21936  1  
   21936  1  
   21936  1  
   21936  1  
   22007  5  
   22029  1  
   22029  1  
   22029  1  
   22044  5  
   22074  2  
   22074  2  
   22074  2  
   22074  2  
   22136  2  
   22136  2  
   22136  2  
   22136  2  
   22165  1  
   22165  1  
   22165  1  
   22279  5  
   22315  1  
   22315  1  
   22315  1  
   22320  5  
   22388  1  
   22388  1  
   22388  1  
   22479  2  
   22479  2  
   22558  5  
   22597  5  
   22601  1  
   22601  1  
   22601  1  
   22624  1  
   22624  1  
   22624  1  
   22802  2  
   22802  2  
   22802  2  
   22802  2  
   22825  5  
   22839  1  
   22839  1  
   22839  1  
   22851  2  
   22851  2  
   22871  5  
   22881  1  
   22881  1  
   22881  1  
   23068  1  
   23068  1  
   23068  1  
   23068  1  
   23068  1  
   23068  1  
   23101  5  
   23147  5  
   23160  1  
   23160  1  
   23160  1  
   23238  2  
   23238  2  
   23313  1  
   23313  1  
   23313  1  
   23369  5  
   23418  5  
   23437  1  
   23437  1  
   23437  1  
   23437  1  
   23437  1  
   23437  1  
   23555  1  
   23555  1  
   23555  1  
   23617  3  
   23617  3  
   23617  3  
   23617  3  
   23623  2  
   23623  2  
   23623  2  
   23623  2  
   23646  5  
   23694  5  
   23711  2  
   23711  2  
   23788  1  
   23788  1  
   23788  1  
   23806  1  
   23806  1  
   23806  1  
   23806  1  
   23806  1  
   23806  1  
   23917  5  
   23966  5  
   24028  1  
   24028  1  
   24028  1  
   24028  1  
   24028  1  
   24028  1  
   24039  1  
   24039  1  
   24039  1  
   24124  2  
   24124  2  
   24192  5  
   24232  2  
   24232  2  
   24232  2  
   24232  2  
   24242  5  
   24261  1  
   24261  1  
   24261  1  
   24283  1  
   24283  1  
   24283  1  
   24464  5  
   24470  1  
   24470  1  
   24470  1  
   24510  5  
   24522  1  
   24522  1  
   24522  1  
   24522  1  
   24522  1  
   24522  1  
   24611  2  
   24611  2  
   24704  1  
   24704  1  
   24704  1  
   24746  5  
   24791  5  
   24795  1  
   24795  1  
   24795  1  
   24929  1  
   24929  1  
   24929  1  
   24929  1  
   24929  1  
   24929  1  
   25014  5  
   25025  2  
   25025  2  
   25025  2  
   25025  2  
   25052  1  
   25052  1  
   25052  1  
   25062  5  
   25117  2  
   25117  2  
   25117  2  
   25117  2  
   25160  1  
   25160  1  
   25160  1  
   25296  5  
   25319  1  
   25319  1  
   25319  1  
   25337  5  
   25392  3  
   25392  3  
   25392  3  
   25392  3  
   25397  1  
   25397  1  
   25397  1  
   25564  5  
   25584  1  
   25584  1  
   25584  1  
   25611  5  
   25633  1  
   25633  1  
   25633  1  
   25721  2  
   25721  2  
   25753  2  
   25753  2  
   25845  5  
   25858  1  
   25858  1  
   25858  1  
   25858  1  
   25858  1  
   25858  1  
   25862  1  
   25862  1  
   25862  1  
   25884  5  
   26105  1  
   26105  1  
   26105  1  
   26117  1  
   26117  1  
   26117  1  
   26123  5  
   26159  5  
   26343  1  
   26343  1  
   26343  1  
   26343  1  
   26343  1  
   26343  1  
   26378  1  
   26378  1  
   26378  1  
   26396  2  
   26396  2  
   26396  2  
   26396  2  
   26398  5  
   26435  5  
   26489  2  
   26489  2  
   26489  2  
   26489  2  
   26501  1  
   26501  1  
   26501  1  
   26631  1  
   26631  1  
   26631  1  
   26631  1  
   26631  1  
   26631  1  
   26664  1  
   26664  1  
   26664  1  
   26664  1  
   26664  1  
   26664  1  
   26675  5  
   26714  5  
   26891  1  
   26891  1  
   26891  1  
   26933  1  
   26933  1  
   26933  1  
   26945  5  
   26993  5  
   27083  2  
   27083  2  
   27108  1  
   27108  1  
   27108  1  
   27112  2  
   27112  2  
   27222  5  
   27231  1  
   27231  1  
   27231  1  
   27264  5  
   27346  1  
   27346  1  
   27346  1  
   27346  1  
   27346  1  
   27346  1  
   27499  5  
   27529  1  
   27529  1  
   27529  1  
   27539  5  
   27560  1  
   27560  1  
   27560  1  
   27605  2  
   27605  2  
   27770  2  
   27770  2  
   27770  2  
   27770  2  
   27777  5  
   27800  1  
   27800  1  
   27800  1  
   27819  5  
   27831  1  
   27831  1  
   27831  1  
   27831  1  
   27831  1  
   27831  1  
   27917  3  
   27917  3  
   27917  3  
   27917  3  
   28023  2  
   28023  2  
   28032  1  
   28032  1  
   28032  1  
   28051  5  
   28091  5  
   28101  1  
   28101  1  
   28101  1  
   28257  1  
   28257  1  
   28257  1  
   28257  1  
   28257  1  
   28257  1  
   28332  5  
   28369  1  
   28369  1  
   28369  1  
   28374  5  
   28381  2  
   28381  2  
   28392  2  
   28392  2  
   28478  1  
   28478  1  
   28478  1  
   28609  5  
   28636  1  
   28636  1  
   28636  1  
   28656  5  
   28678  1  
   28678  1  
   28678  1  
   28678  1  
   28678  1  
   28678  1  
   28686  2  
   28686  2  
   28686  2  
   28686  2  
   28875  1  
   28875  1  
   28875  1  
   28888  5  
   28892  1  
   28892  1  
   28892  1  
   28919  2  
   28919  2  
   28935  5  
   29035  2  
   29035  2  
   29035  2  
   29035  2  
   29067  1  
   29067  1  
   29067  1  
   29120  2  
   29120  2  
   29122  1  
   29122  1  
   29122  1  
   29165  5  
   29219  5  
   29254  1  
   29254  1  
   29254  1  
   29261  3  
   29261  3  
   29261  3  
   29261  3  
   29323  1  
   29323  1  
   29323  1  
   29332  2  
   29332  2  
   29332  2  
   29332  2  
   29448  5  
   29454  1  
   29454  1  
   29454  1  
   29485  1  
   29485  1  
   29485  1  
   29489  2  
   29489  2  
   29489  2  
   29489  2  
   29503  5  
   29618  1  
   29618  1  
   29618  1  
   29654  1  
   29654  1  
   29654  1  
   29656  2  
   29656  2  
   29718  1  
   29718  1  
   29718  1  
   29742  5  
   29743  2  
   29743  2  
   29799  5  
   29802  1  
   29802  1  
   29802  1  
   29855  1  
   29855  1  
   29855  1  
   29855  1  
   29855  1  
   29855  1  
   29870  1  
   29870  1  
   29870  1  
   29870  1  
   29870  1  
   29870  1  
   29913  1  
   29913  1  
   29913  1  
   29913  1  
   29913  1  
   29913  1  
   29969  1  
   29969  1  
   29969  1  
   30034  1  
   30034  1  
   30034  1  
   30034  1  
   30034  1  
   30034  1  
   30044  5  
   30050  2  
   30050  2  
   30092  1  
   30092  1  
   30092  1  
   30097  5  
   30100  1  
   30100  1  
   30100  1  
   30187  1  
   30187  1  
   30187  1  
   30287  1  
   30287  1  
   30287  1  
   30294  2  
   30294  2  
   30294  2  
   30294  2  
   30317  1  
   30317  1  
   30317  1  
   30328  5  
   30378  5  
   30382  2  
   30382  2  
   30412  1  
   30412  1  
   30412  1  
   30538  1  
   30538  1  
   30538  1  
   30574  1  
   30574  1  
   30574  1  
   30603  5  
   30661  5  
   30760  1  
   30760  1  
   30760  1  
   30761  2  
   30761  2  
   30777  1  
   30777  1  
   30777  1  
   30790  2  
   30790  2  
   30880  5  
   30935  5  
   30970  1  
   30970  1  
   30970  1  
   30970  1  
   30970  1  
   30970  1  
   31010  1  
   31010  1  
   31010  1  
   31155  5  
   31184  1  
   31184  1  
   31184  1  
   31199  2  
   31199  2  
   31216  5  
   31269  2  
   31269  2  
   31272  1  
   31272  1  
   31272  1  
   31378  1  
   31378  1  
   31378  1  
   31378  1  
   31378  1  
   31378  1  
   31423  5  
   31490  5  
   31541  1  
   31541  1  
   31541  1  
   31545  1  
   31545  1  
   31545  1  
   31677  2  
   31677  2  
   31677  2  
   31677  2  
   31695  5  
   31716  1  
   31716  1  
   31716  1  
   31762  5  
   31767  2  
   31767  2  
   31767  2  
   31767  2  
   31822  1  
   31822  1  
   31822  1  
   31890  1  
   31890  1  
   31890  1  
   31970  5  
   32040  5  
   32061  1  
   32061  1  
   32061  1  
   32061  1  
   32061  1  
   32061  1  
   32061  1  
   32099  1  
   32099  1  
   32099  1  
   32099  1  
   32099  1  
   32099  1  
   32218  2  
   32218  2  
   32241  5  
   32243  1  
   32243  1  
   32243  1  
   32243  1  
   32287  3  
   32287  3  
   32287  3  
   32287  3  
   32310  5  
   32429  1  
   32429  1  
   32429  1  
   32434  2  
   32434  2  
   32434  2  
   32434  2  
   32456  1  
   32456  1  
   32456  1  
   32456  1  
   32518  5  
   32585  5  
   32642  1  
   32642  1  
   32642  1  
   32642  1  
   32750  1  
   32750  1  
   32750  1  
   32750  1  
   32750  1  
   32750  1  
   32757  2  
   32757  2  
   32757  2  
   32757  2  
   32788  5  
   32845  1  
   32845  1  
   32845  1  
   32845  1  
   32845  1  
   32845  1  
   32845  1  
   32845  1  
   32856  5  
   33008  1  
   33008  1  
   33008  1  
   33063  5  
   33074  1  
   33074  1  
   33074  1  
   33074  1  
   33088  2  
   33088  2  
   33088  2  
   33088  2  
   33128  5  
   33166  3  
   33166  3  
   33166  3  
   33166  3  
   33209  2  
   33209  2  
   33266  1  
   33266  1  
   33266  1  
   33313  1  
   33313  1  
   33313  1  
   33313  1  
   33313  1  
   33313  1  
   33313  1  
   33313  1  
   33336  5  
   33397  5  
   33490  1  
   33490  1  
   33490  1  
   33490  1  
   33517  1  
   33517  1  
   33517  1  
   33527  2  
   33527  2  
   33603  5  
   33605  2  
   33605  2  
   33673  5  
   33686  1  
   33686  1  
   33686  1  
   33686  1  
   33769  1  
   33769  1  
   33769  1  
   33865  1  
   33865  1  
   33865  1  
   33865  1  
   33874  5  
   33939  5  
   33939  5  
   33959  2  
   33959  2  
   33959  2  
   33959  2  
   33960  5  
   33977  2  
   33977  2  
   33984  5  
   34007  5  
   34022  1  
   34022  1  
   34022  1  
   34029  5  
   34041  1  
   34041  1  
   34041  1  
   34041  1  
   34063  5  
   34092  5  
   34120  5  
   34143  5  
   34143  5  
   34232  1  
   34232  1  
   34232  1  
   34232  1  
   34232  1  
   34232  1  
   34232  1  
   34232  1  
   34280  1  
   34280  1  
   34280  1  
   34280  1  
   34280  1  
   34280  1  
   34325  2  
   34325  2  
   34350  2  
   34350  2  
   34350  2  
   34350  2  
   34418  1  
   34418  1  
   34418  1  
   34418  1  
   34557  1  
   34557  1  
   34557  1  
   34596  1  
   34596  1  
   34596  1  
   34596  1  
   34686  2  
   34686  2  
   34686  2  
   34686  2  
   34751  2  
   34751  2  
   34779  1  
   34779  1  
   34779  1  
   34779  1  
   34832  1  
   34832  1  
   34832  1  
   34951  1  
   34951  1  
   34951  1  
   34951  1  
   35059  2  
   35059  2  
   35095  1  
   35095  1  
   35095  1  
   35141  1  
   35141  1  
   35141  1  
   35141  1  
   35153  2  
   35153  2  
   35318  1  
   35318  1  
   35318  1  
   35318  1  
   35366  1  
   35366  1  
   35366  1  
   35366  1  
   35366  1  
   35366  1  
   35440  2  
   35440  2  
   35493  1  
   35493  1  
   35493  1  
   35493  1  
   35493  1  
   35493  1  
   35493  1  
   35493  1  
   35593  2  
   35593  2  
   35593  2  
   35593  2  
   35638  1  
   35638  1  
   35638  1  
   35672  1  
   35672  1  
   35672  1  
   35672  1  
   35672  1  
   35672  1  
   35672  1  
   35672  1  
   35808  2  
   35808  2  
   35808  2  
   35808  2  
   35849  1  
   35849  1  
   35849  1  
   35849  1  
   35903  1  
   35903  1  
   35903  1  
   35993  2  
   35993  2  
   36034  1  
   36034  1  
   36034  1  
   36034  1  
   36034  1  
   36034  1  
   36034  1  
   36034  1  
   36034  1  
   36170  1  
   36170  1  
   36170  1  
   36222  1  
   36222  1  
   36222  1  
   36222  1  
   36222  1  
   36332  2  
   36332  2  
   36389  1  
   36389  1  
   36389  1  
   36389  1  
   36389  1  
   36392  2  
   36392  2  
   36395  3  
   36395  3  
   36395  3  
   36395  3  
   36433  1  
   36433  1  
   36433  1  
   36433  1  
   36433  1  
   36433  1  
   36589  1  
   36589  1  
   36589  1  
   36589  1  
   36589  1  
   36703  1  
   36703  1  
   36703  1  
   36767  1  
   36767  1  
   36767  1  
   36767  1  
   36767  1  
   36815  3  
   36815  3  
   36815  3  
   36815  3  
   36842  2  
   36842  2  
   36842  2  
   36842  2  
   36853  2  
   36853  2  
   36853  2  
   36853  2  
   36963  1  
   36963  1  
   36963  1  
   36963  1  
   36963  1  
   36963  1  
   36963  1  
   36963  1  
   36963  1  
   36963  1  
   36974  1  
   36974  1  
   36974  1  
   37123  1  
   37123  1  
   37123  1  
   37123  1  
   37123  1  
   37238  1  
   37238  1  
   37238  1  
   37279  1  
   37279  1  
   37279  1  
   37279  1  
   37279  1  
   37283  2  
   37283  2  
   37371  2  
   37371  2  
   37371  2  
   37371  2  
   37455  1  
   37455  1  
   37455  1  
   37455  1  
   37455  1  
   37455  1  
   37455  1  
   37455  1  
   37455  1  
   37455  1  
   37514  1  
   37514  1  
   37514  1  
   37621  1  
   37621  1  
   37621  1  
   37621  1  
   37621  1  
   37770  2  
   37770  2  
   37776  1  
   37776  1  
   37776  1  
   37776  1  
   37776  1  
   37778  1  
   37778  1  
   37778  1  
   37778  1  
   37778  1  
   37778  1  
   37932  1  
   37932  1  
   37932  1  
   37932  1  
   37932  1  
   37942  2  
   37942  2  
   37942  2  
   37942  2  
   38090  1  
   38090  1  
   38090  1  
   38105  1  
   38105  1  
   38105  1  
   38105  1  
   38105  1  
   38267  1  
   38267  1  
   38267  1  
   38267  1  
   38267  1  
   38267  1  
   38267  1  
   38267  1  
   38267  1  
   38267  1  
   38272  2  
   38272  2  
   38272  2  
   38272  2  
   38281  2  
   38281  2  
   38395  1  
   38395  1  
   38395  1  
   38395  1  
   38395  1  
   38395  1  
   38422  1  
   38422  1  
   38422  1  
   38422  1  
   38422  1  
   38569  1  
   38569  1  
   38569  1  
   38569  1  
   38569  1  
   38626  2  
   38626  2  
   38626  2  
   38626  2  
   38660  1  
   38660  1  
   38660  1  
   38741  1  
   38741  1  
   38741  1  
   38741  1  
   38741  1  
   38893  1  
   38893  1  
   38893  1  
   38893  1  
   38893  1  
   38922  1  
   38922  1  
   38922  1  
   39051  1  
   39051  1  
   39051  1  
   39051  1  
   39051  1  
   39084  2  
   39084  2  
   39084  2  
   39084  2  
   39172  1  
   39172  1  
   39172  1  
   39202  1  
   39202  1  
   39202  1  
   39202  1  
   39202  1  
   39202  1  
   39202  1  
   39202  1  
   39202  1  
   39202  1  
   39216  2  
   39216  2  
   39216  2  
   39216  2  
   39391  1  
   39391  1  
   39391  1  
   39391  1  
   39391  1  
   39436  1  
   39436  1  
   39436  1  
   39559  1  
   39559  1  
   39559  1  
   39559  1  
   39559  1  
   39559  1  
   39559  1  
   39559  1  
   39559  1  
   39559  1  
   39623  2  
   39623  2  
   39652  2  
   39652  2  
   39685  1  
   39685  1  
   39685  1  
   39703  1  
   39703  1  
   39703  1  
   39703  1  
   39703  1  
   39853  1  
   39853  1  
   39853  1  
   39853  1  
   39853  1  
   39853  1  
   39853  1  
   39853  1  
   39853  1  
   39853  1  
   39939  1  
   39939  1  
   39939  1  
   39939  1  
   39939  1  
   39939  1  
   40016  1  
   40016  1  
   40016  1  
   40016  1  
   40016  1  
   40080  2  
   40080  2  
   40080  2  
   40080  2  
   40154  2  
   40154  2  
   40171  1  
   40171  1  
   40171  1  
   40171  1  
   40171  1  
   40184  1  
   40184  1  
   40184  1  
   40184  1  
   40184  1  
   40184  1  
   40293  3  
   40293  3  
   40293  3  
   40293  3  
   40294  3  
   40294  3  
   40294  3  
   40294  3  
   40323  1  
   40323  1  
   40323  1  
   40323  1  
   40323  1  
   40374  3  
   40374  3  
   40374  3  
   40374  3  
   40417  1  
   40417  1  
   40417  1  
   40467  2  
   40467  2  
   40492  1  
   40492  1  
   40492  1  
   40492  1  
   40492  1  
   40590  3  
   40590  3  
   40590  3  
   40590  3  
   40647  1  
   40647  1  
   40647  1  
   40651  1  
   40651  1  
   40651  1  
   40651  1  
   40651  1  
   40662  2  
   40662  2  
   40662  2  
   40662  2  
   40799  1  
   40799  1  
   40799  1  
   40799  1  
   40799  1  
   40842  2  
   40842  2  
   40866  1  
   40866  1  
   40866  1  
   40948  3  
   40948  3  
   40948  3  
   40948  3  
   40965  1  
   40965  1  
   40965  1  
   40965  1  
   40965  1  
   41080  1  
   41080  1  
   41080  1  
   41120  1  
   41120  1  
   41120  1  
   41120  1  
   41120  1  
   41160  2  
   41160  2  
   41160  2  
   41160  2  
   41222  2  
   41222  2  
   41222  2  
   41222  2  
   41277  1  
   41277  1  
   41277  1  
   41277  1  
   41277  1  
   41277  1  
   41277  1  
   41277  1  
   41277  1  
   41277  1  
   41296  1  
   41296  1  
   41296  1  
   41296  1  
   41296  1  
   41296  1  
   41426  1  
   41426  1  
   41426  1  
   41426  1  
   41426  1  
   41443  3  
   41443  3  
   41443  3  
   41443  3  
   41483  2  
   41483  2  
   41483  2  
   41483  2  
   41511  1  
   41511  1  
   41511  1  
   41590  1  
   41590  1  
   41590  1  
   41590  1  
   41590  1  
   41692  2  
   41692  2  
   41721  1  
   41721  1  
   41721  1  
   41735  1  
   41735  1  
   41735  1  
   41735  1  
   41735  1  
   41860  2  
   41860  2  
   41860  2  
   41860  2  
   41889  1  
   41889  1  
   41889  1  
   41889  1  
   41889  1  
   41931  1  
   41931  1  
   41931  1  
   41931  1  
   41931  1  
   41931  1  
   42047  1  
   42047  1  
   42047  1  
   42047  1  
   42047  1  
   42047  1  
   42047  1  
   42047  1  
   42047  1  
   42047  1  
   42081  3  
   42081  3  
   42081  3  
   42081  3  
   42097  1  
   42097  1  
   42097  1  
   42097  1  
   42097  1  
   42097  1  
   42203  1  
   42203  1  
   42203  1  
   42203  1  
   42203  1  
   42217  2  
   42217  2  
   42217  2  
   42217  2  
   42266  2  
   42266  2  
   42328  1  
   42328  1  
   42328  1  
   42351  1  
   42351  1  
   42351  1  
   42351  1  
   42351  1  
   42502  1  
   42502  1  
   42502  1  
   42502  1  
   42502  1  
   42552  1  
   42552  1  
   42552  1  
   42662  1  
   42662  1  
   42662  1  
   42662  1  
   42662  1  
   42689  2  
   42689  2  
   42689  2  
   42689  2  
   42734  2  
   42734  2  
   42734  2  
   42734  2  
   42776  1  
   42776  1  
   42776  1  
   42813  1  
   42813  1  
   42813  1  
   42813  1  
   42813  1  
   42832  3  
   42832  3  
   42832  3  
   42832  3  
   42963  1  
   42963  1  
   42963  1  
   42963  1  
   42963  1  
   42963  1  
   42963  1  
   42963  1  
   42963  1  
   42963  1  
   42965  2  
   42965  2  
   43004  1  
   43004  1  
   43004  1  
   43128  1  
   43128  1  
   43128  1  
   43128  1  
   43128  1  
   43129  2  
   43129  2  
   43129  2  
   43129  2  
   43222  1  
   43222  1  
   43222  1  
   43263  2  
   43263  2  
   43263  2  
   43263  2  
   43274  1  
   43274  1  
   43274  1  
   43274  1  
   43274  1  
   43421  1  
   43421  1  
   43421  1  
   43421  1  
   43421  1  
   43438  1  
   43438  1  
   43438  1  
   43567  1  
   43567  1  
   43567  1  
   43567  1  
   43567  1  
   43642  2  
   43642  2  
   43669  1  
   43669  1  
   43669  1  
   43714  2  
   43714  2  
   43727  1  
   43727  1  
   43727  1  
   43727  1  
   43727  1  
   43732  3  
   43732  3  
   43732  3  
   43732  3  
   43873  1  
   43873  1  
   43873  1  
   43873  1  
   43873  1  
   43891  1  
   43891  1  
   43891  1  
   43891  1  
   43891  1  
   43891  1  
   43995  3  
   43995  3  
   43995  3  
   43995  3  
   44021  1  
   44021  1  
   44021  1  
   44021  1  
   44021  1  
   44021  1  
   44021  1  
   44021  1  
   44021  1  
   44021  1  
   44025  2  
   44025  2  
   44025  2  
   44025  2  
   44100  1  
   44100  1  
   44100  1  
   44200  1  
   44200  1  
   44200  1  
   44200  1  
   44200  1  
   44297  2  
   44297  2  
   44299  1  
   44299  1  
   44299  1  
   44299  1  
   44299  1  
   44299  1  
   44364  1  
   44364  1  
   44364  1  
   44364  1  
   44364  1  
   44364  1  
   44364  1  
   44364  1  
   44364  1  
   44364  1  
   44439  2  
   44439  2  
   44499  1  
   44499  1  
   44499  1  
   44499  1  
   44499  1  
   44505  1  
   44505  1  
   44505  1  
   44653  1  
   44653  1  
   44653  1  
   44653  1  
   44653  1  
   44709  3  
   44709  3  
   44709  3  
   44709  3  
   44723  1  
   44723  1  
   44723  1  
   44792  1  
   44792  1  
   44792  1  
   44792  1  
   44792  1  
   44844  2  
   44844  2  
   44844  2  
   44844  2  
   44887  2  
   44887  2  
   44887  2  
   44887  2  
   44930  1  
   44930  1  
   44930  1  
   44930  1  
   44930  1  
   44945  1  
   44945  1  
   44945  1  
   45061  1  
   45061  1  
   45061  1  
   45061  1  
   45061  1  
   45061  1  
   45061  1  
   45061  1  
   45061  1  
   45061  1  
   45162  1  
   45162  1  
   45162  1  
   45193  2  
   45193  2  
   45193  2  
   45193  2  
   45212  1  
   45212  1  
   45212  1  
   45212  1  
   45212  1  
   45352  1  
   45352  1  
   45352  1  
   45352  1  
   45352  1  
   45380  1  
   45380  1  
   45380  1  
   45481  2  
   45481  2  
   45481  2  
   45481  2  
   45489  1  
   45489  1  
   45489  1  
   45489  1  
   45489  1  
   45542  2  
   45542  2  
   45542  2  
   45542  2  
   45597  1  
   45597  1  
   45597  1  
   45623  1  
   45623  1  
   45623  1  
   45623  1  
   45623  1  
   45776  1  
   45776  1  
   45776  1  
   45776  1  
   45776  1  
   45791  2  
   45791  2  
   45805  3  
   45805  3  
   45805  3  
   45805  3  
   45818  1  
   45818  1  
   45818  1  
   45818  1  
   45818  1  
   45818  1  
   45923  1  
   45923  1  
   45923  1  
   45923  1  
   45923  1  
   45923  1  
   45923  1  
   45923  1  
   45923  1  
   45923  1  
   46052  2  
   46052  2  
   46062  1  
   46062  1  
   46062  1  
   46087  2  
   46087  2  
   46089  1  
   46089  1  
   46089  1  
   46089  1  
   46089  1  
   46270  1  
   46270  1  
   46270  1  
   46270  1  
   46270  1  
   46270  1  
   46270  1  
   46270  1  
   46270  1  
   46270  1  
   46304  1  
   46304  1  
   46304  1  
   46304  1  
   46304  1  
   46304  1  
   46394  2  
   46394  2  
   46415  1  
   46415  1  
   46415  1  
   46415  1  
   46415  1  
   46533  1  
   46533  1  
   46533  1  
   46554  2  
   46554  2  
   46577  1  
   46577  1  
   46577  1  
   46577  1  
   46577  1  
   46704  2  
   46704  2  
   46704  2  
   46704  2  
   46727  1  
   46727  1  
   46727  1  
   46727  1  
   46727  1  
   46777  1  
   46777  1  
   46777  1  
   46882  1  
   46882  1  
   46882  1  
   46882  1  
   46882  1  
   46955  3  
   46955  3  
   46955  3  
   46955  3  
   47001  1  
   47001  1  
   47001  1  
   47036  1  
   47036  1  
   47036  1  
   47036  1  
   47036  1  
   47036  1  
   47036  1  
   47036  1  
   47036  1  
   47036  1  
   47045  2  
   47045  2  
   47046  2  
   47046  2  
   47046  2  
   47046  2  
   47172  1  
   47172  1  
   47172  1  
   47172  1  
   47172  1  
   47223  1  
   47223  1  
   47223  1  
   47330  1  
   47330  1  
   47330  1  
   47330  1  
   47330  1  
   47386  2  
   47386  2  
   47386  2  
   47386  2  
   47445  3  
   47445  3  
   47445  3  
   47445  3  
   47456  1  
   47456  1  
   47456  1  
   47478  1  
   47478  1  
   47478  1  
   47478  1  
   47478  1  
   47612  1  
   47612  1  
   47612  1  
   47612  1  
   47612  1  
   47681  1  
   47681  1  
   47681  1  
   47681  1  
   47681  1  
   47681  1  
   47685  2  
   47685  2  
   47685  2  
   47685  2  
   47752  1  
   47752  1  
   47752  1  
   47752  1  
   47752  1  
   47801  2  
   47801  2  
   47862  1  
   47862  1  
   47862  1  
   47862  1  
   47862  1  
   47930  1  
   47930  1  
   47930  1  
   47950  1  
   47950  1  
   47950  1  
   47950  1  
   47950  1  
   48031  1  
   48031  1  
   48031  1  
   48031  1  
   48031  1  
   48107  1  
   48107  1  
   48107  1  
   48107  1  
   48107  1  
   48107  1  
   48107  1  
   48107  1  
   48107  1  
   48107  1  
   48137  2  
   48137  2  
   48154  1  
   48154  1  
   48154  1  
   48154  1  
   48154  1  
   48154  1  
   48154  1  
   48154  1  
   48154  1  
   48154  1  
   48208  1  
   48208  1  
   48208  1  
   48208  1  
   48208  1  
   48208  1  
   48208  1  
   48208  1  
   48208  1  
   48208  1  
   48211  1  
   48211  1  
   48211  1  
   48211  1  
   48211  1  
   48211  1  
   48213  2  
   48213  2  
   48213  2  
   48213  2  
   48222  3  
   48222  3  
   48222  3  
   48222  3  
   48263  1  
   48263  1  
   48263  1  
   48263  1  
   48263  1  
   48348  1  
   48348  1  
   48348  1  
   48348  1  
   48348  1  
   48438  1  
   48438  1  
   48438  1  
   48441  1  
   48441  1  
   48441  1  
   48441  1  
   48441  1  
   48518  2  
   48518  2  
   48551  1  
   48551  1  
   48551  1  
   48551  1  
   48551  1  
   48603  2  
   48603  2  
   48665  1  
   48665  1  
   48665  1  
   48677  1  
   48677  1  
   48677  1  
   48677  1  
   48677  1  
   48802  1  
   48802  1  
   48802  1  
   48802  1  
   48802  1  
   48813  2  
   48813  2  
   48884  1  
   48884  1  
   48884  1  
   48953  1  
   48953  1  
   48953  1  
   48953  1  
   48953  1  
   49053  2  
   49053  2  
   49053  2  
   49053  2  
   49089  1  
   49089  1  
   49089  1  
   49089  1  
   49089  1  
   49099  1  
   49099  1  
   49099  1  
   49109  2  
   49109  2  
   49109  2  
   49109  2  
   49216  1  
   49216  1  
   49216  1  
   49216  1  
   49216  1  
   49216  1  
   49216  1  
   49216  1  
   49216  1  
   49216  1  
   49309  1  
   49309  1  
   49309  1  
   49375  1  
   49375  1  
   49375  1  
   49375  1  
   49375  1  
   49463  2  
   49463  2  
   49463  2  
   49463  2  
   49507  1  
   49507  1  
   49507  1  
   49507  1  
   49507  1  
   49518  3  
   49518  3  
   49518  3  
   49518  3  
   49524  1  
   49524  1  
   49524  1  
   49524  1  
   49524  1  
   49524  1  
   49657  1  
   49657  1  
   49657  1  
   49657  1  
   49657  1  
   49735  1  
   49735  1  
   49735  1  
   49765  2  
   49765  2  
   49775  2  
   49775  2  
   49775  2  
   49775  2  
   49793  1  
   49793  1  
   49793  1  
   49793  1  
   49793  1  
   49937  1  
   49937  1  
   49937  1  
   49937  1  
   49937  1  
   49937  1  
   49937  1  
   49937  1  
   49937  1  
   49937  1  
   49943  1  
   49943  1  
   49943  1  
   49943  1  
   49943  1  
   49943  1  
   50052  2  
   50052  2  
   50052  2  
   50052  2  
   50102  1  
   50102  1  
   50102  1  
   50102  1  
   50102  1  
   50134  1  
   50134  1  
   50134  1  
   50206  2  
   50206  2  
   50262  1  
   50262  1  
   50262  1  
   50262  1  
   50262  1  
   50262  1  
   50262  1  
   50262  1  
   50262  1  
   50262  1  
   50316  1  
   50316  1  
   50316  1  
   50387  1  
   50387  1  
   50387  1  
   50387  1  
   50387  1  
   50414  2  
   50414  2  
   50504  1  
   50504  1  
   50504  1  
   50507  1  
   50507  1  
   50507  1  
   50507  1  
   50507  1  
   50628  1  
   50628  1  
   50628  1  
   50628  1  
   50628  1  
   50633  2  
   50633  2  
   50640  3  
   50640  3  
   50640  3  
   50640  3  
   50695  1  
   50695  1  
   50695  1  
   50765  1  
   50765  1  
   50765  1  
   50765  1  
   50765  1  
   50765  1  
   50765  1  
   50765  1  
   50765  1  
   50765  1  
   50773  2  
   50773  2  
   50773  2  
   50773  2  
   50862  3  
   50862  3  
   50862  3  
   50862  3  
   50893  1  
   50893  1  
   50893  1  
   50901  1  
   50901  1  
   50901  1  
   50901  1  
   50901  1  
   51026  1  
   51026  1  
   51026  1  
   51026  1  
   51026  1  
   51075  1  
   51075  1  
   51075  1  
   51079  2  
   51079  2  
   51079  2  
   51079  2  
   51082  2  
   51082  2  
   51082  2  
   51082  2  
   51172  1  
   51172  1  
   51172  1  
   51172  1  
   51172  1  
   51258  1  
   51258  1  
   51258  1  
   51258  1  
   51258  1  
   51258  1  
   51308  1  
   51308  1  
   51308  1  
   51308  1  
   51308  1  
   51308  1  
   51308  1  
   51308  1  
   51308  1  
   51308  1  
   51392  2  
   51392  2  
   51438  1  
   51438  1  
   51438  1  
   51438  1  
   51438  1  
   51487  1  
   51487  1  
   51487  1  
   51487  1  
   51487  1  
   51487  1  
   51574  1  
   51574  1  
   51574  1  
   51574  1  
   51574  1  
   51632  2  
   51632  2  
   51632  2  
   51632  2  
   51677  1  
   51677  1  
   51677  1  
   51697  2  
   51697  2  
   51697  2  
   51697  2  
   51700  1  
   51700  1  
   51700  1  
   51700  1  
   51700  1  
   51700  1  
   51700  1  
   51700  1  
   51700  1  
   51700  1  
   51830  1  
   51830  1  
   51830  1  
   51830  1  
   51830  1  
   51865  1  
   51865  1  
   51865  1  
   51951  1  
   51951  1  
   51951  1  
   51951  1  
   51951  1  
   51964  2  
   51964  2  
   52056  1  
   52056  1  
   52056  1  
   52072  2  
   52072  2  
   52074  1  
   52074  1  
   52074  1  
   52074  1  
   52074  1  
   52184  2  
   52184  2  
   52193  1  
   52193  1  
   52193  1  
   52193  1  
   52193  1  
   52222  3  
   52222  3  
   52222  3  
   52222  3  
   52239  1  
   52239  1  
   52239  1  
   52328  1  
   52328  1  
   52328  1  
   52328  1  
   52328  1  
   52328  1  
   52328  1  
   52328  1  
   52328  1  
   52328  1  
   52385  2  
   52385  2  
   52386  1  
   52386  1  
   52386  1  
   52455  1  
   52455  1  
   52455  1  
   52455  1  
   52455  1  
   52503  2  
   52503  2  
   52520  1  
   52520  1  
   52520  1  
   52569  2  
   52569  2  
   52569  2  
   52569  2  
   52595  1  
   52595  1  
   52595  1  
   52595  1  
   52595  1  
   52621  1  
   52621  1  
   52621  1  
   52684  2  
   52684  2  
   52684  2  
   52684  2  
   52702  1  
   52702  1  
   52702  1  
   52735  1  
   52735  1  
   52735  1  
   52735  1  
   52735  1  
   52773  1  
   52773  1  
   52773  1  
   52773  1  
   52773  1  
   52773  1  
   52807  2  
   52807  2  
   52807  2  
   52807  2  
   52832  1  
   52832  1  
   52832  1  
   52874  1  
   52874  1  
   52874  1  
   52874  1  
   52874  1  
   52877  1  
   52877  1  
   52877  1  
   52923  1  
   52923  1  
   52923  1  
   52923  1  
   52923  1  
   52923  1  
   52928  2  
   52928  2  
   52928  2  
   52928  2  
   52961  1  
   52961  1  
   52961  1  
   52961  1  
   52961  1  
   52961  1  
   52988  2  
   52988  2  
   53016  1  
   53016  1  
   53016  1  
   53022  1  
   53022  1  
   53022  1  
   53022  1  
   53022  1  
   53076  1  
   53076  1  
   53076  1  
   53155  1  
   53155  1  
   53155  1  
   53155  1  
   53155  1  
   53157  1  
   53157  1  
   53157  1  
   53188  2  
   53188  2  
   53247  1  
   53247  1  
   53247  1  
   53278  1  
   53278  1  
   53278  1  
   53278  1  
   53278  1  
   53278  1  
   53278  1  
   53278  1  
   53278  1  
   53358  1  
   53358  1  
   53358  1  
   53387  1  
   53387  1  
   53387  1  
   53387  1  
   53387  1  
   53387  1  
   53387  1  
   53387  1  
   53387  1  
   53405  2  
   53405  2  
   53448  2  
   53448  2  
   53448  2  
   53448  2  
   53474  1  
   53474  1  
   53474  1  
   53474  1  
   53474  1  
   53474  1  
   53474  1  
   53474  1  
   53474  1  
   53474  1  
   53496  1  
   53496  1  
   53496  1  
   53585  1  
   53585  1  
   53585  1  
   53585  1  
   53585  1  
   53623  3  
   53623  3  
   53623  3  
   53623  3  
   53655  1  
   53655  1  
   53655  1  
   53659  2  
   53659  2  
   53659  2  
   53659  2  
   53673  3  
   53673  3  
   53673  3  
   53673  3  
   53714  1  
   53714  1  
   53714  1  
   53714  1  
   53714  1  
   53789  2  
   53789  2  
   53830  1  
   53830  1  
   53830  1  
   53845  1  
   53845  1  
   53845  1  
   53845  1  
   53845  1  
   53949  2  
   53949  2  
   53972  1  
   53972  1  
   53972  1  
   53972  1  
   53972  1  
   53999  1  
   53999  1  
   53999  1  
   54071  2  
   54071  2  
   54104  1  
   54104  1  
   54104  1  
   54104  1  
   54104  1  
   54162  1  
   54162  1  
   54162  1  
   54231  1  
   54231  1  
   54231  1  
   54231  1  
   54231  1  
   54234  2  
   54234  2  
   54234  2  
   54234  2  
   54303  2  
   54303  2  
   54337  1  
   54337  1  
   54337  1  
   54337  1  
   54337  1  
   54337  1  
   54365  1  
   54365  1  
   54365  1  
   54365  1  
   54365  1  
   54365  1  
   54365  1  
   54365  1  
   54365  1  
   54365  1  
   54491  1  
   54491  1  
   54491  1  
   54491  1  
   54491  1  
   54502  2  
   54502  2  
   54521  2  
   54521  2  
   54521  2  
   54521  2  
   54523  1  
   54523  1  
   54523  1  
   54625  1  
   54625  1  
   54625  1  
   54625  1  
   54625  1  
   54682  2  
   54682  2  
   54682  2  
   54682  2  
   54709  1  
   54709  1  
   54709  1  
   54709  1  
   54709  1  
   54709  1  
   54759  1  
   54759  1  
   54759  1  
   54759  1  
   54759  1  
   54824  2  
   54824  2  
   54824  2  
   54824  2  
   54860  1  
   54860  1  
   54860  1  
   54886  1  
   54886  1  
   54886  1  
   54886  1  
   54886  1  
   54924  2  
   54924  2  
   54924  2  
   54924  2  
   54939  2  
   54939  2  
   54939  2  
   54939  2  
   55016  1  
   55016  1  
   55016  1  
   55022  1  
   55022  1  
   55022  1  
   55022  1  
   55022  1  
   55076  3  
   55076  3  
   55076  3  
   55076  3  
   55134  2  
   55134  2  
   55153  2  
   55153  2  
   55154  1  
   55154  1  
   55154  1  
   55154  1  
   55154  1  
   55154  1  
   55154  1  
   55154  1  
   55154  1  
   55171  1  
   55171  1  
   55171  1  
   55246  1  
   55246  1  
   55246  1  
   55246  1  
   55314  1  
   55314  1  
   55314  1  
   55350  1  
   55350  1  
   55350  1  
   55350  1  
   55350  1  
   55350  1  
   55350  1  
   55350  1  
   55358  2  
   55358  2  
   55360  2  
   55360  2  
   55360  2  
   55360  2  
   55465  1  
   55465  1  
   55465  1  
   55509  1  
   55509  1  
   55509  1  
   55509  1  
   55611  2  
   55611  2  
   55614  1  
   55614  1  
   55614  1  
   55614  1  
   55614  1  
   55614  1  
   55662  1  
   55662  1  
   55662  1  
   55662  1  
   55662  1  
   55662  1  
   55662  1  
   55662  1  
   55731  2  
   55731  2  
   55731  2  
   55731  2  
   55757  1  
   55757  1  
   55757  1  
   55784  1  
   55784  1  
   55784  1  
   55784  1  
   55895  2  
   55895  2  
   55908  1  
   55908  1  
   55908  1  
   55914  1  
   55914  1  
   55914  1  
   55914  1  
   55993  2  
   55993  2  
   56043  1  
   56043  1  
   56043  1  
   56043  1  
   56060  1  
   56060  1  
   56060  1  
   56164  1  
   56164  1  
   56164  1  
   56164  1  
   56211  1  
   56211  1  
   56211  1  
   56251  2  
   56251  2  
   56251  2  
   56251  2  
   56260  2  
   56260  2  
   56260  2  
   56260  2  
   56281  1  
   56281  1  
   56281  1  
   56281  1  
   56281  1  
   56281  1  
   56281  1  
   56281  1  
   56292  3  
   56292  3  
   56292  3  
   56292  3  
   56361  1  
   56361  1  
   56361  1  
   56361  1  
   56361  1  
   56361  1  
   56399  1  
   56399  1  
   56399  1  
   56399  1  
   56454  3  
   56454  3  
   56454  3  
   56454  3  
   56459  2  
   56459  2  
   56493  1  
   56493  1  
   56493  1  
   56523  1  
   56523  1  
   56523  1  
   56523  1  
   56626  1  
   56626  1  
   56626  1  
   56634  1  
   56634  1  
   56634  1  
   56634  1  
   56648  2  
   56648  2  
   56734  2  
   56734  2  
   56734  2  
   56734  2  
   56746  1  
   56746  1  
   56746  1  
   56746  1  
   56746  1  
   56746  1  
   56746  1  
   56746  1  
   56758  1  
   56758  1  
   56758  1  
   56758  1  
   56758  1  
   56758  1  
   56811  2  
   56811  2  
   56863  1  
   56863  1  
   56863  1  
   56863  1  
   56903  1  
   56903  1  
   56903  1  
   56959  2  
   56959  2  
   56959  2  
   56959  2  
   56981  1  
   56981  1  
   56981  1  
   56981  1  
   57040  2  
   57040  2  
   57047  1  
   57047  1  
   57047  1  
   57061  2  
   57061  2  
   57061  2  
   57061  2  
   57104  1  
   57104  1  
   57104  1  
   57104  1  
   57163  2  
   57163  2  
   57163  2  
   57163  2  
   57185  1  
   57185  1  
   57185  1  
   57219  1  
   57219  1  
   57219  1  
   57219  1  
   57219  1  
   57219  1  
   57219  1  
   57219  1  
   57304  2  
   57304  2  
   57327  1  
   57327  1  
   57327  1  
   57342  2  
   57342  2  
   57352  1  
   57352  1  
   57352  1  
   57352  1  
   57469  2  
   57469  2  
   57476  1  
   57476  1  
   57476  1  
   57486  1  
   57486  1  
   57486  1  
   57486  1  
   57607  1  
   57607  1  
   57607  1  
   57607  1  
   57607  1  
   57607  1  
   57608  1  
   57608  1  
   57608  1  
   57608  1  
   57639  2  
   57639  2  
   57639  2  
   57639  2  
   57641  2  
   57641  2  
   57721  1  
   57721  1  
   57721  1  
   57741  1  
   57741  1  
   57741  1  
   57741  1  
   57814  3  
   57814  3  
   57814  3  
   57814  3  
   57827  1  
   57827  1  
   57827  1  
   57827  1  
   57827  1  
   57827  1  
   57844  2  
   57844  2  
   57844  2  
   57844  2  
   57869  1  
   57869  1  
   57869  1  
   57869  1  
   57869  1  
   57869  1  
   57869  1  
   57869  1  
   57936  1  
   57936  1  
   57936  1  
   57936  1  
   57936  1  
   57936  1  
   57994  1  
   57994  1  
   57994  1  
   57994  1  
   58029  2  
   58029  2  
   58042  2  
   58042  2  
   58076  1  
   58076  1  
   58076  1  
   58130  1  
   58130  1  
   58130  1  
   58130  1  
   58130  1  
   58130  1  
   58130  1  
   58130  1  
   58193  1  
   58193  1  
   58193  1  
   58228  1  
   58228  1  
   58228  1  
   58228  1  
   58236  2  
   58236  2  
   58319  1  
   58319  1  
   58319  1  
   58331  1  
   58331  1  
   58331  1  
   58331  1  
   58331  1  
   58331  1  
   58331  1  
   58331  1  
   58398  2  
   58398  2  
   58398  2  
   58398  2  
   58437  1  
   58437  1  
   58437  1  
   58437  1  
   58443  2  
   58443  2  
   58443  2  
   58443  2  
   58444  1  
   58444  1  
   58444  1  
   58546  1  
   58546  1  
   58546  1  
   58546  1  
   58564  1  
   58564  1  
   58564  1  
   58627  2  
   58627  2  
   58655  1  
   58655  1  
   58655  1  
   58655  1  
   58664  2  
   58664  2  
   58664  2  
   58664  2  
   58671  3  
   58671  3  
   58671  3  
   58671  3  
   58694  1  
   58694  1  
   58694  1  
   58758  1  
   58758  1  
   58758  1  
   58758  1  
   58813  1  
   58813  1  
   58813  1  
   58813  1  
   58813  1  
   58813  1  
   58854  2  
   58854  2  
   58854  2  
   58854  2  
   58864  1  
   58864  1  
   58864  1  
   58864  1  
   58877  2  
   58877  2  
   58877  2  
   58877  2  
   58932  1  
   58932  1  
   58932  1  
   58969  1  
   58969  1  
   58969  1  
   58969  1  
   58969  1  
   58969  1  
   58969  1  
   58969  1  
   59050  1  
   59050  1  
   59050  1  
   59081  1  
   59081  1  
   59081  1  
   59081  1  
   59111  2  
   59111  2  
   59114  3  
   59114  3  
   59114  3  
   59114  3  
   59116  2  
   59116  2  
   59170  1  
   59170  1  
   59170  1  
   59196  1  
   59196  1  
   59196  1  
   59196  1  
   59279  1  
   59279  1  
   59279  1  
   59299  1  
   59299  1  
   59299  1  
   59299  1  
   59330  2  
   59330  2  
   59342  2  
   59342  2  
   59342  2  
   59342  2  
   59394  1  
   59394  1  
   59394  1  
   59402  1  
   59402  1  
   59402  1  
   59402  1  
   59494  1  
   59494  1  
   59494  1  
   59494  1  
   59507  1  
   59507  1  
   59507  1  
   59507  1  
   59507  1  
   59507  1  
   59514  2  
   59514  2  
   59569  1  
   59569  1  
   59569  1  
   59569  1  
   59635  1  
   59635  1  
   59635  1  
   59635  1  
   59687  1  
   59687  1  
   59687  1  
   59687  1  
   59690  2  
   59690  2  
   59690  2  
   59690  2  
   59693  1  
   59693  1  
   59693  1  
   59693  1  
   59693  1  
   59693  1  
   59706  2  
   59706  2  
   59706  2  
   59706  2  
   59732  1  
   59732  1  
   59732  1  
   59732  1  
   59769  1  
   59769  1  
   59769  1  
   59769  1  
   59808  1  
   59808  1  
   59808  1  
   59808  1  
   59808  1  
   59808  1  
   59808  1  
   59808  1  
   59816  1  
   59816  1  
   59816  1  
   59816  1  
   59816  1  
   59816  1  
   59816  1  
   59816  1  
   59828  1  
   59828  1  
   59828  1  
   59828  1  
   59828  1  
   59828  1  
   59828  1  
   59828  1  
   59843  1  
   59843  1  
   59843  1  
   59869  1  
   59869  1  
   59869  1  
   59869  1  
   59899  2  
   59899  2  
   59910  1  
   59910  1  
   59910  1  
   59910  1  
   59954  1  
   59954  1  
   59954  1  
   59954  1  
   59964  2  
   59964  2  
   59985  1  
   59985  1  
   59985  1  
   59985  1  
   59985  1  
   59985  1  
   60007  1  
   60007  1  
   60007  1  
   60007  1  
   60068  2  
   60068  2  
   60068  2  
   60068  2  
   60075  1  
   60075  1  
   60075  1  
   60075  1  
   60108  1  
   60108  1  
   60108  1  
   60148  1  
   60148  1  
   60148  1  
   60148  1  
   60164  2  
   60164  2  
   60164  2  
   60164  2  
   60167  2  
   60167  2  
   60167  2  
   60167  2  
   60233  1  
   60233  1  
   60233  1  
   60239  1  
   60239  1  
   60239  1  
   60239  1  
   60334  1  
   60334  1  
   60334  1  
   60334  1  
   60344  1  
   60344  1  
   60344  1  
   60349  2  
   60349  2  
   60411  2  
   60411  2  
   60430  1  
   60430  1  
   60430  1  
   60430  1  
   60445  3  
   60445  3  
   60445  3  
   60445  3  
   60462  1  
   60462  1  
   60462  1  
   60527  1  
   60527  1  
   60527  1  
   60527  1  
   60550  2  
   60550  2  
   60571  1  
   60571  1  
   60571  1  
   60571  1  
   60571  1  
   60571  1  
   60626  1  
   60626  1  
   60626  1  
   60626  1  
   60626  1  
   60626  1  
   60626  1  
   60626  1  
   60646  2  
   60646  2  
   60646  2  
   60646  2  
   60671  1  
   60671  1  
   60671  1  
   60726  1  
   60726  1  
   60726  1  
   60726  1  
   60760  2  
   60760  2  
   60762  1  
   60762  1  
   60762  1  
   60819  2  
   60819  2  
   60819  2  
   60819  2  
   60823  3  
   60823  3  
   60823  3  
   60823  3  
   60835  1  
   60835  1  
   60835  1  
   60835  1  
   60867  1  
   60867  1  
   60867  1  
   60934  1  
   60934  1  
   60934  1  
   60934  1  
   60961  1  
   60961  1  
   60961  1  
   61007  2  
   61007  2  
   61007  2  
   61007  2  
   61034  1  
   61034  1  
   61034  1  
   61034  1  
   61054  1  
   61054  1  
   61054  1  
   61065  2  
   61065  2  
   61065  2  
   61065  2  
   61135  1  
   61135  1  
   61135  1  
   61135  1  
   61135  1  
   61135  1  
   61135  1  
   61135  1  
   61150  1  
   61150  1  
   61150  1  
   61150  1  
   61150  1  
   61150  1  
   61219  2  
   61219  2  
   61226  1  
   61226  1  
   61226  1  
   61226  1  
   61230  2  
   61230  2  
   61264  1  
   61264  1  
   61264  1  
   61264  1  
   61264  1  
   61264  1  
   61325  1  
   61325  1  
   61325  1  
   61325  1  
   61325  1  
   61325  1  
   61325  1  
   61325  1  
   61388  2  
   61388  2  
   61391  2  
   61391  2  
   61393  1  
   61393  1  
   61393  1  
   61393  1  
   61393  1  
   61393  1  
   61410  1  
   61410  1  
   61410  1  
   61410  1  
   61480  1  
   61480  1  
   61480  1  
   61485  1  
   61485  1  
   61485  1  
   61485  1  
   61537  2  
   61537  2  
   61539  2  
   61539  2  
   61539  2  
   61539  2  
   61571  1  
   61571  1  
   61571  1  
   61571  1  
   61575  1  
   61575  1  
   61575  1  
   61576  3  
   61576  3  
   61576  3  
   61576  3  
   61645  1  
   61645  1  
   61645  1  
   61645  1  
   61645  1  
   61645  1  
   61645  1  
   61645  1  
   61665  1  
   61665  1  
   61665  1  
   61673  2  
   61673  2  
   61673  2  
   61673  2  
   61695  2  
   61695  2  
   61738  1  
   61738  1  
   61738  1  
   61738  1  
   61753  1  
   61753  1  
   61753  1  
   61754  2  
   61754  2  
   61754  2  
   61754  2  
   61826  2  
   61826  2  
   61830  1  
   61830  1  
   61830  1  
   61830  1  
   61848  1  
   61848  1  
   61848  1  
   61854  2  
   61854  2  
   61915  1  
   61915  1  
   61915  1  
   61915  1  
   61926  2  
   61926  2  
   61930  1  
   61930  1  
   61930  1  
   61930  1  
   61930  1  
   61930  1  
   61954  2  
   61954  2  
   62006  1  
   62006  1  
   62006  1  
   62006  1  
   62006  1  
   62006  1  
   62006  1  
   62006  1  
   62013  1  
   62013  1  
   62013  1  
   62033  2  
   62033  2  
   62057  2  
   62057  2  
   62057  2  
   62057  2  
   62060  2  
   62060  2  
   62060  2  
   62060  2  
   62093  1  
   62093  1  
   62093  1  
   62105  1  
   62105  1  
   62105  1  
   62105  1  
   62135  2  
   62135  2  
   62135  2  
   62135  2  
   62167  1  
   62167  1  
   62167  1  
   62176  2  
   62176  2  
   62176  2  
   62176  2  
   62186  2  
   62186  2  
   62193  1  
   62193  1  
   62193  1  
   62193  1  
   62248  1  
   62248  1  
   62248  1  
   62287  1  
   62287  1  
   62287  1  
   62287  1  
   62287  1  
   62287  1  
   62287  1  
   62287  1  
   62291  2  
   62291  2  
   62314  1  
   62314  1  
   62314  1  
   62322  2  
   62322  2  
   62349  1  
   62349  1  
   62349  1  
   62349  1  
   62377  1  
   62377  1  
   62377  1  
   62407  2  
   62407  2  
   62418  1  
   62418  1  
   62418  1  
   62418  1  
   62440  1  
   62440  1  
   62440  1  
   62467  2  
   62467  2  
   62486  1  
   62486  1  
   62486  1  
   62486  1  
   62496  1  
   62496  1  
   62496  1  
   62496  1  
   62496  1  
   62496  1  
   62529  3  
   62529  3  
   62529  3  
   62529  3  
   62535  1  
   62535  1  
   62535  1  
   62535  1  
   62535  1  
   62535  1  
   62547  2  
   62547  2  
   62564  1  
   62564  1  
   62564  1  
   62564  1  
   62603  1  
   62603  1  
   62603  1  
   62603  1  
   62603  1  
   62603  1  
   62605  2  
   62605  2  
   62605  2  
   62605  2  
   62616  3  
   62616  3  
   62616  3  
   62616  3  
   62632  1  
   62632  1  
   62632  1  
   62632  1  
   62632  1  
   62632  1  
   62632  1  
   62632  1  
   62662  1  
   62662  1  
   62662  1  
   62699  2  
   62699  2  
   62699  2  
   62699  2  
   62706  1  
   62706  1  
   62706  1  
   62706  1  
   62722  1  
   62722  1  
   62722  1  
   62725  2  
   62725  2  
   62785  1  
   62785  1  
   62785  1  
   62785  1  
   62791  1  
   62791  1  
   62791  1  
   62803  2  
   62803  2  
   62860  1  
   62860  1  
   62860  1  
   62860  1  
   62864  1  
   62864  1  
   62864  1  
   62875  2  
   62875  2  
   62898  2  
   62898  2  
   62928  2  
   62928  2  
   62933  1  
   62933  1  
   62933  1  
   62933  1  
   62939  1  
   62939  1  
   62939  1  
   62977  2  
   62977  2  
   62998  1  
   62998  1  
   62998  1  
   62998  1  
   63011  1  
   63011  1  
   63011  1  
   63013  2  
   63013  2  
   63048  2  
   63048  2  
   63064  1  
   63064  1  
   63064  1  
   63064  1  
   63083  2  
   63083  2  
   63109  2  
   63109  2  
   63109  2  
   63109  2  
   63111  1  
   63111  1  
   63111  1  
   63111  1  
   63111  1  
   63111  1  
   63115  2  
   63115  2  
   63115  2  
   63115  2  
   63128  1  
   63128  1  
   63128  1  
   63128  1  
   63138  2  
   63138  2  
   63140  2  
   63140  2  
   63140  2  
   63140  2  
   63169  2  
   63169  2  
   63181  1  
   63181  1  
   63181  1  
   63181  1  
   63202  2  
   63202  2  
   63210  1  
   63210  1  
   63210  1  
   63219  1  
   63219  1  
   63219  1  
   63219  1  
   63240  2  
   63240  2  
   63253  1  
   63253  1  
   63253  1  
   63253  1  
   63301  1  
   63301  1  
   63301  1  
   63301  1  
   63301  1  
   63301  1  
   63301  1  
   63301  1  
   63307  1  
   63307  1  
   63307  1  
   63307  1  
   63307  1  
   63307  1  
   63307  1  
   63307  1  
   63318  1  
   63318  1  
   63318  1  
   63318  1  
   63318  1  
   63318  1  
   63318  1  
   63318  1  
   63328  2  
   63328  2  
   63353  1  
   63353  1  
   63353  1  
   63356  1  
   63356  1  
   63356  1  
   63356  1  
   63373  2  
   63373  2  
   63381  1  
   63381  1  
   63381  1  
   63381  1  
   63389  2  
   63389  2  
   63416  1  
   63416  1  
   63416  1  
   63416  1  
   63436  1  
   63436  1  
   63436  1  
   63452  2  
   63452  2  
   63456  1  
   63456  1  
   63456  1  
   63456  1  
   63497  1  
   63497  1  
   63497  1  
   63497  1  
   63506  1  
   63506  1  
   63506  1  
   63515  2  
   63515  2  
   63515  2  
   63515  2  
   63519  2  
   63519  2  
   63519  2  
   63519  2  
   63543  1  
   63543  1  
   63543  1  
   63543  1  
   63565  1  
   63565  1  
   63565  1  
   63565  1  
   63565  1  
   63565  1  
   63584  2  
   63584  2  
   63601  1  
   63601  1  
   63601  1  
   63601  1  
   63619  1  
   63619  1  
   63619  1  
   63650  2  
   63650  2  
   63662  1  
   63662  1  
   63662  1  
   63662  1  
   63679  1  
   63679  1  
   63679  1  
   63696  3  
   63696  3  
   63696  3  
   63696  3  
   63699  2  
   63699  2  
   63699  2  
   63699  2  
   63716  1  
   63716  1  
   63716  1  
   63716  1  
   63727  2  
   63727  2  
   63734  1  
   63734  1  
   63734  1  
   63734  1  
   63734  1  
   63734  1  
   63775  1  
   63775  1  
   63775  1  
   63775  1  
   63789  1  
   63789  1  
   63789  1  
   63826  2  
   63826  2  
   63837  1  
   63837  1  
   63837  1  
   63837  1  
   63837  1  
   63837  1  
   63837  1  
   63846  1  
   63846  1  
   63846  1  
   63874  2  
   63874  2  
   63874  2  
   63874  2  
   63892  1  
   63892  1  
   63892  1  
   63896  1  
   63896  1  
   63896  1  
   63932  2  
   63932  2  
   63932  2  
   63932  2  
   63947  1  
   63947  1  
   63947  1  
   63956  1  
   63956  1  
   63956  1  
   64000  1  
   64000  1  
   64000  1  
   64005  2  
   64005  2  
   64014  1  
   64014  1  
   64014  1  
   64017  3  
   64017  3  
   64017  3  
   64017  3  
   64031  2  
   64031  2  
   64047  1  
   64047  1  
   64047  1  
   64072  1  
   64072  1  
   64072  1  
   64072  1  
   64072  1  
   64072  1  
   64086  1  
   64086  1  
   64086  1  
   64086  1  
   64086  1  
   64086  1  
   64115  2  
   64115  2  
   64120  1  
   64120  1  
   64120  1  
   64127  2  
   64127  2  
   64127  2  
   64127  2  
   64129  1  
   64129  1  
   64129  1  
   64129  1  
   64129  1  
   64129  1  
   64164  1  
   64164  1  
   64164  1  
   64164  1  
   64164  1  
   64164  1  
   64173  1  
   64173  1  
   64173  1  
   64185  2  
   64185  2  
   64199  1  
   64199  1  
   64199  1  
   64224  1  
   64224  1  
   64224  1  
   64224  1  
   64224  1  
   64224  1  
   64236  1  
   64236  1  
   64236  1  
   64240  2  
   64240  2  
   64251  2  
   64251  2  
   64266  1  
   64266  1  
   64266  1  
   64272  1  
   64272  1  
   64272  1  
   64304  2  
   64304  2  
   64304  2  
   64304  2  
   64314  1  
   64314  1  
   64314  1  
   64315  1  
   64315  1  
   64315  1  
   64343  2  
   64343  2  
   64345  1  
   64345  1  
   64345  1  
   64352  2  
   64352  2  
   64352  2  
   64352  2  
   64357  1  
   64357  1  
   64357  1  
   64380  2  
   64380  2  
   64381  1  
   64381  1  
   64381  1  
   64384  3  
   64384  3  
   64384  3  
   64384  3  
   64393  2  
   64393  2  
   64393  2  
   64393  2  
   64405  1  
   64405  1  
   64405  1  
   64423  1  
   64423  1  
   64423  1  
   64424  2  
   64424  2  
   64424  2  
   64424  2  
   64440  2  
   64440  2  
   64449  1  
   64449  1  
   64449  1  
   64453  2  
   64453  2  
   64458  1  
   64458  1  
   64458  1  
   64458  1  
   64458  1  
   64458  1  
   64483  2  
   64483  2  
   64490  1  
   64490  1  
   64490  1  
   64504  1  
   64504  1  
   64504  1  
   64530  2  
   64530  2  
   64531  1  
   64531  1  
   64531  1  
   64531  1  
   64531  1  
   64531  1  
   64546  1  
   64546  1  
   64546  1  
   64547  2  
   64547  2  
   64550  1  
   64550  1  
   64550  1  
   64550  1  
   64550  1  
   64550  1  
   64570  1  
   64570  1  
   64570  1  
   64574  2  
   64574  2  
   64579  1  
   64579  1  
   64579  1  
   64589  1  
   64589  1  
   64589  1  
   64611  1  
   64611  1  
   64611  1  
   64619  1  
   64619  1  
   64619  1  
   64628  2  
   64628  2  
   64628  2  
   64628  2  
   64634  2  
   64634  2  
   64634  2  
   64634  2  
   64639  1  
   64639  1  
   64639  1  
   64653  1  
   64653  1  
   64653  1  
   64653  1  
   64653  1  
   64653  1  
   64654  1  
   64654  1  
   64654  1  
   64671  1  
   64671  1  
   64671  1  
   64675  1  
   64675  1  
   64675  1  
   64678  2  
   64678  2  
   64678  2  
   64678  2  
   64689  1  
   64689  1  
   64689  1  
   64690  2  
   64690  2  
   64694  1  
   64694  1  
   64694  1  
   64695  2  
   64695  2  
   64704  1  
   64704  1  
   64704  1  
   64704  1  
   64704  1  
   64704  1  
   64712  1  
   64712  1  
   64712  1  
   64712  1  
   64712  1  
   64712  1  
   64714  1  
   64714  1  
   64714  1  
   64715  1  
   64715  1  
   64715  1  
   64722  1  
   64722  1  
   64722  1  
   64722  1  
   64722  1  
   64722  1  
   64732  1  
   64732  1  
   64732  1  
   64735  1  
   64735  1  
   64735  1  
   64738  1  
   64738  1  
   64738  1  
   64740  1  
   64740  1  
   64740  1  
   64744  2  
   64744  2  
   64744  2  
   64744  2  
   64745  1  
   64745  1  
   64745  1  
   64748  1  
   64748  1  
   64748  1  
   64754  2  
   64754  2  
   64759  1  
   64759  1  
   64759  1  
   64761  1  
   64761  1  
   64761  1  
   64766  2  
   64766  2  
   64767  1  
   64767  1  
   64767  1  
   64767  1  
   64767  1  
   64767  1  
   64802  2  
   64802  2  
   64802  2  
   64802  2  
   64806  3  
   64806  3  
   64806  3  
   64806  3  
   64820  2  
   64820  2  
   64820  2  
   64820  2  
   64823  3  
   64823  3  
   64823  3  
   64823  3  
   64829  2  
   64829  2  
   64858  2  
   64858  2  
   64859  2  
   64859  2  
   64859  2  
   64859  2  
   64884  2  
   64884  2  
   64901  2  
   64901  2  
   64901  2  
   64901  2  
   64909  2  
   64909  2  
   64909  2  
   64909  2  
   64915  2  
   64915  2  
   64925  2  
   64925  2  
   64940  2  
   64940  2  
   64940  2  
   64940  2  
   64941  2  
   64941  2  
   64949  2  
   64949  2  
   64949  2  
   64949  2  
   64973  2  
   64973  2  
   64973  2  
   64973  2  
   64988  2  
   64988  2  
   65003  2  
   65003  2  
   65010  3  
   65010  3  
   65010  3  
   65010  3  
   65024  2  
   65024  2  
   65024  2  
   65024  2  
   65029  2  
   65029  2  
   65029  2  
   65029  2  
   65045  2  
   65045  2  
   65063  2  
   65063  2  
   65067  3  
   65067  3  
   65067  3  
   65067  3  
   65069  2  
   65069  2  
   65087  2  
   65087  2  
   65092  2  
   65092  2  
   65116  2  
   65116  2  
   65116  2  
   65116  2  
   65117  2  
   65117  2  
   65130  2  
   65130  2  
   65139  2  
   65139  2  
   65139  2  
   65139  2  
   65141  2  
   65141  2  
   65141  2  
   65141  2  
   65151  2  
   65151  2  
   65156  2  
   65156  2  
   65165  2  
   65165  2  
   65172  3  
   65172  3  
   65172  3  
   65172  3  
   65175  2  
   65175  2  
   65180  2  
   65180  2  
   65193  2  
   65193  2  
   65193  2  
   65193  2  
   65194  2  
   65194  2  
   65204  2  
   65204  2  
   65207  2  
   65207  2  
   65214  2  
   65214  2  
   65221  2  
   65221  2  
   65221  2  
   65221  2  
   65224  2  
   65224  2  
   65229  2  
   65229  2  
   65232  2  
   65232  2  
   65232  2  
   65232  2  
   65236  2  
   65236  2  
   65237  2  
   65237  2  
   65239  2  
   65239  2  
   65241  2  
   65241  2  
   65247  2  
   65247  2  
   65248  3  
   65248  3  
   65248  3  
   65248  3  
   65250  2  
   65250  2  
   65254  2  
   65254  2  
   65259  2  
   65259  2  
   65259  2  
   65259  2  
   65270  3  
   65270  3  
   65270  3  
   65270  3  
   65302  3  
   65302  3  
   65302  3  
   65302  3  
   65304  3  
   65304  3  
   65304  3  
   65304  3  
   65306  3  
   65306  3  
   65306  3  
   65306  3  
   65307  3  
   65307  3  
   65307  3  
   65307  3  
   65311  3  
   65311  3  
   65311  3  
   65311  3  
   65312  3  
   65312  3  
   65312  3  
   65312  3  
   65315  3  
   65315  3  
   65315  3  
   65315  3  
   65320  3  
   65320  3  
   65320  3  
   65320  3  
   65323  3  
   65323  3  
   65323  3  
   65323  3  
   65325  3  
   65325  3  
   65325  3  
   65325  3  
   65326  3  
   65326  3  
   65326  3  
   65326  3  
   65329  3  
   65329  3  
   65329  3  
   65329  3  
   65334  3  
   65334  3  
   65334  3  
   65334  3  
   65341  3  
   65341  3  
   65341  3  
   65341  3  
   65342  3  
   65342  3  
   65342  3  
   65342  3  
   65343  3  
   65343  3  
   65343  3  
   65343  3  
   65344  3  
   65344  3  
   65344  3  
   65344  3  
   65348  3  
   65348  3  
   65348  3  
   65348  3  
   65355  3  
   65355  3  
   65355  3  
   65355  3  
   65356  3  
   65356  3  
   65356  3  
   65356  3  
   65358  3  
   65358  3  
   65358  3  
   65358  3  
   65360  3  
   65360  3  
   65360  3  
   65360  3  
   65362  3  
   65362  3  
   65362  3  
   65362  3  
   65365  3  
   65365  3  
   65365  3  
   65365  3  
   65369  3  
   65369  3  
   65369  3  
   65369  3  
   65370  3  
   65370  3  
   65370  3  
   65370  3  
   65371  3  
   65371  3  
   65371  3  
   65371  3  
   65374  3  
   65374  3  
   65374  3  
   65374  3  
   65377  3  
   65377  3  
   65377  3  
   65377  3  
   65378  3  
   65378  3  
   65378  3  
   65378  3  
   65380  3  
   65380  3  
   65380  3  
   65380  3  
   65383  3  
   65383  3  
   65383  3  
   65383  3  
   65385  3  
   65385  3  
   65385  3  
   65385  3  
   65386  3  
   65386  3  
   65386  3  
   65386  3  
   65387  3  
   65387  3  
   65387  3  
   65387  3  
   65389  3  
   65389  3  
   65389  3  
   65389  3  
   65390  3  
   65390  3  
   65390  3  
   65390  3  
   65391  3  
   65391  3  
   65391  3  
   65391  3  
   65392  3  
   65392  3  
   65392  3  
   65392  3  
   65393  3  
   65393  3  
   65393  3  
   65393  3  
  END_ON_NODES
