  ON_NODES
   1  3  
   2  3  
   3  3  
   6  3  
   7  3  
   15  3  
   16  3  
   69  1  
   69  2  
   70  1  
   70  2  
   72  1  
   72  2  
   73  4  
   73  1  
   73  2  
   73  1  
   73  2  
   76  1  
   76  2  
   77  1  
   77  2  
   78  1  
   78  2  
   79  1  
   79  2  
   82  1  
   82  2  
   84  1  
   84  2  
   86  1  
   86  2  
   88  1  
   88  2  
   90  1  
   90  2  
   91  3  
   92  3  
   94  1  
   94  2  
   95  1  
   95  2  
   96  4  
   104  1  
   104  2  
   105  1  
   105  2  
   113  1  
   113  2  
   116  1  
   116  2  
   120  4  
   121  1  
   121  2  
   126  1  
   126  2  
   129  1  
   129  2  
   138  1  
   138  2  
   140  4  
   142  1  
   142  2  
   149  1  
   149  2  
   156  1  
   156  2  
   159  4  
   160  1  
   160  2  
   168  1  
   168  2  
   173  1  
   173  2  
   179  4  
   182  1  
   182  2  
   195  1  
   195  2  
   197  1  
   197  2  
   199  4  
   209  1  
   209  2  
   216  4  
   217  1  
   217  2  
   225  1  
   225  2  
   237  4  
   240  1  
   240  2  
   241  1  
   241  2  
   255  4  
   257  1  
   257  2  
   270  1  
   270  2  
   274  1  
   274  2  
   276  4  
   298  1  
   298  2  
   299  3  
   300  3  
   303  1  
   303  2  
   304  4  
   320  1  
   320  2  
   324  4  
   336  1  
   336  2  
   342  1  
   342  2  
   350  4  
   366  1  
   366  2  
   371  1  
   371  2  
   374  4  
   393  1  
   393  2  
   399  4  
   408  1  
   408  2  
   417  1  
   417  2  
   425  4  
   447  1  
   447  2  
   449  4  
   450  1  
   450  2  
   476  4  
   477  1  
   477  2  
   497  1  
   497  2  
   497  1  
   497  2  
   507  4  
   511  1  
   511  2  
   535  4  
   543  1  
   543  2  
   545  1  
   545  2  
   558  3  
   559  3  
   562  4  
   585  1  
   585  2  
   596  4  
   601  1  
   601  2  
   621  1  
   621  2  
   629  4  
   654  1  
   654  2  
   657  4  
   659  1  
   659  2  
   689  4  
   699  1  
   699  2  
   713  1  
   713  2  
   718  4  
   741  1  
   741  2  
   758  4  
   772  1  
   772  2  
   786  4  
   787  1  
   787  2  
   822  4  
   832  1  
   832  2  
   833  1  
   833  2  
   855  4  
   888  1  
   888  2  
   895  3  
   896  3  
   897  4  
   900  1  
   900  2  
   932  4  
   940  1  
   940  2  
   964  4  
   965  1  
   965  2  
   993  1  
   993  2  
   1008  4  
   1033  1  
   1033  2  
   1038  4  
   1041  1  
   1041  2  
   1080  4  
   1094  1  
   1094  2  
   1108  1  
   1108  2  
   1117  4  
   1154  1  
   1154  2  
   1155  4  
   1179  1  
   1179  2  
   1200  4  
   1219  1  
   1219  2  
   1234  4  
   1249  1  
   1249  2  
   1275  3  
   1276  3  
   1283  4  
   1285  1  
   1285  2  
   1315  1  
   1315  2  
   1324  4  
   1346  1  
   1346  2  
   1364  4  
   1383  1  
   1383  2  
   1404  4  
   1410  1  
   1410  2  
   1441  1  
   1441  2  
   1446  4  
   1478  1  
   1478  2  
   1490  4  
   1504  1  
   1504  2  
   1531  4  
   1548  1  
   1548  2  
   1563  1  
   1563  2  
   1579  4  
   1613  1  
   1613  2  
   1622  1  
   1622  2  
   1626  4  
   1665  1  
   1665  2  
   1668  4  
   1690  1  
   1690  2  
   1696  3  
   1697  3  
   1721  4  
   1722  1  
   1722  2  
   1769  4  
   1771  1  
   1771  2  
   1771  4  
   1771  1  
   1771  2  
   1775  4  
   1779  1  
   1779  2  
   1781  4  
   1786  4  
   1794  4  
   1804  4  
   1811  4  
   1818  4  
   1823  4  
   1827  4  
   1833  4  
   1834  1  
   1834  2  
   1845  4  
   1854  4  
   1864  4  
   1874  4  
   1879  1  
   1879  2  
   1885  4  
   1887  4  
   1894  1  
   1894  2  
   1904  4  
   1916  4  
   1931  4  
   1942  4  
   1946  4  
   1953  1  
   1953  2  
   1957  4  
   1972  4  
   1978  1  
   1978  2  
   1986  4  
   1999  4  
   2009  4  
   2017  1  
   2017  2  
   2022  4  
   2041  4  
   2051  4  
   2059  4  
   2069  1  
   2069  2  
   2072  1  
   2072  2  
   2073  4  
   2094  4  
   2103  4  
   2119  4  
   2135  1  
   2135  2  
   2137  4  
   2152  4  
   2154  4  
   2171  1  
   2171  2  
   2174  4  
   2193  1  
   2193  2  
   2198  4  
   2206  4  
   2223  4  
   2246  4  
   2250  3  
   2251  3  
   2256  4  
   2259  1  
   2259  2  
   2266  4  
   2271  1  
   2271  2  
   2290  4  
   2307  4  
   2320  4  
   2327  1  
   2327  2  
   2345  4  
   2357  4  
   2367  4  
   2372  1  
   2372  2  
   2385  1  
   2385  2  
   2393  4  
   2404  4  
   2421  4  
   2445  4  
   2450  1  
   2450  2  
   2454  4  
   2469  4  
   2470  1  
   2470  2  
   2497  4  
   2498  4  
   2520  1  
   2520  2  
   2532  4  
   2552  4  
   2560  4  
   2577  1  
   2577  2  
   2581  1  
   2581  2  
   2586  4  
   2593  4  
   2618  4  
   2645  4  
   2652  4  
   2654  1  
   2654  2  
   2679  4  
   2683  1  
   2683  2  
   2688  4  
   2710  4  
   2721  1  
   2721  2  
   2739  4  
   2749  4  
   2777  4  
   2780  4  
   2791  1  
   2791  2  
   2792  1  
   2792  2  
   2807  4  
   2820  3  
   2821  3  
   2830  4  
   2849  4  
   2871  1  
   2871  2  
   2875  4  
   2879  4  
   2906  1  
   2906  2  
   2908  4  
   2918  4  
   2942  4  
   2946  1  
   2946  2  
   2967  4  
   2974  4  
   3009  4  
   3010  4  
   3015  1  
   3015  2  
   3019  1  
   3019  2  
   3039  4  
   3054  4  
   3075  4  
   3097  4  
   3099  1  
   3099  2  
   3106  4  
   3135  4  
   3137  4  
   3138  1  
   3138  2  
   3173  4  
   3177  1  
   3177  2  
   3185  4  
   3203  4  
   3221  4  
   3234  4  
   3249  1  
   3249  2  
   3254  1  
   3254  2  
   3260  4  
   3263  4  
   3303  4  
   3309  4  
   3334  4  
   3342  1  
   3342  2  
   3349  4  
   3361  4  
   3376  1  
   3376  2  
   3383  4  
   3395  4  
   3422  1  
   3422  2  
   3430  4  
   3432  4  
   3440  3  
   3441  3  
   3458  4  
   3466  4  
   3490  4  
   3505  1  
   3505  2  
   3506  4  
   3507  1  
   3507  2  
   3528  4  
   3548  4  
   3560  4  
   3590  4  
   3591  4  
   3599  1  
   3599  2  
   3620  4  
   3624  4  
   3637  1  
   3637  2  
   3653  4  
   3672  4  
   3684  4  
   3690  1  
   3690  2  
   3703  4  
   3713  4  
   3740  4  
   3747  4  
   3775  4  
   3776  1  
   3776  2  
   3780  4  
   3785  1  
   3785  2  
   3810  4  
   3819  4  
   3834  4  
   3847  4  
   3862  4  
   3874  1  
   3874  2  
   3889  4  
   3899  4  
   3922  1  
   3922  2  
   3927  4  
   3929  4  
   3960  4  
   3967  4  
   3980  1  
   3980  2  
   3987  4  
   3999  4  
   4012  4  
   4033  4  
   4039  4  
   4063  1  
   4063  2  
   4073  4  
   4075  4  
   4080  1  
   4080  2  
   4099  4  
   4104  4  
   4130  4  
   4131  3  
   4132  3  
   4139  4  
   4158  4  
   4179  4  
   4189  1  
   4189  2  
   4192  4  
   4204  4  
   4214  1  
   4214  2  
   4218  4  
   4245  4  
   4247  4  
   4267  4  
   4273  4  
   4291  1  
   4291  2  
   4292  4  
   4302  4  
   4328  4  
   4341  4  
   4354  4  
   4373  1  
   4373  2  
   4374  4  
   4380  4  
   4407  4  
   4410  4  
   4411  1  
   4411  2  
   4436  4  
   4439  4  
   4456  4  
   4459  4  
   4484  4  
   4506  4  
   4514  4  
   4525  1  
   4525  2  
   4534  4  
   4539  4  
   4541  1  
   4541  2  
   4565  4  
   4567  4  
   4590  4  
   4596  4  
   4612  4  
   4618  4  
   4635  4  
   4656  1  
   4656  2  
   4660  4  
   4666  4  
   4687  4  
   4689  4  
   4712  4  
   4713  4  
   4716  1  
   4716  2  
   4735  4  
   4740  4  
   4756  4  
   4767  4  
   4777  1  
   4777  2  
   4778  4  
   4800  4  
   4805  4  
   4828  4  
   4830  4  
   4853  4  
   4856  4  
   4873  4  
   4887  4  
   4898  4  
   4902  1  
   4902  2  
   4912  4  
   4914  1  
   4914  2  
   4915  4  
   4935  4  
   4936  4  
   4953  4  
   4958  3  
   4959  3  
   4962  4  
   4977  4  
   4989  4  
   4999  4  
   5017  4  
   5020  4  
   5038  4  
   5041  4  
   5050  1  
   5050  2  
   5058  4  
   5066  4  
   5083  4  
   5093  4  
   5095  1  
   5095  2  
   5100  4  
   5114  4  
   5115  4  
   5131  4  
   5132  4  
   5149  4  
   5161  4  
   5171  4  
   5184  4  
   5190  4  
   5194  1  
   5194  2  
   5205  4  
   5206  4  
   5225  4  
   5227  4  
   5237  4  
   5247  4  
   5251  4  
   5266  5  
   5266  4  
   5266  4  
   5266  5  
   5283  5  
   5285  1  
   5285  2  
   5288  5  
   5293  5  
   5302  5  
   5306  5  
   5315  1  
   5315  2  
   5318  5  
   5321  5  
   5344  5  
   5347  5  
   5365  5  
   5371  5  
   5380  5  
   5390  5  
   5392  5  
   5409  5  
   5411  5  
   5431  5  
   5438  5  
   5450  5  
   5460  1  
   5460  2  
   5461  5  
   5465  1  
   5465  2  
   5471  5  
   5487  5  
   5489  5  
   5512  5  
   5515  5  
   5534  5  
   5542  5  
   5557  5  
   5568  5  
   5578  5  
   5588  5  
   5598  5  
   5601  1  
   5601  2  
   5617  5  
   5618  5  
   5637  5  
   5641  5  
   5653  1  
   5653  2  
   5660  5  
   5668  5  
   5688  5  
   5703  5  
   5712  5  
   5733  5  
   5739  5  
   5745  1  
   5745  2  
   5769  5  
   5770  5  
   5788  5  
   5791  5  
   5808  5  
   5816  5  
   5828  5  
   5829  1  
   5829  2  
   5840  5  
   5859  3  
   5860  3  
   5866  5  
   5882  1  
   5882  2  
   5885  5  
   5894  5  
   5915  5  
   5921  5  
   5944  5  
   5945  5  
   5967  5  
   5968  5  
   5992  5  
   5997  5  
   6003  1  
   6003  2  
   6004  1  
   6004  2  
   6030  5  
   6041  5  
   6057  5  
   6074  5  
   6081  5  
   6097  5  
   6107  5  
   6132  5  
   6136  1  
   6136  2  
   6139  5  
   6156  5  
   6163  5  
   6164  1  
   6164  2  
   6199  5  
   6201  5  
   6230  5  
   6232  5  
   6260  1  
   6260  2  
   6262  5  
   6270  5  
   6289  5  
   6301  5  
   6319  5  
   6320  1  
   6320  2  
   6339  5  
   6358  5  
   6374  5  
   6388  1  
   6388  2  
   6395  5  
   6413  5  
   6423  5  
   6438  5  
   6451  5  
   6475  1  
   6475  2  
   6482  5  
   6492  5  
   6511  1  
   6511  2  
   6524  5  
   6527  5  
   6561  5  
   6562  5  
   6591  5  
   6592  5  
   6608  1  
   6608  2  
   6619  1  
   6619  2  
   6633  5  
   6639  3  
   6640  3  
   6645  5  
   6674  5  
   6678  5  
   6697  5  
   6711  5  
   6733  1  
   6733  2  
   6736  5  
   6751  5  
   6753  1  
   6753  2  
   6775  5  
   6801  5  
   6821  5  
   6836  5  
   6854  1  
   6854  2  
   6856  5  
   6873  5  
   6887  1  
   6887  2  
   6891  5  
   6917  5  
   6932  5  
   6962  5  
   6971  1  
   6971  2  
   6977  5  
   6997  5  
   7007  5  
   7013  1  
   7013  2  
   7042  5  
   7050  5  
   7076  1  
   7076  2  
   7090  5  
   7096  5  
   7132  5  
   7135  5  
   7143  1  
   7143  2  
   7172  5  
   7174  5  
   7178  1  
   7178  2  
   7221  5  
   7223  5  
   7260  1  
   7260  2  
   7261  5  
   7265  5  
   7290  1  
   7290  2  
   7300  3  
   7301  3  
   7306  5  
   7313  5  
   7348  5  
   7358  5  
   7382  1  
   7382  2  
   7398  5  
   7402  1  
   7402  2  
   7408  5  
   7442  5  
   7453  5  
   7490  5  
   7497  1  
   7497  2  
   7503  5  
   7508  1  
   7508  2  
   7537  5  
   7546  5  
   7582  5  
   7600  5  
   7607  1  
   7607  2  
   7614  1  
   7614  2  
   7633  5  
   7649  5  
   7680  5  
   7695  5  
   7711  1  
   7711  2  
   7712  1  
   7712  2  
   7726  5  
   7748  5  
   7776  5  
   7801  5  
   7813  1  
   7813  2  
   7818  1  
   7818  2  
   7821  5  
   7855  5  
   7879  5  
   7902  5  
   7904  3  
   7905  3  
   7918  1  
   7918  2  
   7927  1  
   7927  2  
   7931  5  
   7959  5  
   7983  5  
   8017  5  
   8022  1  
   8022  2  
   8027  1  
   8027  2  
   8036  5  
   8069  5  
   8088  5  
   8127  1  
   8127  2  
   8128  5  
   8131  1  
   8131  2  
   8147  5  
   8180  5  
   8195  5  
   8225  1  
   8225  2  
   8227  1  
   8227  2  
   8241  5  
   8257  5  
   8295  5  
   8307  5  
   8321  1  
   8321  2  
   8326  1  
   8326  2  
   8353  5  
   8369  5  
   8416  5  
   8418  1  
   8418  2  
   8425  1  
   8425  2  
   8427  5  
   8470  5  
   8476  3  
   8477  3  
   8485  5  
   8514  1  
   8514  2  
   8524  1  
   8524  2  
   8532  5  
   8541  5  
   8592  5  
   8599  1  
   8599  2  
   8607  5  
   8621  1  
   8621  2  
   8654  5  
   8662  5  
   8685  1  
   8685  2  
   8716  5  
   8719  1  
   8719  2  
   8726  5  
   8772  1  
   8772  2  
   8779  5  
   8782  5  
   8816  1  
   8816  2  
   8846  5  
   8848  5  
   8859  1  
   8859  2  
   8903  5  
   8909  5  
   8914  1  
   8914  2  
   8936  1  
   8936  2  
   8960  5  
   8975  5  
   9005  1  
   9005  2  
   9009  3  
   9010  3  
   9017  1  
   9017  2  
   9021  5  
   9040  5  
   9082  5  
   9098  1  
   9098  2  
   9102  1  
   9102  2  
   9107  5  
   9142  5  
   9171  5  
   9174  1  
   9174  2  
   9193  1  
   9193  2  
   9198  5  
   9238  5  
   9249  1  
   9249  2  
   9258  5  
   9282  1  
   9282  2  
   9302  5  
   9314  5  
   9324  1  
   9324  2  
   9367  5  
   9371  5  
   9374  1  
   9374  2  
   9389  1  
   9389  2  
   9428  5  
   9436  5  
   9460  1  
   9460  2  
   9461  1  
   9461  2  
   9480  5  
   9490  5  
   9515  3  
   9516  3  
   9527  1  
   9527  2  
   9547  5  
   9551  1  
   9551  2  
   9565  5  
   9591  1  
   9591  2  
   9599  5  
   9628  5  
   9635  1  
   9635  2  
   9656  5  
   9662  1  
   9662  2  
   9690  5  
   9717  5  
   9722  1  
   9722  2  
   9725  1  
   9725  2  
   9758  5  
   9768  5  
   9784  1  
   9784  2  
   9802  1  
   9802  2  
   9819  5  
   9830  5  
   9847  1  
   9847  2  
   9881  5  
   9882  5  
   9888  1  
   9888  2  
   9903  1  
   9903  2  
   9936  5  
   9946  5  
   9964  1  
   9964  2  
   9968  1  
   9968  2  
   9973  3  
   9974  3  
   9998  5  
   10010  5  
   10023  1  
   10023  2  
   10045  1  
   10045  2  
   10051  5  
   10072  5  
   10076  1  
   10076  2  
   10112  5  
   10128  1  
   10128  2  
   10133  1  
   10133  2  
   10140  5  
   10165  5  
   10187  1  
   10187  2  
   10204  5  
   10205  1  
   10205  2  
   10224  5  
   10241  1  
   10241  2  
   10265  5  
   10278  1  
   10278  2  
   10281  5  
   10293  1  
   10293  2  
   10326  5  
   10336  5  
   10342  1  
   10342  2  
   10355  1  
   10355  2  
   10388  1  
   10388  2  
   10390  5  
   10394  5  
   10423  3  
   10424  3  
   10427  1  
   10427  2  
   10442  1  
   10442  2  
   10456  5  
   10462  5  
   10488  1  
   10488  2  
   10493  1  
   10493  2  
   10507  5  
   10518  5  
   10532  1  
   10532  2  
   10558  1  
   10558  2  
   10563  5  
   10579  1  
   10579  2  
   10581  5  
   10616  5  
   10620  1  
   10620  2  
   10621  1  
   10621  2  
   10640  5  
   10662  1  
   10662  2  
   10671  5  
   10682  1  
   10682  2  
   10698  5  
   10704  1  
   10704  2  
   10724  5  
   10741  1  
   10741  2  
   10744  1  
   10744  2  
   10759  5  
   10781  5  
   10785  1  
   10785  2  
   10803  1  
   10803  2  
   10819  5  
   10821  1  
   10821  2  
   10835  3  
   10836  3  
   10837  5  
   10858  1  
   10858  2  
   10859  1  
   10859  2  
   10877  5  
   10884  5  
   10893  1  
   10893  2  
   10909  1  
   10909  2  
   10924  1  
   10924  2  
   10939  5  
   10943  5  
   10963  1  
   10963  2  
   10966  1  
   10966  2  
   10991  5  
   10995  5  
   10996  1  
   10996  2  
   11014  1  
   11014  2  
   11028  1  
   11028  2  
   11045  5  
   11054  5  
   11063  1  
   11063  2  
   11065  1  
   11065  2  
   11085  1  
   11085  2  
   11095  5  
   11103  1  
   11103  2  
   11106  5  
   11117  1  
   11117  2  
   11146  1  
   11146  2  
   11148  5  
   11156  1  
   11156  2  
   11166  5  
   11177  1  
   11177  2  
   11194  3  
   11195  3  
   11196  1  
   11196  2  
   11199  5  
   11209  1  
   11209  2  
   11225  5  
   11238  1  
   11238  2  
   11244  1  
   11244  2  
   11253  5  
   11258  1  
   11258  2  
   11277  5  
   11285  1  
   11285  2  
   11287  1  
   11287  2  
   11307  5  
   11314  1  
   11314  2  
   11328  1  
   11328  2  
   11335  1  
   11335  2  
   11336  5  
   11352  5  
   11356  1  
   11356  2  
   11360  1  
   11360  2  
   11380  1  
   11380  2  
   11386  5  
   11397  1  
   11397  2  
   11399  5  
   11399  1  
   11399  2  
   11399  1  
   11399  2  
   11420  1  
   11420  2  
   11430  1  
   11430  2  
   11438  5  
   11447  1  
   11447  2  
   11465  1  
   11465  2  
   11468  1  
   11468  2  
   11486  1  
   11486  2  
   11490  5  
   11499  1  
   11499  2  
   11517  1  
   11517  2  
   11531  3  
   11532  3  
   11534  1  
   11534  2  
   11538  1  
   11538  2  
   11543  5  
   11561  1  
   11561  2  
   11563  1  
   11563  2  
   11584  1  
   11584  2  
   11590  1  
   11590  2  
   11594  5  
   11604  1  
   11604  2  
   11612  1  
   11612  2  
   11625  1  
   11625  2  
   11632  1  
   11632  2  
   11635  5  
   11644  1  
   11644  2  
   11655  1  
   11655  2  
   11671  1  
   11671  2  
   11679  1  
   11679  2  
   11681  5  
   11689  1  
   11689  2  
   11702  1  
   11702  2  
   11711  1  
   11711  2  
   11720  1  
   11720  2  
   11724  5  
   11730  1  
   11730  2  
   11738  1  
   11738  2  
   11754  1  
   11754  2  
   11759  1  
   11759  2  
   11763  5  
   11770  1  
   11770  2  
   11775  1  
   11775  2  
   11783  3  
   11784  3  
   11788  1  
   11788  2  
   11790  1  
   11790  2  
   11804  1  
   11804  2  
   11805  5  
   11807  1  
   11807  2  
   11821  1  
   11821  2  
   11828  1  
   11828  2  
   11833  1  
   11833  2  
   11839  1  
   11839  2  
   11841  5  
   11847  1  
   11847  2  
   11854  1  
   11854  2  
   11856  1  
   11856  2  
   11869  1  
   11869  2  
   11874  1  
   11874  2  
   11878  5  
   11879  1  
   11879  2  
   11887  1  
   11887  2  
   11888  1  
   11888  2  
   11899  1  
   11899  2  
   11905  1  
   11905  2  
   11909  1  
   11909  2  
   11913  5  
   11917  1  
   11917  2  
   11918  1  
   11918  2  
   11927  1  
   11927  2  
   11933  1  
   11933  2  
   11938  1  
   11938  2  
   11941  1  
   11941  2  
   11944  1  
   11944  2  
   11952  1  
   11952  2  
   11953  1  
   11953  2  
   11954  5  
   11957  1  
   11957  2  
   11964  1  
   11964  2  
   11967  1  
   11967  2  
   11976  1  
   11976  2  
   11977  1  
   11977  2  
   11983  1  
   11983  2  
   11987  1  
   11987  2  
   11996  1  
   11996  2  
   12002  1  
   12002  2  
   12004  1  
   12004  2  
   12006  3  
   12007  3  
   12008  5  
   12009  1  
   12009  2  
   12010  1  
   12010  2  
   12013  1  
   12013  2  
   12015  1  
   12015  2  
   12016  1  
   12016  2  
   12017  1  
   12017  2  
   12018  1  
   12018  2  
   12020  1  
   12020  2  
   12022  1  
   12022  2  
   12025  1  
   12025  2  
   12026  1  
   12026  2  
   12029  1  
   12029  2  
   12030  1  
   12030  2  
   12031  1  
   12031  2  
   12032  1  
   12032  2  
   12033  1  
   12033  2  
   12035  1  
   12035  2  
   12038  1  
   12038  2  
   12040  1  
   12040  2  
   12041  1  
   12041  2  
   12042  1  
   12042  2  
   12045  1  
   12045  2  
   12046  1  
   12046  2  
   12047  1  
   12047  2  
   12048  1  
   12048  2  
   12049  1  
   12049  2  
   12051  1  
   12051  2  
   12052  1  
   12052  2  
   12053  1  
   12053  2  
   12053  1  
   12053  2  
   12053  5  
   12054  1  
   12054  2  
   12055  1  
   12055  2  
   12056  1  
   12056  2  
   12140  3  
   12141  3  
   12182  3  
   12183  3  
   12202  3  
   12203  3  
   12209  3  
   12210  3  
   12221  3  
   12222  3  
   12224  3  
   12225  3  
   12226  3  
   12227  3  
   12230  3  
   12231  3  
   12232  3  
   12233  3  
   12234  3  
   12235  3  
   12236  3  
   12237  3  
   12238  3  
   12239  3  
   12240  3  
   12241  3  
   12242  3  
   12243  3  
   12244  3  
  END_ON_NODES
