  ON_NODES
   1  3  
   1  3  
   2  3  
   3  3  
   5  3  
   6  3  
   10  3  
   10  3  
   12  3  
   12  3  
   17  3  
   22  3  
   24  3  
   29  3  
   31  3  
   31  3  
   35  3  
   35  3  
   38  3  
   43  3  
   45  3  
   50  3  
   52  3  
   52  3  
   61  3  
   62  3  
   62  3  
   67  3  
   68  3  
   76  3  
   76  3  
   77  3  
   83  3  
   85  3  
   85  3  
   89  3  
   91  3  
   95  3  
   95  3  
   99  3  
   104  3  
   107  3  
   107  3  
   110  3  
   117  3  
   122  3  
   122  3  
   131  3  
   133  3  
   144  3  
   145  3  
   145  3  
   155  3  
   155  3  
   157  3  
   167  3  
   168  3  
   174  3  
   176  3  
   176  3  
   182  3  
   182  3  
   185  3  
   192  3  
   195  3  
   202  3  
   207  3  
   207  3  
   208  3  
   208  3  
   217  3  
   219  3  
   229  3  
   230  3  
   241  3  
   241  3  
   243  3  
   243  3  
   253  3  
   256  3  
   267  3  
   269  3  
   280  3  
   280  3  
   282  3  
   282  3  
   294  3  
   297  3  
   302  3  
   306  3  
   310  3  
   310  3  
   316  3  
   316  3  
   318  3  
   329  3  
   330  3  
   343  3  
   343  3  
   345  3  
   365  3  
   371  3  
   371  3  
   391  3  
   397  3  
   434  3  
   434  3  
   451  3  
   492  3  
   517  2  
   517  2  
   519  2  
   521  2  
   521  2  
   524  2  
   525  2  
   525  2  
   527  2  
   527  2  
   531  2  
   537  2  
   537  2  
   540  2  
   541  3  
   541  3  
   543  2  
   545  2  
   545  2  
   547  2  
   552  2  
   554  2  
   554  2  
   567  2  
   570  2  
   589  2  
   592  2  
   592  2  
   604  2  
   607  3  
   617  2  
   620  2  
   627  2  
   635  2  
   636  2  
   636  2  
   640  2  
   640  2  
   648  2  
   657  2  
   663  2  
   665  2  
   665  2  
   670  2  
   670  2  
   675  2  
   677  2  
   686  2  
   696  2  
   704  2  
   711  2  
   720  3  
   725  2  
   729  2  
   742  2  
   746  2  
   746  2  
   754  2  
   754  2  
   756  2  
   772  3  
   772  3  
   775  2  
   775  2  
   780  2  
   780  2  
   792  2  
   810  2  
   813  2  
   824  2  
   839  2  
   843  2  
   843  2  
   851  3  
   872  2  
   875  2  
   875  2  
   886  3  
   899  2  
   899  2  
   921  2  
   921  2  
   932  2  
   958  2  
   958  2  
   966  2  
   966  2  
   970  3  
   970  3  
   986  3  
   992  2  
   1004  2  
   1032  2  
   1032  2  
   1040  2  
   1074  2  
   1075  2  
   1075  2  
   1086  3  
   1091  3  
   1091  3  
   1102  2  
   1117  2  
   1117  2  
   1134  2  
   1134  2  
   1161  2  
   1167  2  
   1198  2  
   1208  2  
   1208  2  
   1215  3  
   1229  3  
   1247  2  
   1247  2  
   1253  2  
   1307  2  
   1307  2  
   1312  2  
   1346  1  
   1346  1  
   1346  1  
   1346  1  
   1349  1  
   1349  1  
   1349  1  
   1349  1  
   1351  1  
   1351  1  
   1352  1  
   1352  1  
   1352  1  
   1352  1  
   1355  1  
   1355  1  
   1355  1  
   1355  1  
   1364  1  
   1364  1  
   1369  1  
   1369  1  
   1369  1  
   1369  1  
   1370  1  
   1370  1  
   1373  2  
   1374  1  
   1374  1  
   1378  3  
   1379  1  
   1379  1  
   1379  1  
   1379  1  
   1383  1  
   1383  1  
   1391  1  
   1391  1  
   1391  1  
   1391  1  
   1398  2  
   1398  2  
   1401  1  
   1401  1  
   1408  1  
   1408  1  
   1418  3  
   1418  3  
   1427  1  
   1427  1  
   1430  1  
   1430  1  
   1430  1  
   1430  1  
   1438  1  
   1438  1  
   1449  1  
   1449  1  
   1452  1  
   1452  1  
   1458  2  
   1458  2  
   1464  1  
   1464  1  
   1471  1  
   1471  1  
   1473  1  
   1473  1  
   1473  1  
   1473  1  
   1489  1  
   1489  1  
   1491  2  
   1495  1  
   1495  1  
   1495  1  
   1495  1  
   1497  1  
   1497  1  
   1497  1  
   1497  1  
   1503  1  
   1503  1  
   1503  1  
   1503  1  
   1506  1  
   1506  1  
   1519  1  
   1519  1  
   1524  1  
   1524  1  
   1527  1  
   1527  1  
   1537  1  
   1537  1  
   1546  1  
   1546  1  
   1548  1  
   1548  1  
   1569  1  
   1569  1  
   1570  2  
   1574  2  
   1576  1  
   1576  1  
   1600  1  
   1600  1  
   1606  1  
   1606  1  
   1606  1  
   1606  1  
   1615  1  
   1615  1  
   1615  1  
   1615  1  
   1620  3  
   1620  3  
   1625  1  
   1625  1  
   1625  1  
   1625  1  
   1629  1  
   1629  1  
   1629  1  
   1629  1  
   1651  1  
   1651  1  
   1656  2  
   1663  1  
   1663  1  
   1671  2  
   1671  2  
   1676  1  
   1676  1  
   1688  3  
   1706  1  
   1706  1  
   1707  1  
   1707  1  
   1722  2  
   1722  2  
   1731  1  
   1731  1  
   1731  1  
   1731  1  
   1736  1  
   1736  1  
   1736  1  
   1736  1  
   1747  2  
   1761  1  
   1761  1  
   1769  1  
   1769  1  
   1769  1  
   1769  1  
   1777  2  
   1777  2  
   1791  1  
   1791  1  
   1791  1  
   1791  1  
   1807  3  
   1818  1  
   1818  1  
   1818  1  
   1818  1  
   1824  2  
   1830  1  
   1830  1  
   1864  2  
   1864  2  
   1874  1  
   1874  1  
   1879  1  
   1879  1  
   1879  1  
   1879  1  
   1880  3  
   1903  2  
   1903  2  
   1921  1  
   1921  1  
   1921  1  
   1921  1  
   1927  1  
   1927  1  
   1930  2  
   1978  1  
   1978  1  
   1982  3  
   1989  1  
   1989  1  
   1989  1  
   1989  1  
   1995  2  
   2003  2  
   2027  1  
   2027  1  
   2027  1  
   2027  1  
   2051  1  
   2051  1  
   2057  2  
   2057  2  
   2065  1  
   2065  1  
   2065  1  
   2065  1  
   2083  3  
   2083  3  
   2091  2  
   2091  2  
   2103  2  
   2103  2  
   2114  1  
   2114  1  
   2120  1  
   2120  1  
   2120  1  
   2120  1  
   2163  1  
   2163  1  
   2163  1  
   2163  1  
   2165  3  
   2165  3  
   2174  2  
   2192  1  
   2192  1  
   2206  2  
   2206  2  
   2210  1  
   2210  1  
   2240  1  
   2240  1  
   2254  2  
   2258  1  
   2258  1  
   2258  1  
   2258  1  
   2274  1  
   2274  1  
   2274  1  
   2274  1  
   2282  2  
   2285  3  
   2309  1  
   2309  1  
   2309  1  
   2309  1  
   2344  2  
   2344  2  
   2355  1  
   2355  1  
   2356  3  
   2372  1  
   2372  1  
   2372  1  
   2372  1  
   2380  2  
   2380  2  
   2398  1  
   2398  1  
   2437  1  
   2437  1  
   2440  2  
   2440  2  
   2447  2  
   2462  1  
   2462  1  
   2464  1  
   2464  1  
   2500  1  
   2500  1  
   2513  3  
   2525  1  
   2525  1  
   2543  2  
   2553  1  
   2553  1  
   2572  1  
   2572  1  
   2576  3  
   2591  2  
   2591  2  
   2593  1  
   2593  1  
   2593  1  
   2593  1  
   2595  1  
   2595  1  
   2595  1  
   2595  1  
   2605  1  
   2605  1  
   2605  1  
   2605  1  
   2620  1  
   2620  1  
   2644  1  
   2644  1  
   2661  1  
   2661  1  
   2677  2  
   2681  1  
   2681  1  
   2711  1  
   2711  1  
   2717  2  
   2736  1  
   2736  1  
   2736  1  
   2736  1  
   2745  1  
   2745  1  
   2745  1  
   2745  1  
   2766  1  
   2766  1  
   2781  2  
   2781  2  
   2797  3  
   2797  3  
   2803  1  
   2803  1  
   2811  2  
   2827  3  
   2827  3  
   2851  1  
   2851  1  
   2855  1  
   2855  1  
   2885  1  
   2885  1  
   2905  2  
   2905  2  
   2917  1  
   2917  1  
   2925  2  
   2925  2  
   2951  1  
   2951  1  
   2951  1  
   2951  1  
   2967  1  
   2967  1  
   2967  1  
   2967  1  
   2968  1  
   2968  1  
   2968  1  
   2968  1  
   2999  1  
   2999  1  
   3019  1  
   3019  1  
   3021  2  
   3044  2  
   3048  1  
   3048  1  
   3049  3  
   3050  3  
   3083  1  
   3083  1  
   3083  1  
   3083  1  
   3132  1  
   3132  1  
   3140  1  
   3140  1  
   3140  1  
   3140  1  
   3141  2  
   3164  2  
   3164  2  
   3175  1  
   3175  1  
   3223  1  
   3223  1  
   3234  1  
   3234  1  
   3242  2  
   3242  2  
   3247  2  
   3270  3  
   3271  1  
   3271  1  
   3271  1  
   3271  1  
   3301  3  
   3310  1  
   3310  1  
   3310  1  
   3310  1  
   3337  1  
   3337  1  
   3337  1  
   3337  1  
   3350  2  
   3350  2  
   3353  2  
   3357  1  
   3357  1  
   3416  1  
   3416  1  
   3441  1  
   3441  1  
   3447  2  
   3447  2  
   3454  2  
   3477  1  
   3477  1  
   3479  3  
   3479  3  
   3527  3  
   3527  3  
   3553  1  
   3553  1  
   3553  1  
   3553  1  
   3554  1  
   3554  1  
   3554  1  
   3554  1  
   3559  2  
   3559  2  
   3573  2  
   3659  2  
   3666  1  
   3666  1  
   3666  1  
   3666  1  
   3674  1  
   3674  1  
   3674  1  
   3674  1  
   3682  3  
   3696  2  
   3696  2  
   3741  1  
   3741  1  
   3747  3  
   3765  2  
   3766  1  
   3766  1  
   3792  2  
   3814  1  
   3814  1  
   3814  1  
   3814  1  
   3848  1  
   3848  1  
   3848  1  
   3848  1  
   3852  2  
   3870  3  
   3880  1  
   3880  1  
   3887  2  
   3887  2  
   3951  2  
   3951  2  
   3954  1  
   3954  1  
   3954  1  
   3954  1  
   3964  3  
   3969  2  
   3986  1  
   3986  1  
   3986  1  
   3986  1  
   4060  2  
   4060  2  
   4069  1  
   4069  1  
   4069  1  
   4069  1  
   4080  3  
   4080  3  
   4085  2  
   4093  1  
   4093  1  
   4093  1  
   4093  1  
   4166  2  
   4181  1  
   4181  1  
   4214  1  
   4214  1  
   4216  3  
   4216  3  
   4232  2  
   4232  2  
   4278  2  
   4290  2  
   4296  1  
   4296  1  
   4307  3  
   4336  1  
   4336  1  
   4336  1  
   4336  1  
   4365  2  
   4365  2  
   4385  2  
   4385  2  
   4424  1  
   4424  1  
   4424  1  
   4424  1  
   4461  1  
   4461  1  
   4478  3  
   4491  2  
   4491  2  
   4496  2  
   4550  1  
   4550  1  
   4559  3  
   4589  1  
   4589  1  
   4589  1  
   4589  1  
   4595  2  
   4617  2  
   4680  1  
   4680  1  
   4680  1  
   4680  1  
   4701  2  
   4701  2  
   4736  1  
   4736  1  
   4736  1  
   4736  1  
   4738  2  
   4738  2  
   4749  3  
   4801  1  
   4801  1  
   4801  1  
   4801  1  
   4803  3  
   4803  3  
   4837  1  
   4837  1  
   4858  2  
   4859  2  
   4859  2  
   4942  1  
   4942  1  
   4942  1  
   4942  1  
   4959  1  
   4959  1  
   4959  1  
   4959  1  
   4979  2  
   4984  2  
   4984  2  
   5012  3  
   5012  3  
   5037  3  
   5055  1  
   5055  1  
   5095  2  
   5095  2  
   5117  2  
   5125  1  
   5125  1  
   5125  1  
   5125  1  
   5157  1  
   5157  1  
   5157  1  
   5157  1  
   5186  2  
   5232  1  
   5232  1  
   5232  1  
   5232  1  
   5255  2  
   5255  2  
   5282  2  
   5291  3  
   5299  3  
   5313  1  
   5313  1  
   5313  1  
   5313  1  
   5359  2  
   5378  2  
   5380  1  
   5380  1  
   5419  1  
   5419  1  
   5428  2  
   5428  2  
   5506  2  
   5506  2  
   5512  2  
   5512  2  
   5539  1  
   5539  1  
   5539  1  
   5539  1  
   5545  1  
   5545  1  
   5545  1  
   5545  1  
   5546  3  
   5546  3  
   5562  2  
   5562  2  
   5588  3  
   5621  2  
   5641  2  
   5644  1  
   5644  1  
   5664  1  
   5664  1  
   5731  2  
   5740  1  
   5740  1  
   5740  1  
   5740  1  
   5741  2  
   5741  2  
   5768  1  
   5768  1  
   5808  3  
   5841  2  
   5864  1  
   5864  1  
   5872  1  
   5872  1  
   5872  1  
   5872  1  
   5877  2  
   5879  3  
   5879  3  
   5948  1  
   5948  1  
   5948  1  
   5948  1  
   5963  2  
   5963  2  
   5980  1  
   5980  1  
   5980  1  
   5980  1  
   6001  2  
   6003  1  
   6003  1  
   6003  1  
   6003  1  
   6075  3  
   6088  1  
   6088  1  
   6091  2  
   6104  1  
   6104  1  
   6131  2  
   6131  2  
   6165  3  
   6168  1  
   6168  1  
   6212  1  
   6212  1  
   6212  1  
   6212  1  
   6213  2  
   6258  1  
   6258  1  
   6279  2  
   6306  1  
   6306  1  
   6325  3  
   6325  3  
   6341  2  
   6341  2  
   6361  1  
   6361  1  
   6361  1  
   6361  1  
   6400  1  
   6400  1  
   6400  1  
   6400  1  
   6421  2  
   6421  2  
   6433  2  
   6433  2  
   6452  3  
   6478  1  
   6478  1  
   6504  1  
   6504  1  
   6560  2  
   6560  2  
   6564  3  
   6566  2  
   6575  1  
   6575  1  
   6612  1  
   6612  1  
   6612  1  
   6612  1  
   6676  1  
   6676  1  
   6676  1  
   6676  1  
   6689  2  
   6699  1  
   6699  1  
   6716  3  
   6716  3  
   6719  2  
   6719  2  
   6746  1  
   6746  1  
   6746  1  
   6746  1  
   6790  1  
   6790  1  
   6790  1  
   6790  1  
   6802  3  
   6805  2  
   6825  2  
   6825  2  
   6874  1  
   6874  1  
   6886  1  
   6886  1  
   6886  1  
   6886  1  
   6901  2  
   6952  1  
   6952  1  
   6952  1  
   6952  1  
   6975  2  
   6975  2  
   6978  3  
   6994  2  
   6994  2  
   7008  1  
   7008  1  
   7043  3  
   7043  3  
   7051  1  
   7051  1  
   7108  2  
   7112  2  
   7128  1  
   7128  1  
   7128  1  
   7128  1  
   7131  1  
   7131  1  
   7211  1  
   7211  1  
   7211  1  
   7211  1  
   7223  2  
   7223  2  
   7237  3  
   7242  2  
   7242  2  
   7270  1  
   7270  1  
   7270  1  
   7270  1  
   7276  1  
   7276  1  
   7276  1  
   7276  1  
   7278  3  
   7352  2  
   7362  2  
   7386  1  
   7386  1  
   7398  1  
   7398  1  
   7398  1  
   7398  1  
   7447  2  
   7478  2  
   7478  2  
   7485  1  
   7485  1  
   7500  1  
   7500  1  
   7500  1  
   7500  1  
   7510  3  
   7510  3  
   7517  3  
   7526  2  
   7575  1  
   7575  1  
   7575  1  
   7575  1  
   7579  1  
   7579  1  
   7595  2  
   7599  2  
   7643  1  
   7643  1  
   7652  1  
   7652  1  
   7652  1  
   7652  1  
   7658  2  
   7658  2  
   7702  2  
   7704  1  
   7704  1  
   7726  2  
   7726  2  
   7749  2  
   7755  1  
   7755  1  
   7777  1  
   7777  1  
   7784  3  
   7784  3  
   7796  2  
   7796  2  
   7803  1  
   7803  1  
   7812  3  
   7841  2  
   7841  2  
   7843  1  
   7843  1  
   7867  1  
   7867  1  
   7876  2  
   7900  1  
   7900  1  
   7906  2  
   7928  1  
   7928  1  
   7946  1  
   7946  1  
   7946  1  
   7946  1  
   7952  1  
   7952  1  
   7952  1  
   7952  1  
   7963  1  
   7963  1  
   7963  1  
   7963  1  
   7982  1  
   7982  1  
   8005  2  
   8012  1  
   8012  1  
   8012  1  
   8012  1  
   8038  1  
   8038  1  
   8056  1  
   8056  1  
   8080  1  
   8080  1  
   8081  2  
   8081  2  
   8094  2  
   8106  1  
   8106  1  
   8110  1  
   8110  1  
   8136  1  
   8136  1  
   8146  3  
   8168  2  
   8180  1  
   8180  1  
   8187  2  
   8207  3  
   8230  1  
   8230  1  
   8230  1  
   8230  1  
   8235  1  
   8235  1  
   8260  2  
   8286  1  
   8286  1  
   8288  2  
   8309  1  
   8309  1  
   8309  1  
   8309  1  
   8361  1  
   8361  1  
   8368  2  
   8368  2  
   8385  2  
   8385  2  
   8411  3  
   8444  1  
   8444  1  
   8444  1  
   8444  1  
   8459  1  
   8459  1  
   8459  1  
   8459  1  
   8475  2  
   8493  3  
   8493  3  
   8517  2  
   8517  2  
   8522  1  
   8522  1  
   8576  1  
   8576  1  
   8576  1  
   8576  1  
   8579  2  
   8579  2  
   8592  1  
   8592  1  
   8592  1  
   8592  1  
   8639  2  
   8639  2  
   8655  3  
   8655  3  
   8670  1  
   8670  1  
   8676  2  
   8687  1  
   8687  1  
   8687  1  
   8687  1  
   8731  2  
   8764  3  
   8775  1  
   8775  1  
   8779  1  
   8779  1  
   8783  2  
   8822  2  
   8822  2  
   8875  1  
   8875  1  
   8875  1  
   8875  1  
   8885  1  
   8885  1  
   8885  1  
   8885  1  
   8895  2  
   8899  2  
   8899  2  
   8914  3  
   8957  1  
   8957  1  
   8968  2  
   8968  2  
   8996  1  
   8996  1  
   9022  1  
   9022  1  
   9030  2  
   9051  2  
   9052  3  
   9083  1  
   9083  1  
   9107  1  
   9107  1  
   9107  1  
   9107  1  
   9125  2  
   9142  1  
   9142  1  
   9142  1  
   9142  1  
   9162  2  
   9162  2  
   9168  3  
   9177  1  
   9177  1  
   9177  1  
   9177  1  
   9203  2  
   9203  2  
   9231  1  
   9231  1  
   9260  1  
   9260  1  
   9260  1  
   9260  1  
   9295  2  
   9319  1  
   9319  1  
   9323  2  
   9340  3  
   9340  3  
   9345  1  
   9345  1  
   9345  1  
   9345  1  
   9381  1  
   9381  1  
   9431  3  
   9431  3  
   9435  2  
   9435  2  
   9439  2  
   9439  2  
   9466  1  
   9466  1  
   9466  1  
   9466  1  
   9488  1  
   9488  1  
   9544  2  
   9544  2  
   9561  1  
   9561  1  
   9561  1  
   9561  1  
   9579  2  
   9613  3  
   9632  1  
   9632  1  
   9632  1  
   9632  1  
   9639  1  
   9639  1  
   9665  2  
   9665  2  
   9675  3  
   9745  1  
   9745  1  
   9745  1  
   9745  1  
   9746  2  
   9746  2  
   9753  2  
   9772  1  
   9772  1  
   9772  1  
   9772  1  
   9809  2  
   9809  2  
   9843  1  
   9843  1  
   9875  1  
   9875  1  
   9902  3  
   9917  2  
   9917  2  
   9930  3  
   9947  1  
   9947  1  
   9947  1  
   9947  1  
   9949  2  
   9949  2  
   9959  1  
   9959  1  
   10034  1  
   10034  1  
   10034  1  
   10034  1  
   10049  1  
   10049  1  
   10050  2  
   10056  2  
   10096  1  
   10096  1  
   10096  1  
   10096  1  
   10118  1  
   10118  1  
   10118  1  
   10118  1  
   10152  2  
   10152  2  
   10168  2  
   10178  1  
   10178  1  
   10178  1  
   10178  1  
   10183  1  
   10183  1  
   10203  3  
   10203  3  
   10204  3  
   10204  3  
   10206  3  
   10211  3  
   10226  3  
   10226  3  
   10237  3  
   10247  2  
   10257  3  
   10258  1  
   10258  1  
   10277  1  
   10277  1  
   10286  3  
   10286  3  
   10303  2  
   10303  2  
   10311  3  
   10330  1  
   10330  1  
   10341  3  
   10349  2  
   10367  1  
   10367  1  
   10374  3  
   10374  3  
   10410  1  
   10410  1  
   10421  3  
   10438  2  
   10438  2  
   10452  2  
   10452  2  
   10464  3  
   10469  1  
   10469  1  
   10469  1  
   10469  1  
   10475  1  
   10475  1  
   10475  1  
   10475  1  
   10506  3  
   10506  3  
   10512  2  
   10512  2  
   10533  3  
   10551  1  
   10551  1  
   10560  3  
   10565  1  
   10565  1  
   10576  2  
   10618  3  
   10619  2  
   10619  2  
   10638  1  
   10638  1  
   10638  1  
   10638  1  
   10657  1  
   10657  1  
   10657  1  
   10657  1  
   10667  3  
   10667  3  
   10674  1  
   10674  1  
   10674  1  
   10674  1  
   10709  2  
   10709  2  
   10729  2  
   10742  3  
   10747  1  
   10747  1  
   10776  1  
   10776  1  
   10795  3  
   10821  1  
   10821  1  
   10832  2  
   10832  2  
   10845  2  
   10845  2  
   10855  3  
   10869  3  
   10869  3  
   10892  1  
   10892  1  
   10892  1  
   10892  1  
   10893  2  
   10901  1  
   10901  1  
   10928  3  
   10929  2  
   10929  2  
   10964  2  
   10964  2  
   10981  1  
   10981  1  
   10995  1  
   10995  1  
   10998  3  
   11039  2  
   11045  1  
   11045  1  
   11058  2  
   11065  3  
   11065  3  
   11105  1  
   11105  1  
   11105  1  
   11105  1  
   11125  3  
   11125  3  
   11133  1  
   11133  1  
   11133  1  
   11133  1  
   11134  2  
   11134  2  
   11138  3  
   11199  2  
   11200  1  
   11200  1  
   11200  1  
   11200  1  
   11221  1  
   11221  1  
   11221  1  
   11221  1  
   11223  3  
   11237  2  
   11297  3  
   11297  3  
   11299  1  
   11299  1  
   11317  1  
   11317  1  
   11330  2  
   11330  2  
   11339  2  
   11339  2  
   11376  3  
   11379  1  
   11379  1  
   11379  1  
   11379  1  
   11405  3  
   11412  2  
   11412  2  
   11435  1  
   11435  1  
   11456  1  
   11456  1  
   11471  3  
   11484  2  
   11484  2  
   11495  2  
   11495  2  
   11515  1  
   11515  1  
   11548  2  
   11553  3  
   11553  3  
   11559  1  
   11559  1  
   11559  1  
   11559  1  
   11581  1  
   11581  1  
   11581  1  
   11581  1  
   11612  2  
   11622  2  
   11641  3  
   11659  1  
   11659  1  
   11659  1  
   11659  1  
   11671  1  
   11671  1  
   11671  1  
   11671  1  
   11674  3  
   11691  2  
   11726  1  
   11726  1  
   11729  2  
   11730  3  
   11762  2  
   11762  2  
   11783  1  
   11783  1  
   11789  1  
   11789  1  
   11823  3  
   11823  3  
   11846  1  
   11846  1  
   11846  1  
   11846  1  
   11848  2  
   11849  2  
   11849  2  
   11893  1  
   11893  1  
   11904  1  
   11904  1  
   11936  3  
   11940  2  
   11940  2  
   11956  3  
   11956  3  
   11966  1  
   11966  1  
   12009  1  
   12009  1  
   12021  1  
   12021  1  
   12021  1  
   12021  1  
   12023  2  
   12023  2  
   12046  1  
   12046  1  
   12052  3  
   12060  2  
   12083  1  
   12083  1  
   12104  1  
   12104  1  
   12135  1  
   12135  1  
   12154  1  
   12154  1  
   12154  1  
   12154  1  
   12166  2  
   12175  1  
   12175  1  
   12175  1  
   12175  1  
   12185  1  
   12185  1  
   12185  1  
   12185  1  
   12186  1  
   12186  1  
   12186  1  
   12186  1  
   12187  2  
   12187  2  
   12190  3  
   12190  3  
   12208  1  
   12208  1  
   12242  1  
   12242  1  
   12282  1  
   12282  1  
   12289  2  
   12300  3  
   12307  2  
   12308  1  
   12308  1  
   12318  3  
   12321  1  
   12321  1  
   12348  1  
   12348  1  
   12365  2  
   12399  1  
   12399  1  
   12426  2  
   12426  2  
   12432  3  
   12436  1  
   12436  1  
   12439  2  
   12439  2  
   12466  1  
   12466  1  
   12466  1  
   12466  1  
   12524  1  
   12524  1  
   12526  2  
   12526  2  
   12545  3  
   12545  3  
   12547  1  
   12547  1  
   12547  1  
   12547  1  
   12565  3  
   12580  1  
   12580  1  
   12597  2  
   12603  2  
   12603  2  
   12643  1  
   12643  1  
   12643  1  
   12643  1  
   12646  1  
   12646  1  
   12646  1  
   12646  1  
   12653  3  
   12669  2  
   12669  2  
   12700  2  
   12715  1  
   12715  1  
   12715  1  
   12715  1  
   12749  3  
   12751  2  
   12754  1  
   12754  1  
   12771  1  
   12771  1  
   12801  2  
   12805  3  
   12805  3  
   12832  1  
   12832  1  
   12832  1  
   12832  1  
   12835  2  
   12835  2  
   12856  3  
   12856  3  
   12857  1  
   12857  1  
   12892  1  
   12892  1  
   12896  2  
   12896  2  
   12897  2  
   12897  2  
   12943  1  
   12943  1  
   12943  1  
   12943  1  
   12958  1  
   12958  1  
   12958  1  
   12958  1  
   12960  3  
   12973  2  
   12998  1  
   12998  1  
   12998  1  
   12998  1  
   13029  2  
   13029  2  
   13033  3  
   13044  2  
   13044  2  
   13046  1  
   13046  1  
   13046  1  
   13046  1  
   13062  3  
   13071  1  
   13071  1  
   13110  2  
   13122  1  
   13122  1  
   13129  1  
   13129  1  
   13132  2  
   13167  2  
   13177  3  
   13177  3  
   13178  1  
   13178  1  
   13205  1  
   13205  1  
   13205  1  
   13205  1  
   13220  1  
   13220  1  
   13224  2  
   13251  2  
   13259  1  
   13259  1  
   13282  2  
   13282  2  
   13284  1  
   13284  1  
   13292  1  
   13292  1  
   13297  3  
   13312  2  
   13312  2  
   13317  3  
   13320  1  
   13320  1  
   13348  1  
   13348  1  
   13348  1  
   13348  1  
   13356  1  
   13356  1  
   13359  2  
   13359  2  
   13369  1  
   13369  1  
   13387  1  
   13387  1  
   13414  1  
   13414  1  
   13414  1  
   13414  1  
   13415  2  
   13415  2  
   13433  1  
   13433  1  
   13433  1  
   13433  1  
   13443  1  
   13443  1  
   13452  2  
   13462  1  
   13462  1  
   13481  1  
   13481  1  
   13508  1  
   13508  1  
   13509  1  
   13509  1  
   13524  2  
   13526  3  
   13536  1  
   13536  1  
   13555  1  
   13555  1  
   13555  1  
   13555  1  
   13565  1  
   13565  1  
   13585  1  
   13585  1  
   13585  1  
   13585  1  
   13592  2  
   13600  2  
   13600  2  
   13605  1  
   13605  1  
   13607  1  
   13607  1  
   13607  1  
   13607  1  
   13650  1  
   13650  1  
   13657  1  
   13657  1  
   13664  3  
   13664  3  
   13670  2  
   13670  2  
   13673  3  
   13673  3  
   13693  1  
   13693  1  
   13705  2  
   13708  1  
   13708  1  
   13734  1  
   13734  1  
   13749  2  
   13777  1  
   13777  1  
   13783  2  
   13798  1  
   13798  1  
   13804  3  
   13830  2  
   13830  2  
   13844  2  
   13856  1  
   13856  1  
   13856  1  
   13856  1  
   13865  1  
   13865  1  
   13865  1  
   13865  1  
   13905  2  
   13909  2  
   13909  2  
   13915  3  
   13931  3  
   13933  1  
   13933  1  
   13956  2  
   13956  2  
   13961  1  
   13961  1  
   13961  1  
   13961  1  
   13996  2  
   13996  2  
   14011  1  
   14011  1  
   14030  2  
   14030  2  
   14035  2  
   14035  2  
   14050  1  
   14050  1  
   14067  3  
   14067  3  
   14082  2  
   14085  2  
   14086  1  
   14086  1  
   14086  1  
   14086  1  
   14125  1  
   14125  1  
   14137  1  
   14137  1  
   14137  1  
   14137  1  
   14141  2  
   14142  2  
   14142  2  
   14163  3  
   14189  3  
   14210  2  
   14211  1  
   14211  1  
   14211  1  
   14211  1  
   14224  1  
   14224  1  
   14224  1  
   14224  1  
   14243  2  
   14243  2  
   14275  2  
   14304  1  
   14304  1  
   14306  1  
   14306  1  
   14307  2  
   14308  3  
   14368  2  
   14368  2  
   14373  2  
   14373  2  
   14383  1  
   14383  1  
   14383  1  
   14383  1  
   14384  3  
   14384  3  
   14400  1  
   14400  1  
   14400  1  
   14400  1  
   14422  3  
   14422  3  
   14424  2  
   14474  2  
   14498  2  
   14498  2  
   14501  1  
   14501  1  
   14501  1  
   14501  1  
   14508  1  
   14508  1  
   14508  1  
   14508  1  
   14520  2  
   14553  3  
   14563  2  
   14563  2  
   14572  1  
   14572  1  
   14580  1  
   14580  1  
   14590  2  
   14593  2  
   14593  2  
   14615  3  
   14627  2  
   14627  2  
   14643  1  
   14643  1  
   14643  1  
   14643  1  
   14651  1  
   14651  1  
   14669  2  
   14679  2  
   14686  3  
   14708  1  
   14708  1  
   14721  2  
   14745  1  
   14745  1  
   14764  1  
   14764  1  
   14764  1  
   14764  1  
   14772  2  
   14772  2  
   14774  2  
   14833  3  
   14833  3  
   14838  1  
   14838  1  
   14838  1  
   14838  1  
   14846  2  
   14846  2  
   14850  1  
   14850  1  
   14850  1  
   14850  1  
   14864  3  
   14875  1  
   14875  1  
   14875  1  
   14875  1  
   14899  2  
   14904  2  
   14928  1  
   14928  1  
   14928  1  
   14928  1  
   14932  1  
   14932  1  
   14965  2  
   14972  3  
   14991  1  
   14991  1  
   14993  1  
   14993  1  
   14993  1  
   14993  1  
   15011  2  
   15011  2  
   15025  2  
   15025  2  
   15054  1  
   15054  1  
   15061  1  
   15061  1  
   15080  2  
   15088  2  
   15088  2  
   15090  3  
   15090  3  
   15093  3  
   15120  1  
   15120  1  
   15128  1  
   15128  1  
   15128  1  
   15128  1  
   15140  2  
   15140  2  
   15148  2  
   15148  2  
   15180  1  
   15180  1  
   15180  1  
   15180  1  
   15203  1  
   15203  1  
   15217  2  
   15220  3  
   15220  3  
   15222  2  
   15232  1  
   15232  1  
   15275  1  
   15275  1  
   15278  1  
   15278  1  
   15293  2  
   15296  2  
   15296  2  
   15314  1  
   15314  1  
   15315  3  
   15346  1  
   15346  1  
   15357  1  
   15357  1  
   15357  1  
   15357  1  
   15362  2  
   15366  3  
   15369  1  
   15369  1  
   15395  1  
   15395  1  
   15416  1  
   15416  1  
   15427  1  
   15427  1  
   15432  2  
   15432  2  
   15434  1  
   15434  1  
   15434  1  
   15434  1  
   15444  2  
   15444  2  
   15448  1  
   15448  1  
   15462  1  
   15462  1  
   15475  1  
   15475  1  
   15486  1  
   15486  1  
   15501  1  
   15501  1  
   15510  1  
   15510  1  
   15510  1  
   15510  1  
   15520  1  
   15520  1  
   15520  1  
   15520  1  
   15527  1  
   15527  1  
   15527  1  
   15527  1  
   15540  1  
   15540  1  
   15551  1  
   15551  1  
   15564  1  
   15564  1  
   15580  2  
   15581  1  
   15581  1  
   15593  1  
   15593  1  
   15609  1  
   15609  1  
   15617  2  
   15627  1  
   15627  1  
   15627  1  
   15627  1  
   15631  1  
   15631  1  
   15642  3  
   15646  1  
   15646  1  
   15658  2  
   15658  2  
   15670  1  
   15670  1  
   15702  1  
   15702  1  
   15703  2  
   15703  2  
   15704  2  
   15704  2  
   15706  3  
   15728  1  
   15728  1  
   15735  1  
   15735  1  
   15755  1  
   15755  1  
   15756  2  
   15776  2  
   15791  3  
   15791  3  
   15799  1  
   15799  1  
   15815  2  
   15821  1  
   15821  1  
   15821  1  
   15821  1  
   15838  1  
   15838  1  
   15838  1  
   15838  1  
   15845  2  
   15845  2  
   15873  2  
   15881  1  
   15881  1  
   15884  1  
   15884  1  
   15890  2  
   15890  2  
   15892  3  
   15892  3  
   15896  3  
   15934  1  
   15934  1  
   15938  1  
   15938  1  
   15948  2  
   15948  2  
   15961  2  
   15961  2  
   15982  1  
   15982  1  
   15982  1  
   15982  1  
   15987  1  
   15987  1  
   15987  1  
   15987  1  
   16008  3  
   16015  2  
   16017  2  
   16033  1  
   16033  1  
   16033  1  
   16033  1  
   16044  1  
   16044  1  
   16044  1  
   16044  1  
   16063  2  
   16065  2  
   16066  1  
   16066  1  
   16066  1  
   16066  1  
   16085  3  
   16109  1  
   16109  1  
   16126  2  
   16127  2  
   16127  2  
   16144  1  
   16144  1  
   16146  3  
   16146  3  
   16168  1  
   16168  1  
   16168  1  
   16168  1  
   16178  2  
   16178  2  
   16186  2  
   16210  1  
   16210  1  
   16213  2  
   16213  2  
   16241  2  
   16244  1  
   16244  1  
   16248  2  
   16274  2  
   16276  1  
   16276  1  
   16276  1  
   16276  1  
   16277  3  
   16287  2  
   16309  3  
   16316  1  
   16316  1  
   16316  1  
   16316  1  
   16321  2  
   16328  2  
   16328  2  
   16329  2  
   16329  2  
   16338  1  
   16338  1  
   16359  2  
   16359  2  
   16370  1  
   16370  1  
   16379  2  
   16379  2  
   16384  2  
   16392  1  
   16392  1  
   16415  3  
   16416  1  
   16416  1  
   16416  1  
   16416  1  
   16417  2  
   16419  1  
   16419  1  
   16437  2  
   16454  1  
   16454  1  
   16468  2  
   16482  1  
   16482  1  
   16497  1  
   16497  1  
   16499  2  
   16512  1  
   16512  1  
   16512  1  
   16512  1  
   16522  3  
   16522  3  
   16524  1  
   16524  1  
   16524  1  
   16524  1  
   16530  2  
   16553  1  
   16553  1  
   16553  1  
   16553  1  
   16555  2  
   16555  2  
   16564  3  
   16564  3  
   16568  1  
   16568  1  
   16568  1  
   16568  1  
   16575  1  
   16575  1  
   16589  2  
   16589  2  
   16594  2  
   16598  1  
   16598  1  
   16618  1  
   16618  1  
   16633  1  
   16633  1  
   16635  2  
   16659  1  
   16659  1  
   16664  2  
   16669  1  
   16669  1  
   16687  2  
   16689  2  
   16695  1  
   16695  1  
   16700  3  
   16711  2  
   16718  1  
   16718  1  
   16729  1  
   16729  1  
   16730  2  
   16749  2  
   16753  3  
   16763  1  
   16763  1  
   16767  2  
   16777  2  
   16788  2  
   16798  1  
   16798  1  
   16806  2  
   16818  2  
   16821  2  
   16821  2  
   16825  1  
   16825  1  
   16825  1  
   16825  1  
   16830  2  
   16830  2  
   16840  2  
   16843  1  
   16843  1  
   16847  2  
   16851  2  
   16851  2  
   16870  2  
   16884  1  
   16884  1  
   16889  2  
   16904  1  
   16904  1  
   16907  2  
   16921  1  
   16921  1  
   16928  2  
   16935  1  
   16935  1  
   16944  1  
   16944  1  
   16963  1  
   16963  1  
   16967  2  
   16974  1  
   16974  1  
   16980  1  
   16980  1  
   16988  1  
   16988  1  
   17000  1  
   17000  1  
   17000  1  
   17000  1  
   17006  1  
   17006  1  
   17006  1  
   17006  1  
   17016  1  
   17016  1  
   17025  1  
   17025  1  
   17025  1  
   17025  1  
   17035  1  
   17035  1  
   17045  1  
   17045  1  
   17057  1  
   17057  1  
   17063  2  
   17067  1  
   17067  1  
   17075  1  
   17075  1  
   17084  1  
   17084  1  
   17090  2  
   17096  1  
   17096  1  
   17104  1  
   17104  1  
   17105  3  
   17108  2  
   17111  1  
   17111  1  
   17126  1  
   17126  1  
   17138  1  
   17138  1  
   17140  2  
   17158  1  
   17158  1  
   17173  2  
   17173  2  
   17174  1  
   17174  1  
   17179  2  
   17179  2  
   17201  1  
   17201  1  
   17210  1  
   17210  1  
   17210  1  
   17210  1  
   17214  2  
   17227  1  
   17227  1  
   17243  3  
   17250  2  
   17252  1  
   17252  1  
   17260  1  
   17260  1  
   17274  3  
   17274  3  
   17275  2  
   17275  2  
   17284  2  
   17288  1  
   17288  1  
   17288  1  
   17288  1  
   17289  1  
   17289  1  
   17329  2  
   17333  1  
   17333  1  
   17333  1  
   17333  1  
   17337  1  
   17337  1  
   17355  2  
   17355  2  
   17377  1  
   17377  1  
   17383  2  
   17383  2  
   17391  3  
   17395  1  
   17395  1  
   17408  1  
   17408  1  
   17419  2  
   17424  3  
   17424  3  
   17430  2  
   17445  1  
   17445  1  
   17458  1  
   17458  1  
   17458  1  
   17458  1  
   17466  1  
   17466  1  
   17466  1  
   17466  1  
   17482  2  
   17487  2  
   17487  2  
   17489  1  
   17489  1  
   17489  1  
   17489  1  
   17504  1  
   17504  1  
   17510  1  
   17510  1  
   17510  1  
   17510  1  
   17525  3  
   17532  2  
   17542  1  
   17542  1  
   17552  1  
   17552  1  
   17552  1  
   17552  1  
   17565  2  
   17572  2  
   17574  1  
   17574  1  
   17607  1  
   17607  1  
   17617  2  
   17617  2  
   17621  1  
   17621  1  
   17639  3  
   17642  2  
   17644  2  
   17644  2  
   17662  1  
   17662  1  
   17670  1  
   17670  1  
   17676  2  
   17677  3  
   17677  3  
   17684  2  
   17684  2  
   17703  2  
   17703  2  
   17710  1  
   17710  1  
   17713  2  
   17723  2  
   17731  1  
   17731  1  
   17731  1  
   17731  1  
   17748  2  
   17752  1  
   17752  1  
   17776  2  
   17778  1  
   17778  1  
   17778  1  
   17778  1  
   17791  2  
   17794  1  
   17794  1  
   17794  1  
   17794  1  
   17807  1  
   17807  1  
   17815  3  
   17816  1  
   17816  1  
   17819  2  
   17834  1  
   17834  1  
   17839  3  
   17849  2  
   17849  2  
   17854  2  
   17854  2  
   17857  1  
   17857  1  
   17873  1  
   17873  1  
   17873  1  
   17873  1  
   17880  1  
   17880  1  
   17886  2  
   17886  2  
   17895  2  
   17900  2  
   17910  1  
   17910  1  
   17910  1  
   17910  1  
   17915  1  
   17915  1  
   17915  1  
   17915  1  
   17922  1  
   17922  1  
   17922  1  
   17922  1  
   17926  3  
   17935  1  
   17935  1  
   17940  1  
   17940  1  
   17943  2  
   17943  2  
   17949  2  
   17958  2  
   17960  1  
   17960  1  
   17960  1  
   17960  1  
   17999  2  
   17999  2  
   18000  3  
   18000  3  
   18019  2  
   18019  2  
   18024  3  
   18024  3  
   18033  2  
   18069  2  
   18072  2  
   18072  2  
   18102  2  
   18105  3  
   18120  3  
   18124  2  
   18124  2  
   18130  2  
   18130  2  
   18134  2  
   18145  2  
   18165  2  
   18165  2  
   18168  2  
   18174  2  
   18174  2  
   18182  3  
   18204  2  
   18204  2  
   18219  2  
   18220  3  
   18239  2  
   18253  3  
   18253  3  
   18267  2  
   18267  2  
   18276  2  
   18276  2  
   18295  2  
   18310  2  
   18320  3  
   18320  3  
   18323  3  
   18328  2  
   18347  2  
   18353  2  
   18382  2  
   18382  2  
   18383  2  
   18391  3  
   18405  2  
   18411  2  
   18411  2  
   18421  2  
   18421  2  
   18423  3  
   18433  2  
   18448  2  
   18454  2  
   18467  3  
   18467  3  
   18470  2  
   18474  2  
   18491  2  
   18491  2  
   18492  2  
   18509  2  
   18512  3  
   18513  2  
   18522  3  
   18523  2  
   18536  2  
   18536  2  
   18540  2  
   18551  2  
   18557  2  
   18557  2  
   18565  2  
   18567  2  
   18578  2  
   18579  2  
   18580  3  
   18585  2  
   18586  3  
   18586  3  
   18593  2  
   18598  2  
   18609  2  
   18609  2  
   18634  3  
   18634  3  
   18658  3  
   18681  3  
   18719  3  
   18725  3  
   18766  3  
   18766  3  
   18771  3  
   18771  3  
   18772  3  
   18773  3  
   18775  3  
   18775  3  
   18776  3  
   18779  3  
   18781  3  
   18781  3  
   18783  3  
   18786  3  
   18788  3  
   18788  3  
   18791  3  
   18795  3  
   18798  3  
   18798  3  
   18802  3  
   18804  3  
   18809  3  
   18811  3  
   18811  3  
   18818  3  
   18823  3  
   18827  3  
   18827  3  
   18833  3  
   18835  3  
   18836  3  
   18840  3  
   18840  3  
   18846  3  
   18847  3  
   18852  3  
   18852  3  
   18859  3  
   18859  3  
   18860  3  
   18865  3  
   18869  3  
   18869  3  
   18872  3  
   18877  3  
   18878  3  
   18883  3  
   18883  3  
   18892  3  
   18896  3  
   18901  3  
   18902  3  
   18902  3  
   18906  3  
   18910  3  
   18915  3  
   18915  3  
   18916  3  
   18916  3  
   18922  3  
   18927  3  
   18932  3  
   18932  3  
   18934  3  
   18937  3  
   18941  3  
   18946  3  
   18946  3  
   18947  3  
   18953  3  
   18958  3  
   18963  3  
   18963  3  
   18966  3  
   18966  3  
   18972  3  
   18975  3  
   18978  3  
   18981  3  
   18981  3  
   18989  3  
   18994  3  
   18995  3  
   19003  3  
   19003  3  
   19009  3  
   19013  3  
   19013  3  
   19019  3  
   19024  3  
   19024  3  
   19028  3  
   19030  3  
   19037  3  
   19040  3  
   19042  3  
   19042  3  
   19049  3  
   19053  3  
   19054  3  
   19054  3  
   19060  3  
   19060  3  
   19068  3  
   19069  3  
   19075  3  
   19078  3  
   19078  3  
   19080  3  
   19087  3  
   19091  3  
   19093  3  
   19093  3  
   19098  3  
   19098  3  
   19104  3  
   19106  3  
   19112  3  
   19114  3  
   19114  3  
   19115  3  
   19122  3  
   19127  3  
   19128  3  
   19128  3  
   19133  3  
   19133  3  
   19140  3  
   19141  3  
   19147  3  
   19149  3  
   19150  3  
   19150  3  
   19157  3  
   19163  3  
   19163  3  
   19165  3  
   19173  3  
   19173  3  
   19175  3  
   19178  3  
   19184  3  
   19185  3  
   19189  3  
   19189  3  
   19192  3  
   19192  3  
   19193  3  
   19196  3  
   19198  3  
   19199  3  
   19199  3  
   19201  3  
   19202  3  
   19203  3  
   19204  3  
   19204  3  
  END_ON_NODES
