  ON_NODES
   1  3  
   1  3  
   2  3  
   3  3  
   5  3  
   7  3  
   11  3  
   12  3  
   17  3  
   19  3  
   25  3  
   31  3  
   35  3  
   42  3  
   47  3  
   55  3  
   55  3  
   62  3  
   62  3  
   71  3  
   77  3  
   89  3  
   93  3  
   108  3  
   111  3  
   130  3  
   131  3  
   151  3  
   152  3  
   176  3  
   178  3  
   203  3  
   206  3  
   206  3  
   231  3  
   231  3  
   237  3  
   259  3  
   269  3  
   290  3  
   304  3  
   324  3  
   340  3  
   361  3  
   378  3  
   396  3  
   421  3  
   435  3  
   464  3  
   464  3  
   474  3  
   506  3  
   519  3  
   519  3  
   555  3  
   563  3  
   603  3  
   609  3  
   655  3  
   657  3  
   705  3  
   710  3  
   752  3  
   765  3  
   803  3  
   817  3  
   817  3  
   856  3  
   872  3  
   908  3  
   908  3  
   929  3  
   965  3  
   994  3  
   1023  3  
   1058  3  
   1082  3  
   1123  3  
   1146  3  
   1191  3  
   1210  3  
   1261  3  
   1261  3  
   1276  3  
   1338  3  
   1346  3  
   1410  3  
   1413  3  
   1413  3  
   1482  3  
   1484  3  
   1553  3  
   1560  3  
   1627  3  
   1644  3  
   1708  3  
   1727  3  
   1784  3  
   1811  3  
   1811  3  
   1866  3  
   1895  3  
   1943  3  
   1988  3  
   2027  3  
   2027  3  
   2078  3  
   2112  3  
   2171  3  
   2201  3  
   2262  3  
   2289  3  
   2358  3  
   2379  3  
   2461  3  
   2461  3  
   2471  3  
   2559  3  
   2563  3  
   2654  3  
   2663  3  
   2752  3  
   2752  3  
   2766  3  
   2851  3  
   2879  3  
   2950  3  
   2986  3  
   3056  3  
   3092  3  
   3163  3  
   3206  3  
   3206  3  
   3265  3  
   3318  3  
   3369  3  
   3441  3  
   3477  3  
   3560  3  
   3587  3  
   3587  3  
   3677  3  
   3704  3  
   3802  3  
   3819  3  
   3931  3  
   3938  3  
   4055  3  
   4055  3  
   4056  3  
   4174  3  
   4180  3  
   4290  3  
   4309  3  
   4413  3  
   4439  3  
   4533  3  
   4533  3  
   4575  3  
   4656  3  
   4707  3  
   4786  3  
   4843  3  
   4916  3  
   4986  3  
   4986  3  
   5046  3  
   5126  3  
   5176  3  
   5274  3  
   5311  3  
   5417  3  
   5445  3  
   5566  3  
   5583  3  
   5583  3  
   5713  3  
   5716  3  
   5861  3  
   5869  3  
   6006  3  
   6021  3  
   6021  3  
   6147  3  
   6180  3  
   6290  3  
   6332  3  
   6437  3  
   6489  3  
   6582  3  
   6651  3  
   6733  3  
   6733  3  
   6814  3  
   6892  3  
   6987  3  
   7048  3  
   7154  3  
   7154  3  
   7204  3  
   7226  2  
   7228  2  
   7228  2  
   7230  2  
   7236  2  
   7245  2  
   7256  2  
   7257  2  
   7263  2  
   7263  2  
   7273  2  
   7277  2  
   7290  2  
   7295  2  
   7314  2  
   7319  2  
   7327  3  
   7341  2  
   7344  2  
   7360  2  
   7360  2  
   7361  3  
   7362  2  
   7362  2  
   7406  2  
   7407  2  
   7443  2  
   7444  2  
   7490  2  
   7491  2  
   7498  3  
   7524  3  
   7535  2  
   7536  2  
   7576  2  
   7576  2  
   7578  2  
   7630  2  
   7630  2  
   7641  2  
   7676  3  
   7687  3  
   7688  2  
   7705  2  
   7748  2  
   7773  2  
   7801  2  
   7835  2  
   7845  3  
   7846  3  
   7863  2  
   7907  2  
   7928  2  
   7973  2  
   7973  2  
   7992  2  
   8009  3  
   8009  3  
   8022  3  
   8057  2  
   8059  2  
   8059  2  
   8138  2  
   8145  2  
   8181  3  
   8207  3  
   8220  2  
   8232  2  
   8303  2  
   8321  2  
   8353  3  
   8390  3  
   8390  3  
   8391  2  
   8413  2  
   8413  2  
   8482  2  
   8516  2  
   8521  3  
   8568  2  
   8576  3  
   8627  2  
   8659  2  
   8659  2  
   8687  3  
   8733  2  
   8757  3  
   8764  2  
   8843  2  
   8859  3  
   8873  2  
   8942  3  
   8956  2  
   8956  2  
   8989  2  
   9033  3  
   9067  2  
   9106  2  
   9135  3  
   9186  2  
   9213  3  
   9217  2  
   9217  2  
   9292  2  
   9326  3  
   9335  2  
   9395  3  
   9395  3  
   9418  2  
   9452  2  
   9521  3  
   9534  1  
   9534  1  
   9536  1  
   9537  1  
   9539  2  
   9539  2  
   9541  1  
   9544  1  
   9547  1  
   9551  1  
   9551  1  
   9567  1  
   9570  1  
   9574  2  
   9581  3  
   9584  1  
   9593  1  
   9604  1  
   9618  1  
   9623  1  
   9623  1  
   9634  1  
   9644  2  
   9661  1  
   9665  1  
   9665  1  
   9687  2  
   9700  1  
   9709  1  
   9721  3  
   9721  3  
   9739  1  
   9752  1  
   9759  3  
   9760  2  
   9781  1  
   9798  1  
   9813  2  
   9826  1  
   9826  1  
   9848  1  
   9875  2  
   9886  1  
   9900  1  
   9900  1  
   9915  3  
   9938  2  
   9944  3  
   9947  1  
   9967  1  
   9994  2  
   10014  1  
   10036  1  
   10063  2  
   10081  1  
   10106  1  
   10109  2  
   10117  3  
   10127  3  
   10149  1  
   10149  1  
   10184  1  
   10189  2  
   10189  2  
   10222  1  
   10229  2  
   10229  2  
   10261  1  
   10261  1  
   10300  1  
   10309  2  
   10320  3  
   10323  3  
   10348  1  
   10377  2  
   10381  1  
   10424  1  
   10428  2  
   10428  2  
   10461  1  
   10504  3  
   10506  1  
   10523  3  
   10526  2  
   10549  1  
   10549  1  
   10585  2  
   10593  1  
   10641  1  
   10677  2  
   10681  1  
   10691  3  
   10723  3  
   10732  1  
   10744  2  
   10766  1  
   10766  1  
   10825  2  
   10828  1  
   10869  1  
   10886  3  
   10886  3  
   10897  2  
   10897  2  
   10927  1  
   10937  3  
   10973  1  
   10982  2  
   10982  2  
   11027  1  
   11027  1  
   11060  2  
   11079  1  
   11081  3  
   11130  1  
   11149  3  
   11149  3  
   11150  2  
   11188  1  
   11217  2  
   11239  1  
   11274  3  
   11299  1  
   11325  2  
   11339  1  
   11355  3  
   11367  2  
   11367  2  
   11414  1  
   11414  1  
   11449  1  
   11466  3  
   11469  2  
   11497  2  
   11542  1  
   11553  1  
   11553  1  
   11570  3  
   11580  2  
   11669  3  
   11675  1  
   11676  1  
   11677  2  
   11691  2  
   11786  3  
   11795  1  
   11798  2  
   11798  2  
   11812  1  
   11856  2  
   11876  3  
   11919  2  
   11923  1  
   11953  1  
   12005  3  
   12028  2  
   12043  2  
   12043  2  
   12046  1  
   12083  3  
   12102  1  
   12102  1  
   12145  2  
   12169  1  
   12169  1  
   12212  2  
   12233  3  
   12235  1  
   12267  2  
   12267  2  
   12292  3  
   12315  1  
   12370  1  
   12383  2  
   12384  2  
   12449  1  
   12461  3  
   12495  3  
   12495  3  
   12502  2  
   12510  1  
   12559  2  
   12595  1  
   12634  2  
   12656  1  
   12674  3  
   12674  3  
   12701  3  
   12729  2  
   12730  1  
   12750  2  
   12750  2  
   12803  1  
   12867  1  
   12867  1  
   12869  2  
   12898  2  
   12905  3  
   12913  3  
   12944  1  
   13001  2  
   13032  1  
   13072  2  
   13072  2  
   13081  1  
   13081  1  
   13121  3  
   13129  2  
   13137  3  
   13185  1  
   13192  1  
   13254  2  
   13254  2  
   13259  2  
   13312  1  
   13329  3  
   13351  1  
   13358  3  
   13409  2  
   13423  1  
   13449  2  
   13513  1  
   13544  3  
   13551  1  
   13572  2  
   13582  3  
   13645  2  
   13673  1  
   13688  1  
   13688  1  
   13739  2  
   13739  2  
   13756  3  
   13780  1  
   13780  1  
   13823  3  
   13835  2  
   13876  1  
   13878  1  
   13926  2  
   13939  1  
   13966  3  
   14037  2  
   14037  2  
   14038  1  
   14053  1  
   14057  3  
   14112  1  
   14122  2  
   14190  3  
   14190  3  
   14205  1  
   14205  1  
   14222  2  
   14251  1  
   14288  3  
   14288  3  
   14318  2  
   14318  2  
   14342  1  
   14403  2  
   14420  3  
   14433  1  
   14499  1  
   14502  2  
   14529  3  
   14581  2  
   14625  1  
   14625  1  
   14644  3  
   14660  1  
   14660  1  
   14689  2  
   14767  2  
   14768  3  
   14818  1  
   14822  1  
   14869  3  
   14873  2  
   14873  2  
   14957  2  
   14957  2  
   14961  1  
   15009  1  
   15021  3  
   15094  3  
   15097  2  
   15117  1  
   15117  1  
   15185  2  
   15199  1  
   15264  3  
   15316  2  
   15317  3  
   15385  1  
   15403  1  
   15414  2  
   15508  3  
   15543  2  
   15543  2  
   15549  3  
   15601  1  
   15601  1  
   15642  2  
   15650  1  
   15650  1  
   15699  2  
   15767  3  
   15790  3  
   15797  1  
   15859  2  
   15871  2  
   15913  1  
   15987  1  
   16014  2  
   16014  2  
   16018  3  
   16018  3  
   16019  3  
   16019  3  
   16088  2  
   16169  1  
   16169  1  
   16176  1  
   16235  1  
   16237  2  
   16245  3  
   16264  3  
   16299  1  
   16318  2  
   16318  2  
   16361  1  
   16361  1  
   16370  1  
   16433  1  
   16470  2  
   16470  2  
   16477  3  
   16511  1  
   16522  3  
   16540  2  
   16569  1  
   16569  1  
   16578  1  
   16578  1  
   16594  1  
   16619  1  
   16642  1  
   16650  2  
   16661  1  
   16661  1  
   16687  1  
   16717  3  
   16720  1  
   16747  1  
   16766  2  
   16772  3  
   16773  1  
   16773  1  
   16786  1  
   16826  2  
   16896  1  
   16961  3  
   17000  2  
   17009  1  
   17013  2  
   17013  2  
   17014  1  
   17032  3  
   17146  1  
   17200  3  
   17211  2  
   17233  2  
   17235  1  
   17271  1  
   17299  3  
   17405  1  
   17405  1  
   17410  2  
   17447  3  
   17466  1  
   17471  2  
   17506  1  
   17573  3  
   17613  2  
   17613  2  
   17616  1  
   17692  1  
   17692  1  
   17694  3  
   17705  2  
   17717  1  
   17804  2  
   17825  1  
   17840  3  
   17840  3  
   17924  1  
   17939  2  
   17939  2  
   17943  3  
   17943  3  
   17946  1  
   18006  2  
   18037  1  
   18037  1  
   18104  3  
   18178  2  
   18196  1  
   18207  3  
   18212  2  
   18212  2  
   18215  1  
   18348  1  
   18371  2  
   18380  3  
   18420  2  
   18459  3  
   18467  1  
   18507  1  
   18541  2  
   18654  2  
   18663  3  
   18672  1  
   18715  2  
   18716  3  
   18727  1  
   18824  1  
   18824  1  
   18883  2  
   18883  2  
   18891  2  
   18936  3  
   18961  2  
   18972  3  
   18987  1  
   18988  1  
   18988  1  
   19031  2  
   19109  2  
   19133  2  
   19153  1  
   19185  2  
   19185  2  
   19214  3  
   19223  3  
   19225  1  
   19262  2  
   19319  1  
   19343  2  
   19372  2  
   19428  2  
   19460  1  
   19477  3  
   19480  1  
   19489  3  
   19505  2  
   19505  2  
   19587  2  
   19600  2  
   19600  2  
   19656  1  
   19656  1  
   19675  2  
   19695  1  
   19735  3  
   19760  2  
   19764  3  
   19764  3  
   19820  1  
   19846  2  
   19846  2  
   19850  2  
   19890  2  
   19918  2  
   19933  1  
   19951  2  
   19951  2  
   19978  2  
   19988  1  
   19995  3  
   19995  3  
   20014  2  
   20049  3  
   20058  2  
   20058  2  
   20102  2  
   20108  2  
   20146  2  
   20164  1  
   20171  1  
   20186  2  
   20186  2  
   20253  3  
   20337  3  
   20342  1  
   20358  2  
   20377  2  
   20409  1  
   20409  1  
   20520  1  
   20520  1  
   20531  3  
   20554  2  
   20554  2  
   20609  2  
   20624  3  
   20646  2  
   20681  1  
   20693  1  
   20730  2  
   20800  3  
   20838  2  
   20862  2  
   20873  1  
   20909  3  
   20920  2  
   20946  1  
   21019  2  
   21019  2  
   21071  1  
   21073  3  
   21118  2  
   21163  2  
   21190  3  
   21227  1  
   21247  1  
   21319  2  
   21335  3  
   21373  2  
   21422  1  
   21422  1  
   21474  2  
   21503  3  
   21511  1  
   21593  3  
   21625  1  
   21627  2  
   21630  2  
   21630  2  
   21778  1  
   21785  3  
   21785  3  
   21790  2  
   21790  2  
   21809  1  
   21855  3  
   21910  2  
   21936  2  
   22004  1  
   22047  1  
   22047  1  
   22076  3  
   22098  2  
   22131  3  
   22131  3  
   22192  1  
   22233  2  
   22278  2  
   22320  1  
   22366  3  
   22384  1  
   22384  1  
   22411  3  
   22441  2  
   22529  2  
   22579  1  
   22585  1  
   22602  2  
   22602  2  
   22666  3  
   22701  3  
   22788  2  
   22802  1  
   22820  2  
   22854  1  
   22972  2  
   22983  3  
   22987  3  
   23008  1  
   23115  2  
   23121  2  
   23125  1  
   23213  1  
   23262  3  
   23283  3  
   23312  2  
   23405  1  
   23413  1  
   23413  1  
   23437  2  
   23499  2  
   23499  2  
   23541  3  
   23584  3  
   23628  1  
   23666  2  
   23694  1  
   23761  2  
   23761  2  
   23826  3  
   23840  1  
   23850  2  
   23887  3  
   23887  3  
   23980  1  
   23980  1  
   24044  2  
   24045  2  
   24064  1  
   24114  3  
   24209  3  
   24230  2  
   24276  1  
   24282  1  
   24336  2  
   24396  3  
   24396  3  
   24407  2  
   24407  2  
   24502  1  
   24502  1  
   24514  3  
   24581  1  
   24601  2  
   24622  2  
   24695  3  
   24734  1  
   24786  2  
   24830  3  
   24881  1  
   24921  2  
   24953  1  
   24982  2  
   24990  3  
   25138  3  
   25169  2  
   25176  1  
   25193  1  
   25232  2  
   25276  3  
   25371  2  
   25371  2  
   25412  1  
   25459  3  
   25502  1  
   25527  2  
   25527  2  
   25559  2  
   25577  3  
   25638  1  
   25638  1  
   25761  2  
   25781  3  
   25811  1  
   25811  1  
   25820  2  
   25871  3  
   25875  1  
   25957  2  
   26093  1  
   26096  3  
   26096  3  
   26101  1  
   26111  2  
   26156  2  
   26172  3  
   26345  1  
   26360  2  
   26360  2  
   26389  1  
   26411  2  
   26423  3  
   26471  3  
   26565  2  
   26582  1  
   26684  1  
   26718  2  
   26751  3  
   26771  3  
   26771  3  
   26772  2  
   26823  1  
   26823  1  
   26985  2  
   26986  1  
   27019  2  
   27066  1  
   27075  3  
   27079  3  
   27195  2  
   27285  1  
   27308  1  
   27329  2  
   27382  3  
   27409  2  
   27409  2  
   27415  3  
   27568  1  
   27586  1  
   27633  2  
   27637  2  
   27700  3  
   27747  3  
   27810  1  
   27867  2  
   27891  1  
   27891  1  
   27953  2  
   27953  2  
   28014  3  
   28066  1  
   28066  1  
   28090  3  
   28094  2  
   28246  1  
   28282  2  
   28326  2  
   28328  3  
   28331  1  
   28429  3  
   28429  3  
   28430  3  
   28433  3  
   28439  3  
   28444  3  
   28455  3  
   28467  3  
   28479  3  
   28499  3  
   28499  3  
   28512  3  
   28525  3  
   28536  3  
   28555  3  
   28557  2  
   28557  2  
   28579  3  
   28587  1  
   28598  1  
   28602  3  
   28617  2  
   28633  3  
   28651  3  
   28657  3  
   28657  3  
   28680  3  
   28705  3  
   28740  3  
   28779  3  
   28802  2  
   28817  3  
   28838  1  
   28843  3  
   28879  3  
   28918  3  
   28918  3  
   28922  2  
   28944  1  
   28949  3  
   28961  3  
   28999  3  
   29023  2  
   29039  3  
   29081  1  
   29087  3  
   29127  3  
   29173  3  
   29223  3  
   29224  2  
   29234  3  
   29234  3  
   29245  2  
   29254  1  
   29270  3  
   29270  3  
   29312  1  
   29312  1  
   29322  3  
   29376  3  
   29427  3  
   29460  2  
   29481  3  
   29516  3  
   29517  2  
   29532  3  
   29542  1  
   29572  1  
   29572  1  
   29591  3  
   29654  3  
   29685  2  
   29685  2  
   29706  3  
   29706  3  
   29768  3  
   29778  1  
   29797  3  
   29804  2  
   29832  3  
   29889  3  
   29890  2  
   29898  1  
   29962  3  
   30011  1  
   30021  3  
   30064  3  
   30080  2  
   30080  2  
   30082  3  
   30101  2  
   30150  3  
   30223  1  
   30223  1  
   30227  3  
   30227  3  
   30238  1  
   30294  3  
   30308  2  
   30319  2  
   30333  3  
   30362  3  
   30429  3  
   30460  1  
   30460  1  
   30493  1  
   30505  3  
   30509  2  
   30536  2  
   30584  3  
   30601  3  
   30659  3  
   30683  1  
   30718  2  
   30718  2  
   30737  3  
   30758  1  
   30764  2  
   30764  2  
   30815  3  
   30815  3  
   30866  3  
   30898  3  
   30915  1  
   30924  2  
   30972  3  
   31028  1  
   31048  2  
   31062  3  
   31134  2  
   31142  1  
   31144  3  
   31145  3  
   31225  3  
   31294  1  
   31304  3  
   31323  2  
   31334  2  
   31367  1  
   31394  3  
   31405  3  
   31405  3  
   31479  3  
   31479  3  
   31531  2  
   31559  1  
   31567  3  
   31587  1  
   31587  1  
   31602  2  
   31664  3  
   31670  3  
   31734  2  
   31734  2  
   31740  3  
   31812  1  
   31826  1  
   31838  3  
   31874  2  
   31925  3  
   31929  3  
   31940  2  
   32017  3  
   32024  1  
   32086  1  
   32116  3  
   32145  2  
   32150  2  
   32150  2  
   32183  3  
   32209  3  
   32209  3  
   32251  1  
   32303  3  
   32348  2  
   32349  1  
   32395  3  
   32412  2  
   32438  3  
   32471  1  
   32503  3  
   32542  2  
   32594  3  
   32601  1  
   32601  1  
   32680  2  
   32690  1  
   32690  1  
   32696  3  
   32697  3  
   32744  2  
   32744  2  
   32788  3  
   32842  1  
   32888  3  
   32900  1  
   32940  2  
   32942  3  
   32944  2  
   32997  3  
   32997  3  
   33083  1  
   33096  3  
   33128  1  
   33143  2  
   33194  3  
   33197  3  
   33210  2  
   33300  3  
   33324  1  
   33341  1  
   33354  2  
   33412  3  
   33443  3  
   33443  3  
   33474  2  
   33474  2  
   33518  3  
   33552  2  
   33555  1  
   33566  1  
   33628  3  
   33696  3  
   33709  2  
   33736  3  
   33762  2  
   33762  2  
   33776  1  
   33776  1  
   33805  1  
   33843  3  
   33843  3  
   33929  2  
   33942  2  
   33947  3  
   33949  3  
   33983  1  
   34044  1  
   34056  3  
   34116  2  
   34169  3  
   34179  2  
   34196  1  
   34199  3  
   34276  1  
   34277  3  
   34296  2  
   34398  3  
   34410  1  
   34413  2  
   34442  3  
   34472  2  
   34504  3  
   34515  1  
   34515  1  
   34624  3  
   34625  1  
   34647  2  
   34647  2  
   34652  2  
   34685  3  
   34729  3  
   34729  3  
   34731  1  
   34828  2  
   34828  2  
   34831  1  
   34831  1  
   34850  3  
   34875  2  
   34924  3  
   34948  1  
   34954  3  
   35009  1  
   35014  2  
   35077  3  
   35105  2  
   35165  1  
   35172  3  
   35173  1  
   35199  3  
   35201  2  
   35314  3  
   35332  2  
   35357  1  
   35391  1  
   35392  2  
   35418  3  
   35418  3  
   35434  3  
   35524  1  
   35554  3  
   35572  2  
   35576  2  
   35610  1  
   35664  3  
   35674  3  
   35674  3  
   35704  1  
   35758  2  
   35802  3  
   35805  2  
   35805  2  
   35825  1  
   35876  1  
   35876  1  
   35902  3  
   35918  3  
   35946  2  
   35946  2  
   36034  2  
   36045  1  
   36045  1  
   36048  3  
   36060  1  
   36134  2  
   36144  3  
   36160  3  
   36229  1  
   36258  1  
   36264  2  
   36290  3  
   36322  2  
   36385  3  
   36388  1  
   36406  3  
   36472  1  
   36488  2  
   36507  2  
   36540  3  
   36566  1  
   36631  3  
   36663  3  
   36663  3  
   36678  1  
   36692  2  
   36720  2  
   36748  1  
   36784  3  
   36874  3  
   36880  2  
   36900  1  
   36920  3  
   36923  1  
   36923  1  
   36955  2  
   37043  3  
   37066  2  
   37066  2  
   37098  1  
   37115  3  
   37117  1  
   37181  3  
   37182  2  
   37182  2  
   37247  2  
   37270  1  
   37302  3  
   37324  1  
   37324  1  
   37352  3  
   37352  3  
   37377  2  
   37420  2  
   37433  3  
   37441  1  
   37510  1  
   37570  3  
   37571  2  
   37596  3  
   37613  2  
   37621  1  
   37699  1  
   37701  3  
   37701  3  
   37759  2  
   37792  2  
   37796  1  
   37834  3  
   37835  3  
   37881  1  
   37956  2  
   37956  2  
   37964  3  
   37969  1  
   37969  1  
   37975  2  
   38062  1  
   38066  3  
   38094  3  
   38139  1  
   38143  2  
   38149  2  
   38149  2  
   38228  3  
   38247  1  
   38300  3  
   38309  1  
   38326  2  
   38333  2  
   38354  3  
   38428  1  
   38428  1  
   38475  1  
   38487  3  
   38495  2  
   38517  2  
   38534  3  
   38609  1  
   38622  3  
   38647  1  
   38667  2  
   38698  2  
   38756  3  
   38756  3  
   38765  3  
   38791  1  
   38814  1  
   38840  2  
   38887  2  
   38890  3  
   38977  1  
   38992  1  
   38992  1  
   39003  3  
   39023  2  
   39030  3  
   39073  2  
   39161  1  
   39163  1  
   39166  3  
   39195  2  
   39195  2  
   39233  3  
   39233  3  
   39266  2  
   39266  2  
   39301  3  
   39321  1  
   39343  1  
   39343  1  
   39370  2  
   39437  3  
   39450  2  
   39460  3  
   39488  1  
   39490  1  
   39544  2  
   39570  3  
   39637  1  
   39643  2  
   39657  1  
   39689  3  
   39710  3  
   39714  2  
   39781  1  
   39820  1  
   39820  1  
   39833  2  
   39852  3  
   39852  3  
   39894  2  
   39924  3  
   39928  1  
   39990  3  
   40012  1  
   40012  1  
   40017  2  
   40068  2  
   40081  1  
   40081  1  
   40125  1  
   40130  3  
   40153  3  
   40198  1  
   40208  2  
   40234  1  
   40244  2  
   40244  2  
   40266  3  
   40319  1  
   40340  1  
   40389  3  
   40395  2  
   40399  2  
   40414  3  
   40441  1  
   40459  1  
   40545  3  
   40549  2  
   40558  1  
   40563  1  
   40590  2  
   40590  2  
   40621  3  
   40677  1  
   40682  1  
   40682  1  
   40690  3  
   40707  2  
   40745  2  
   40764  1  
   40798  1  
   40836  3  
   40850  3  
   40863  2  
   40865  1  
   40903  1  
   40921  2  
   40947  1  
   40964  3  
   40964  3  
   41022  2  
   41025  1  
   41025  1  
   41047  1  
   41073  3  
   41073  3  
   41086  2  
   41092  1  
   41116  3  
   41131  1  
   41131  1  
   41159  1  
   41167  2  
   41208  1  
   41240  1  
   41258  3  
   41260  2  
   41270  1  
   41303  3  
   41310  1  
   41327  2  
   41327  2  
   41336  1  
   41389  1  
   41404  3  
   41412  1  
   41436  2  
   41460  1  
   41464  2  
   41475  1  
   41475  1  
   41514  1  
   41527  3  
   41539  1  
   41542  3  
   41552  1  
   41595  2  
   41601  1  
   41603  2  
   41625  1  
   41625  1  
   41650  1  
   41652  1  
   41668  1  
   41682  1  
   41684  3  
   41687  1  
   41687  1  
   41700  1  
   41711  1  
   41718  1  
   41731  1  
   41733  1  
   41736  2  
   41744  1  
   41757  3  
   41758  1  
   41758  1  
   41763  2  
   41763  2  
   41837  3  
   41878  2  
   41903  2  
   41966  3  
   41979  3  
   42011  2  
   42049  2  
   42120  3  
   42120  3  
   42135  2  
   42176  2  
   42214  3  
   42272  3  
   42281  2  
   42281  2  
   42327  2  
   42395  2  
   42421  3  
   42447  3  
   42474  2  
   42516  2  
   42556  3  
   42616  2  
   42616  2  
   42648  2  
   42648  2  
   42674  3  
   42714  3  
   42731  2  
   42744  2  
   42852  2  
   42869  2  
   42870  3  
   42898  3  
   42898  3  
   42954  2  
   42961  2  
   43014  3  
   43081  2  
   43086  2  
   43116  3  
   43147  3  
   43186  2  
   43198  2  
   43303  3  
   43303  3  
   43305  2  
   43321  2  
   43336  3  
   43412  2  
   43436  2  
   43436  2  
   43454  3  
   43520  2  
   43527  2  
   43561  3  
   43598  3  
   43608  2  
   43645  2  
   43645  2  
   43697  2  
   43733  2  
   43748  3  
   43778  2  
   43787  3  
   43832  2  
   43866  2  
   43903  3  
   43927  2  
   43950  2  
   43950  2  
   44015  3  
   44021  2  
   44026  2  
   44054  3  
   44087  2  
   44114  2  
   44114  2  
   44151  2  
   44177  2  
   44206  3  
   44218  2  
   44240  3  
   44242  2  
   44288  2  
   44301  2  
   44357  2  
   44358  3  
   44370  2  
   44423  2  
   44423  2  
   44430  2  
   44461  2  
   44464  3  
   44497  2  
   44501  2  
   44506  3  
   44506  3  
   44536  2  
   44557  2  
   44577  2  
   44614  2  
   44626  2  
   44626  2  
   44646  2  
   44655  2  
   44658  3  
   44667  2  
   44684  3  
   44684  3  
   44692  2  
   44697  2  
   44711  2  
   44736  2  
   44736  2  
   44738  2  
   44744  2  
   44754  2  
   44760  2  
   44762  2  
   44767  2  
   44777  2  
   44791  2  
   44793  2  
   44806  2  
   44815  3  
   44824  2  
   44824  2  
   44908  3  
   44964  3  
   45114  3  
   45132  3  
   45271  3  
   45354  3  
   45424  3  
   45574  3  
   45577  3  
   45733  3  
   45733  3  
   45803  3  
   45883  3  
   46021  3  
   46042  3  
   46198  3  
   46242  3  
   46356  3  
   46463  3  
   46463  3  
   46515  3  
   46670  3  
   46686  3  
   46832  3  
   46906  3  
   46987  3  
   46987  3  
   47135  3  
   47144  3  
   47306  3  
   47356  3  
   47463  3  
   47581  3  
   47621  3  
   47778  3  
   47803  3  
   47939  3  
   48025  3  
   48104  3  
   48248  3  
   48248  3  
   48266  3  
   48266  3  
   48427  3  
   48466  3  
   48583  3  
   48683  3  
   48742  3  
   48903  3  
   48909  3  
   49070  3  
   49122  3  
   49237  3  
   49344  3  
   49399  3  
   49561  3  
   49561  3  
   49568  3  
   49728  3  
   49792  3  
   49891  3  
   50009  3  
   50009  3  
   50011  3  
   50012  3  
   50015  3  
   50018  3  
   50021  3  
   50025  3  
   50032  3  
   50032  3  
   50041  3  
   50045  3  
   50049  3  
   50052  3  
   50062  3  
   50072  3  
   50084  3  
   50098  3  
   50098  3  
   50112  3  
   50128  3  
   50143  3  
   50157  3  
   50175  3  
   50187  3  
   50203  3  
   50203  3  
   50204  3  
   50228  3  
   50242  3  
   50255  3  
   50279  3  
   50301  3  
   50329  3  
   50351  3  
   50351  3  
   50354  3  
   50373  3  
   50392  3  
   50418  3  
   50437  3  
   50463  3  
   50494  3  
   50500  3  
   50525  3  
   50525  3  
   50548  3  
   50564  3  
   50597  3  
   50618  3  
   50626  3  
   50662  3  
   50692  3  
   50718  3  
   50718  3  
   50738  3  
   50746  3  
   50746  3  
   50777  3  
   50814  3  
   50845  3  
   50875  3  
   50877  3  
   50900  3  
   50942  3  
   50942  3  
   50975  3  
   50998  3  
   51006  3  
   51035  3  
   51077  3  
   51111  3  
   51122  3  
   51146  3  
   51177  3  
   51177  3  
   51220  3  
   51234  3  
   51256  3  
   51284  3  
   51331  3  
   51346  3  
   51369  3  
   51400  3  
   51427  3  
   51427  3  
   51456  3  
   51473  3  
   51516  3  
   51547  3  
   51558  3  
   51591  3  
   51629  3  
   51661  3  
   51665  3  
   51665  3  
   51709  3  
   51709  3  
   51748  3  
   51769  3  
   51783  3  
   51822  3  
   51862  3  
   51869  3  
   51893  3  
   51939  3  
   51965  3  
   51975  3  
   51975  3  
   52011  3  
   52060  3  
   52064  3  
   52087  3  
   52132  3  
   52158  3  
   52174  3  
   52207  3  
   52248  3  
   52260  3  
   52260  3  
   52283  3  
   52332  3  
   52334  3  
   52372  3  
   52408  3  
   52418  3  
   52418  3  
   52458  3  
   52481  3  
   52503  3  
   52533  3  
   52533  3  
   52567  3  
   52577  3  
   52605  3  
   52655  3  
   52668  3  
   52680  3  
   52739  3  
   52751  3  
   52760  3  
   52812  3  
   52812  3  
   52833  3  
   52842  3  
   52880  3  
   52909  3  
   52919  3  
   52951  3  
   52978  3  
   52991  3  
   53026  3  
   53048  3  
   53048  3  
   53064  3  
   53064  3  
   53090  3  
   53116  3  
   53135  3  
   53162  3  
   53180  3  
   53208  3  
   53234  3  
   53237  3  
   53279  3  
   53302  3  
   53304  3  
   53304  3  
   53348  3  
   53367  3  
   53373  3  
   53417  3  
   53431  3  
   53439  3  
   53484  3  
   53490  3  
   53504  3  
   53547  3  
   53547  3  
   53548  3  
   53548  3  
   53564  3  
   53601  3  
   53606  3  
   53628  3  
   53651  3  
   53667  3  
   53694  3  
   53699  3  
   53724  3  
   53747  3  
   53758  3  
   53758  3  
   53777  3  
   53791  3  
   53815  3  
   53834  3  
   53836  3  
   53869  3  
   53883  3  
   53888  3  
   53921  3  
   53929  3  
   53929  3  
   53948  3  
   53948  3  
   53971  3  
   53972  3  
   54001  3  
   54010  3  
   54020  3  
   54046  3  
   54049  3  
   54066  3  
   54085  3  
   54091  3  
   54114  3  
   54114  3  
   54120  3  
   54133  3  
   54151  3  
   54156  3  
   54172  3  
   54179  3  
   54193  3  
   54205  3  
   54205  3  
   54210  3  
   54228  3  
   54235  3  
   54245  3  
   54245  3  
   54261  3  
   54264  3  
   54279  3  
   54285  3  
   54292  3  
   54307  3  
   54311  3  
   54320  3  
   54325  3  
   54335  3  
   54341  3  
   54344  3  
   54344  3  
   54356  3  
   54359  3  
   54368  3  
   54374  3  
   54374  3  
   54375  3  
   54387  3  
   54388  3  
   54390  3  
   54400  3  
   54401  3  
   54409  3  
   54410  3  
   54410  3  
   54411  3  
   54416  3  
   54418  3  
   54422  3  
   54423  3  
   54424  3  
   54427  3  
   54428  3  
   54429  3  
   54430  3  
   54431  3  
   54431  3  
  END_ON_NODES
