  ON_NODES
   1  3  
   1  3  
   2  3  
   3  3  
   5  3  
   6  3  
   9  3  
   10  3  
   14  3  
   15  3  
   19  3  
   20  3  
   24  3  
   25  3  
   30  3  
   31  3  
   35  3  
   36  3  
   41  3  
   42  3  
   47  3  
   48  3  
   53  3  
   54  3  
   61  3  
   62  3  
   67  3  
   68  3  
   74  3  
   75  3  
   81  3  
   82  3  
   86  3  
   87  3  
   90  3  
   91  3  
   97  3  
   98  3  
   104  3  
   105  3  
   110  3  
   111  3  
   116  3  
   117  3  
   124  3  
   125  3  
   131  3  
   132  3  
   137  3  
   138  3  
   143  3  
   144  3  
   149  3  
   150  3  
   157  3  
   158  3  
   165  3  
   166  3  
   171  3  
   172  3  
   179  3  
   180  3  
   188  3  
   189  3  
   195  3  
   196  3  
   204  3  
   205  3  
   210  3  
   211  3  
   217  3  
   218  3  
   224  3  
   225  3  
   234  3  
   235  3  
   242  3  
   243  3  
   252  3  
   253  3  
   261  3  
   262  3  
   272  3  
   273  3  
   288  3  
   289  3  
   295  2  
   295  2  
   303  2  
   304  2  
   307  3  
   308  3  
   311  2  
   312  2  
   323  2  
   324  2  
   335  2  
   336  2  
   339  3  
   340  3  
   347  2  
   348  2  
   362  2  
   363  2  
   375  2  
   376  2  
   379  3  
   380  3  
   392  2  
   393  2  
   408  2  
   409  2  
   421  3  
   422  3  
   429  2  
   430  2  
   448  2  
   449  2  
   472  2  
   473  2  
   479  3  
   480  3  
   493  2  
   494  2  
   519  2  
   520  2  
   540  3  
   541  3  
   545  2  
   546  2  
   572  2  
   573  2  
   600  2  
   601  2  
   613  3  
   614  3  
   633  2  
   634  2  
   664  2  
   665  2  
   696  3  
   697  2  
   698  2  
   699  3  
   732  2  
   733  2  
   766  2  
   767  2  
   780  3  
   781  3  
   805  2  
   806  2  
   844  2  
   845  2  
   883  3  
   884  3  
   887  2  
   888  2  
   931  2  
   932  2  
   972  2  
   973  2  
   986  3  
   987  3  
   1013  2  
   1014  2  
   1059  2  
   1060  2  
   1093  3  
   1094  3  
   1106  2  
   1107  2  
   1156  2  
   1157  2  
   1204  2  
   1205  2  
   1218  3  
   1219  3  
   1257  2  
   1258  2  
   1310  2  
   1311  2  
   1343  3  
   1344  3  
   1363  2  
   1364  2  
   1425  2  
   1426  2  
   1480  3  
   1481  3  
   1483  2  
   1484  2  
   1548  2  
   1549  2  
   1606  2  
   1607  2  
   1625  3  
   1626  3  
   1674  2  
   1675  2  
   1734  2  
   1735  2  
   1772  3  
   1773  3  
   1795  2  
   1796  2  
   1861  2  
   1862  2  
   1922  3  
   1923  3  
   1931  2  
   1932  2  
   2001  2  
   2002  2  
   2075  2  
   2076  2  
   2099  3  
   2100  3  
   2152  2  
   2153  2  
   2229  2  
   2230  2  
   2271  3  
   2272  3  
   2313  2  
   2314  2  
   2393  2  
   2394  2  
   2445  3  
   2446  3  
   2472  2  
   2473  2  
   2556  2  
   2557  2  
   2641  2  
   2642  2  
   2646  3  
   2647  3  
   2727  2  
   2728  2  
   2807  2  
   2808  2  
   2834  3  
   2835  3  
   2897  2  
   2898  2  
   2987  2  
   2988  2  
   3030  3  
   3031  3  
   3084  2  
   3085  2  
   3176  2  
   3177  2  
   3249  3  
   3250  3  
   3273  2  
   3274  2  
   3364  2  
   3365  2  
   3461  2  
   3462  2  
   3466  3  
   3467  3  
   3560  2  
   3561  2  
   3664  2  
   3665  2  
   3689  3  
   3690  3  
   3762  2  
   3763  2  
   3872  2  
   3873  2  
   3915  3  
   3916  3  
   3980  2  
   3981  2  
   4103  2  
   4104  2  
   4111  1  
   4111  1  
   4130  1  
   4131  1  
   4143  1  
   4144  1  
   4154  1  
   4155  1  
   4177  1  
   4178  1  
   4195  1  
   4196  1  
   4218  1  
   4219  1  
   4229  3  
   4230  3  
   4235  1  
   4236  1  
   4251  1  
   4252  1  
   4272  1  
   4273  1  
   4291  2  
   4292  2  
   4293  1  
   4294  1  
   4310  1  
   4311  1  
   4326  1  
   4327  1  
   4344  1  
   4345  1  
   4367  1  
   4368  1  
   4385  1  
   4386  1  
   4405  1  
   4406  1  
   4428  1  
   4429  1  
   4447  1  
   4448  1  
   4466  1  
   4467  1  
   4486  1  
   4487  1  
   4497  2  
   4498  2  
   4508  1  
   4509  1  
   4528  1  
   4529  1  
   4541  1  
   4542  1  
   4566  1  
   4567  1  
   4589  1  
   4590  1  
   4607  1  
   4608  1  
   4624  1  
   4625  1  
   4646  1  
   4647  1  
   4670  1  
   4671  1  
   4686  1  
   4687  1  
   4691  3  
   4692  3  
   4706  1  
   4707  1  
   4710  2  
   4711  2  
   4726  1  
   4727  1  
   4748  1  
   4749  1  
   4768  1  
   4769  1  
   4793  1  
   4794  1  
   4815  1  
   4816  1  
   4834  1  
   4835  1  
   4856  1  
   4857  1  
   4873  1  
   4874  1  
   4898  1  
   4899  1  
   4914  1  
   4915  1  
   4926  2  
   4927  2  
   4935  1  
   4936  1  
   4951  1  
   4952  1  
   4978  1  
   4979  1  
   4998  1  
   4999  1  
   5015  1  
   5016  1  
   5031  1  
   5032  1  
   5056  1  
   5057  1  
   5075  1  
   5076  1  
   5093  1  
   5094  1  
   5117  1  
   5118  1  
   5135  1  
   5136  1  
   5139  2  
   5140  2  
   5151  1  
   5152  1  
   5154  3  
   5155  3  
   5178  1  
   5179  1  
   5203  1  
   5204  1  
   5222  1  
   5223  1  
   5244  1  
   5245  1  
   5265  1  
   5266  1  
   5285  1  
   5286  1  
   5308  1  
   5309  1  
   5325  1  
   5326  1  
   5343  1  
   5344  1  
   5354  2  
   5355  2  
   5364  1  
   5365  1  
   5386  1  
   5387  1  
   5407  1  
   5408  1  
   5431  1  
   5432  1  
   5452  1  
   5453  1  
   5474  1  
   5475  1  
   5492  1  
   5493  1  
   5513  1  
   5514  1  
   5536  1  
   5537  1  
   5549  1  
   5550  1  
   5567  2  
   5568  2  
   5572  1  
   5573  1  
   5599  1  
   5600  1  
   5624  1  
   5625  1  
   5644  3  
   5645  3  
   5646  1  
   5647  1  
   5673  1  
   5674  1  
   5695  1  
   5696  1  
   5713  1  
   5714  1  
   5730  1  
   5731  1  
   5751  1  
   5752  1  
   5768  1  
   5769  1  
   5782  1  
   5783  1  
   5792  2  
   5793  2  
   5820  1  
   5821  1  
   5842  1  
   5843  1  
   5870  1  
   5871  1  
   5888  1  
   5889  1  
   5912  1  
   5913  1  
   5929  1  
   5930  1  
   5947  1  
   5948  1  
   5960  1  
   5961  1  
   5986  1  
   5987  1  
   6005  1  
   6006  1  
   6020  2  
   6021  2  
   6034  1  
   6035  1  
   6063  1  
   6064  1  
   6089  1  
   6090  1  
   6105  1  
   6106  1  
   6126  1  
   6127  1  
   6135  3  
   6136  3  
   6153  1  
   6154  1  
   6166  1  
   6167  1  
   6184  1  
   6185  1  
   6201  1  
   6202  1  
   6234  1  
   6235  1  
   6253  2  
   6254  2  
   6260  1  
   6261  1  
   6284  1  
   6285  1  
   6305  1  
   6306  1  
   6325  1  
   6326  1  
   6347  1  
   6348  1  
   6365  1  
   6366  1  
   6387  1  
   6388  1  
   6405  1  
   6406  1  
   6422  1  
   6423  1  
   6454  1  
   6455  1  
   6477  2  
   6478  2  
   6481  1  
   6482  1  
   6502  1  
   6503  1  
   6527  1  
   6528  1  
   6547  1  
   6548  1  
   6570  1  
   6571  1  
   6584  1  
   6585  1  
   6607  1  
   6608  1  
   6621  3  
   6622  3  
   6626  1  
   6627  1  
   6650  1  
   6651  1  
   6675  1  
   6676  1  
   6702  1  
   6703  1  
   6706  2  
   6707  2  
   6722  1  
   6723  1  
   6744  1  
   6745  1  
   6770  1  
   6771  1  
   6790  1  
   6791  1  
   6808  1  
   6809  1  
   6829  1  
   6830  1  
   6852  1  
   6853  1  
   6881  1  
   6882  1  
   6900  1  
   6901  1  
   6927  1  
   6928  1  
   6934  2  
   6935  2  
   6955  1  
   6956  1  
   6971  1  
   6972  1  
   6989  1  
   6990  1  
   7016  1  
   7017  1  
   7035  1  
   7036  1  
   7056  1  
   7057  1  
   7085  1  
   7086  1  
   7111  1  
   7112  1  
   7124  3  
   7125  3  
   7134  1  
   7135  1  
   7158  1  
   7159  1  
   7163  2  
   7164  2  
   7185  1  
   7186  1  
   7207  1  
   7208  1  
   7223  1  
   7224  1  
   7240  1  
   7241  1  
   7263  1  
   7264  1  
   7282  1  
   7283  1  
   7313  1  
   7314  1  
   7337  1  
   7338  1  
   7359  1  
   7360  1  
   7382  1  
   7383  1  
   7387  2  
   7388  2  
   7400  1  
   7401  1  
   7431  1  
   7432  1  
   7450  1  
   7451  1  
   7468  1  
   7469  1  
   7490  1  
   7491  1  
   7519  1  
   7520  1  
   7544  1  
   7545  1  
   7568  1  
   7569  1  
   7589  1  
   7590  1  
   7611  1  
   7612  1  
   7621  3  
   7622  2  
   7623  2  
   7624  3  
   7636  1  
   7637  1  
   7665  1  
   7666  1  
   7691  1  
   7692  1  
   7707  1  
   7708  1  
   7729  1  
   7730  1  
   7756  1  
   7757  1  
   7783  1  
   7784  1  
   7806  1  
   7807  1  
   7829  1  
   7830  1  
   7851  1  
   7852  1  
   7859  2  
   7860  2  
   7872  1  
   7873  1  
   7897  1  
   7898  1  
   7923  1  
   7924  1  
   7942  1  
   7943  1  
   7969  1  
   7970  1  
   7991  1  
   7992  1  
   8017  1  
   8018  1  
   8043  1  
   8044  1  
   8067  1  
   8068  1  
   8089  1  
   8090  1  
   8099  2  
   8100  2  
   8113  1  
   8114  1  
   8135  1  
   8136  1  
   8141  3  
   8142  3  
   8166  1  
   8167  1  
   8192  1  
   8193  1  
   8211  1  
   8212  1  
   8236  1  
   8237  1  
   8263  1  
   8264  1  
   8285  1  
   8286  1  
   8310  1  
   8311  1  
   8334  1  
   8335  1  
   8344  2  
   8345  2  
   8359  1  
   8360  1  
   8381  1  
   8382  1  
   8412  1  
   8413  1  
   8438  1  
   8439  1  
   8461  1  
   8462  1  
   8480  1  
   8481  1  
   8505  1  
   8506  1  
   8525  1  
   8526  1  
   8554  1  
   8555  1  
   8575  1  
   8576  1  
   8582  2  
   8583  2  
   8601  1  
   8602  1  
   8619  1  
   8620  1  
   8645  1  
   8646  1  
   8659  3  
   8660  3  
   8678  1  
   8679  1  
   8701  1  
   8702  1  
   8718  1  
   8719  1  
   8743  1  
   8744  1  
   8767  1  
   8768  1  
   8787  1  
   8788  1  
   8820  1  
   8821  1  
   8822  2  
   8823  2  
   8839  1  
   8840  1  
   8858  1  
   8859  1  
   8884  1  
   8885  1  
   8910  1  
   8911  1  
   8941  1  
   8942  1  
   8960  1  
   8961  1  
   8989  1  
   8990  1  
   9007  1  
   9008  1  
   9032  1  
   9033  1  
   9060  1  
   9061  1  
   9064  2  
   9065  2  
   9091  1  
   9092  1  
   9108  1  
   9109  1  
   9128  1  
   9129  1  
   9151  1  
   9152  1  
   9178  3  
   9179  3  
   9188  1  
   9189  1  
   9209  1  
   9210  1  
   9237  1  
   9238  1  
   9255  1  
   9256  1  
   9278  1  
   9279  1  
   9303  2  
   9304  2  
   9309  1  
   9310  1  
   9337  1  
   9338  1  
   9356  1  
   9357  1  
   9379  1  
   9380  1  
   9400  1  
   9401  1  
   9429  1  
   9430  1  
   9457  1  
   9458  1  
   9483  1  
   9484  1  
   9506  1  
   9507  1  
   9526  1  
   9527  1  
   9543  2  
   9544  2  
   9556  1  
   9557  1  
   9587  1  
   9588  1  
   9610  1  
   9611  1  
   9629  1  
   9630  1  
   9650  1  
   9651  1  
   9675  1  
   9676  1  
   9701  3  
   9702  3  
   9707  1  
   9708  1  
   9732  1  
   9733  1  
   9758  1  
   9759  1  
   9781  1  
   9782  1  
   9790  2  
   9791  2  
   9803  1  
   9804  1  
   9833  1  
   9834  1  
   9859  1  
   9860  1  
   9880  1  
   9881  1  
   9904  1  
   9905  1  
   9930  1  
   9931  1  
   9951  1  
   9952  1  
   9980  1  
   9981  1  
   10011  1  
   10012  1  
   10032  1  
   10033  1  
   10036  2  
   10037  2  
   10059  1  
   10060  1  
   10092  1  
   10093  1  
   10114  1  
   10115  1  
   10132  1  
   10133  1  
   10151  1  
   10152  1  
   10179  1  
   10180  1  
   10206  1  
   10207  1  
   10232  3  
   10233  3  
   10239  1  
   10240  1  
   10267  1  
   10268  1  
   10286  2  
   10287  2  
   10288  1  
   10289  1  
   10314  1  
   10315  1  
   10340  1  
   10341  1  
   10371  1  
   10372  1  
   10391  1  
   10392  1  
   10412  1  
   10413  1  
   10441  1  
   10442  1  
   10463  1  
   10464  1  
   10493  1  
   10494  1  
   10518  1  
   10519  1  
   10537  2  
   10538  2  
   10546  1  
   10547  1  
   10567  1  
   10568  1  
   10594  1  
   10595  1  
   10619  1  
   10620  1  
   10646  1  
   10647  1  
   10667  1  
   10668  1  
   10700  1  
   10701  1  
   10723  1  
   10724  1  
   10746  1  
   10747  1  
   10763  3  
   10764  3  
   10774  1  
   10775  1  
   10784  2  
   10785  2  
   10801  1  
   10802  1  
   10822  1  
   10823  1  
   10851  1  
   10852  1  
   10876  1  
   10877  1  
   10908  1  
   10909  1  
   10932  1  
   10933  1  
   10963  1  
   10964  1  
   10983  1  
   10984  1  
   11011  1  
   11012  1  
   11034  1  
   11035  1  
   11037  2  
   11038  2  
   11059  1  
   11060  1  
   11077  1  
   11078  1  
   11103  1  
   11104  1  
   11129  1  
   11130  1  
   11160  1  
   11161  1  
   11188  1  
   11189  1  
   11218  1  
   11219  1  
   11239  1  
   11240  1  
   11260  1  
   11261  1  
   11281  2  
   11282  2  
   11289  1  
   11290  1  
   11296  3  
   11297  3  
   11315  1  
   11316  1  
   11331  1  
   11332  1  
   11361  1  
   11362  1  
   11396  1  
   11397  1  
   11419  1  
   11420  1  
   11451  1  
   11452  1  
   11480  1  
   11481  1  
   11504  1  
   11505  1  
   11525  1  
   11526  1  
   11537  2  
   11538  2  
   11549  1  
   11550  1  
   11576  1  
   11577  1  
   11596  1  
   11597  1  
   11638  1  
   11639  1  
   11669  1  
   11670  1  
   11694  1  
   11695  1  
   11721  1  
   11722  1  
   11742  1  
   11743  1  
   11770  1  
   11771  1  
   11789  2  
   11790  2  
   11792  1  
   11793  1  
   11817  1  
   11818  1  
   11840  3  
   11841  3  
   11847  1  
   11848  1  
   11876  1  
   11877  1  
   11910  1  
   11911  1  
   11936  1  
   11937  1  
   11955  1  
   11956  1  
   11981  1  
   11982  1  
   12005  1  
   12006  1  
   12023  1  
   12024  1  
   12037  2  
   12038  2  
   12055  1  
   12056  1  
   12084  1  
   12085  1  
   12119  1  
   12120  1  
   12144  1  
   12145  1  
   12172  1  
   12173  1  
   12197  1  
   12198  1  
   12216  1  
   12217  1  
   12242  1  
   12243  1  
   12262  1  
   12263  1  
   12297  1  
   12298  1  
   12303  2  
   12304  2  
   12332  1  
   12333  1  
   12363  1  
   12364  1  
   12389  1  
   12390  1  
   12399  3  
   12400  3  
   12421  1  
   12422  1  
   12438  1  
   12439  1  
   12470  1  
   12471  1  
   12492  1  
   12493  1  
   12518  1  
   12519  1  
   12553  1  
   12554  1  
   12570  2  
   12571  2  
   12581  1  
   12582  1  
   12614  1  
   12615  1  
   12640  1  
   12641  1  
   12667  1  
   12668  1  
   12688  1  
   12689  1  
   12711  1  
   12712  1  
   12734  1  
   12735  1  
   12764  1  
   12765  1  
   12797  1  
   12798  1  
   12822  1  
   12823  1  
   12833  2  
   12834  2  
   12851  1  
   12852  1  
   12882  1  
   12883  1  
   12914  1  
   12915  1  
   12941  1  
   12942  1  
   12953  3  
   12954  3  
   12961  1  
   12962  1  
   12985  1  
   12986  1  
   13018  1  
   13019  1  
   13050  1  
   13051  1  
   13082  1  
   13083  1  
   13102  2  
   13103  2  
   13112  1  
   13113  1  
   13141  1  
   13142  1  
   13169  1  
   13170  1  
   13193  1  
   13194  1  
   13215  1  
   13216  1  
   13240  1  
   13241  1  
   13275  1  
   13276  1  
   13304  1  
   13305  1  
   13333  1  
   13334  1  
   13360  1  
   13361  1  
   13370  2  
   13371  2  
   13388  1  
   13389  1  
   13421  1  
   13422  1  
   13446  1  
   13447  1  
   13472  1  
   13473  1  
   13500  1  
   13501  1  
   13527  3  
   13528  3  
   13536  1  
   13537  1  
   13568  1  
   13569  1  
   13594  1  
   13595  1  
   13624  1  
   13625  1  
   13639  2  
   13640  2  
   13652  1  
   13653  1  
   13681  1  
   13682  1  
   13710  1  
   13711  1  
   13730  1  
   13731  1  
   13761  1  
   13762  1  
   13791  1  
   13792  1  
   13825  1  
   13826  1  
   13848  1  
   13849  1  
   13880  1  
   13881  1  
   13907  1  
   13908  1  
   13913  2  
   13914  2  
   13929  1  
   13930  1  
   13961  1  
   13962  1  
   13986  1  
   13987  1  
   14021  1  
   14022  1  
   14053  1  
   14054  1  
   14081  1  
   14082  1  
   14108  3  
   14109  3  
   14112  1  
   14113  1  
   14138  1  
   14139  1  
   14163  1  
   14164  1  
   14180  2  
   14181  2  
   14191  1  
   14192  1  
   14214  1  
   14215  1  
   14244  1  
   14245  1  
   14281  1  
   14282  1  
   14309  1  
   14310  1  
   14341  1  
   14342  1  
   14366  1  
   14367  1  
   14392  1  
   14393  1  
   14416  1  
   14417  1  
   14439  1  
   14440  1  
   14444  2  
   14445  2  
   14470  1  
   14471  1  
   14500  1  
   14501  1  
   14527  1  
   14528  1  
   14565  1  
   14566  1  
   14588  1  
   14589  1  
   14621  1  
   14622  1  
   14647  1  
   14648  1  
   14667  3  
   14668  3  
   14672  1  
   14673  1  
   14703  1  
   14704  1  
   14716  2  
   14717  2  
   14729  1  
   14730  1  
   14759  1  
   14760  1  
   14792  1  
   14793  1  
   14828  1  
   14829  1  
   14856  1  
   14857  1  
   14879  1  
   14880  1  
   14911  1  
   14912  1  
   14936  1  
   14937  1  
   14964  1  
   14965  1  
   14993  2  
   14994  2  
   14996  1  
   14997  1  
   15023  1  
   15024  1  
   15054  1  
   15055  1  
   15084  1  
   15085  1  
   15121  1  
   15122  1  
   15143  1  
   15144  1  
   15174  1  
   15175  1  
   15202  1  
   15203  1  
   15227  1  
   15228  1  
   15245  3  
   15246  3  
   15255  1  
   15256  1  
   15265  2  
   15266  2  
   15284  1  
   15285  1  
   15322  1  
   15323  1  
   15356  1  
   15357  1  
   15389  1  
   15390  1  
   15418  1  
   15419  1  
   15442  1  
   15443  1  
   15472  1  
   15473  1  
   15501  1  
   15502  1  
   15527  1  
   15528  1  
   15547  2  
   15548  2  
   15560  1  
   15561  1  
   15594  1  
   15595  1  
   15629  1  
   15630  1  
   15662  1  
   15663  1  
   15693  1  
   15694  1  
   15716  1  
   15717  1  
   15740  1  
   15741  1  
   15765  1  
   15766  1  
   15793  1  
   15794  1  
   15828  1  
   15829  1  
   15830  2  
   15831  2  
   15845  3  
   15846  3  
   15865  1  
   15866  1  
   15899  1  
   15900  1  
   15927  1  
   15928  1  
   15957  1  
   15958  1  
   15980  1  
   15981  1  
   16010  1  
   16011  1  
   16036  1  
   16037  1  
   16074  1  
   16075  1  
   16106  1  
   16107  1  
   16118  2  
   16119  2  
   16137  1  
   16138  1  
   16174  1  
   16175  1  
   16200  1  
   16201  1  
   16227  1  
   16228  1  
   16256  1  
   16257  1  
   16284  1  
   16285  1  
   16317  1  
   16318  1  
   16349  1  
   16350  1  
   16386  1  
   16387  1  
   16397  2  
   16398  2  
   16411  1  
   16412  1  
   16439  1  
   16440  1  
   16453  3  
   16454  3  
   16478  1  
   16479  1  
   16506  1  
   16507  1  
   16535  1  
   16536  1  
   16570  1  
   16571  1  
   16605  1  
   16606  1  
   16635  1  
   16636  1  
   16664  1  
   16665  1  
   16689  1  
   16690  1  
   16693  2  
   16694  2  
   16715  1  
   16716  1  
   16751  1  
   16752  1  
   16784  1  
   16785  1  
   16816  1  
   16817  1  
   16847  1  
   16848  1  
   16873  1  
   16874  1  
   16909  1  
   16910  1  
   16940  1  
   16941  1  
   16966  1  
   16967  1  
   16974  2  
   16975  2  
   16994  1  
   16995  1  
   17024  1  
   17025  1  
   17060  3  
   17061  3  
   17063  1  
   17064  1  
   17098  1  
   17099  1  
   17126  1  
   17127  1  
   17164  1  
   17165  1  
   17194  1  
   17195  1  
   17226  1  
   17227  1  
   17251  1  
   17252  1  
   17265  2  
   17266  2  
   17275  1  
   17276  1  
   17314  1  
   17315  1  
   17347  1  
   17348  1  
   17379  1  
   17380  1  
   17418  1  
   17419  1  
   17445  1  
   17446  1  
   17473  1  
   17474  1  
   17504  1  
   17505  1  
   17530  1  
   17531  1  
   17561  2  
   17562  2  
   17565  1  
   17566  1  
   17601  1  
   17602  1  
   17629  1  
   17630  1  
   17666  1  
   17667  1  
   17683  3  
   17684  3  
   17702  1  
   17703  1  
   17729  1  
   17730  1  
   17756  1  
   17757  1  
   17780  1  
   17781  1  
   17816  1  
   17817  1  
   17849  1  
   17850  1  
   17861  2  
   17862  2  
   17889  1  
   17890  1  
   17917  1  
   17918  1  
   17948  1  
   17949  1  
   17976  1  
   17977  1  
   18008  1  
   18009  1  
   18037  1  
   18038  1  
   18068  1  
   18069  1  
   18099  1  
   18100  1  
   18133  1  
   18134  1  
   18152  2  
   18153  2  
   18169  1  
   18170  1  
   18199  1  
   18200  1  
   18228  1  
   18229  1  
   18256  1  
   18257  1  
   18282  1  
   18283  1  
   18284  3  
   18285  3  
   18321  1  
   18322  1  
   18349  1  
   18350  1  
   18382  1  
   18383  1  
   18422  1  
   18423  1  
   18445  2  
   18446  2  
   18455  1  
   18456  1  
   18486  1  
   18487  1  
   18516  1  
   18517  1  
   18549  1  
   18550  1  
   18576  1  
   18577  1  
   18614  1  
   18615  1  
   18654  1  
   18655  1  
   18682  1  
   18683  1  
   18718  1  
   18719  1  
   18747  2  
   18748  2  
   18749  1  
   18750  1  
   18776  1  
   18777  1  
   18808  1  
   18809  1  
   18839  1  
   18840  1  
   18868  1  
   18869  1  
   18900  1  
   18901  1  
   18919  3  
   18920  3  
   18940  1  
   18941  1  
   18978  1  
   18979  1  
   19004  1  
   19005  1  
   19041  1  
   19042  1  
   19050  2  
   19051  2  
   19072  1  
   19073  1  
   19106  1  
   19107  1  
   19138  1  
   19139  1  
   19167  1  
   19168  1  
   19200  1  
   19201  1  
   19235  1  
   19236  1  
   19264  1  
   19265  1  
   19292  1  
   19293  1  
   19328  1  
   19329  1  
   19341  2  
   19342  2  
   19360  1  
   19361  1  
   19396  1  
   19397  1  
   19429  1  
   19430  1  
   19462  1  
   19463  1  
   19494  1  
   19495  1  
   19529  1  
   19530  1  
   19554  3  
   19555  3  
   19562  1  
   19563  1  
   19591  1  
   19592  1  
   19618  1  
   19619  1  
   19640  2  
   19641  2  
   19653  1  
   19654  1  
   19690  1  
   19691  1  
   19725  1  
   19726  1  
   19760  1  
   19761  1  
   19789  1  
   19790  1  
   19822  1  
   19823  1  
   19857  1  
   19858  1  
   19891  1  
   19892  1  
   19920  1  
   19921  1  
   19944  2  
   19945  2  
   19953  1  
   19954  1  
   19992  1  
   19993  1  
   20026  1  
   20027  1  
   20063  1  
   20064  1  
   20098  1  
   20099  1  
   20125  1  
   20126  1  
   20159  1  
   20160  1  
   20196  1  
   20197  1  
   20198  3  
   20199  3  
   20226  1  
   20227  1  
   20258  2  
   20259  2  
   20260  1  
   20261  1  
   20295  1  
   20296  1  
   20337  1  
   20338  1  
   20371  1  
   20372  1  
   20404  1  
   20405  1  
   20431  1  
   20432  1  
   20459  1  
   20460  1  
   20498  1  
   20499  1  
   20536  1  
   20537  1  
   20568  1  
   20569  1  
   20577  2  
   20578  2  
   20605  1  
   20606  1  
   20637  1  
   20638  1  
   20672  1  
   20673  1  
   20704  1  
   20705  1  
   20737  1  
   20738  1  
   20768  1  
   20769  1  
   20797  1  
   20798  1  
   20838  1  
   20839  1  
   20850  3  
   20851  3  
   20876  1  
   20877  1  
   20888  2  
   20889  2  
   20910  1  
   20911  1  
   20945  1  
   20946  1  
   20974  1  
   20975  1  
   21004  1  
   21005  1  
   21046  1  
   21047  1  
   21075  1  
   21076  1  
   21104  1  
   21105  1  
   21144  1  
   21145  1  
   21181  1  
   21182  1  
   21192  2  
   21193  2  
   21212  1  
   21213  1  
   21250  1  
   21251  1  
   21279  1  
   21280  1  
   21310  1  
   21311  1  
   21352  1  
   21353  1  
   21380  1  
   21381  1  
   21415  1  
   21416  1  
   21448  1  
   21449  1  
   21489  1  
   21490  1  
   21507  3  
   21508  3  
   21512  2  
   21513  2  
   21523  1  
   21524  1  
   21553  1  
   21554  1  
   21594  1  
   21595  1  
   21623  1  
   21624  1  
   21655  1  
   21656  1  
   21702  1  
   21703  1  
   21726  1  
   21727  1  
   21759  1  
   21760  1  
   21801  1  
   21802  1  
   21824  2  
   21825  2  
   21831  1  
   21832  1  
   21865  1  
   21866  1  
   21898  1  
   21899  1  
   21933  1  
   21934  1  
   21970  1  
   21971  1  
   22008  1  
   22009  1  
   22039  1  
   22040  1  
   22076  1  
   22077  1  
   22110  1  
   22111  1  
   22133  2  
   22134  2  
   22143  1  
   22144  1  
   22156  3  
   22157  3  
   22175  1  
   22176  1  
   22208  1  
   22209  1  
   22242  1  
   22243  1  
   22276  1  
   22277  1  
   22313  1  
   22314  1  
   22354  1  
   22355  1  
   22386  1  
   22387  1  
   22424  1  
   22425  1  
   22452  2  
   22453  2  
   22454  1  
   22455  1  
   22483  1  
   22484  1  
   22520  1  
   22521  1  
   22567  1  
   22568  1  
   22594  1  
   22595  1  
   22632  1  
   22633  1  
   22665  1  
   22666  1  
   22694  1  
   22695  1  
   22727  1  
   22728  1  
   22763  1  
   22764  1  
   22768  2  
   22769  2  
   22793  1  
   22794  1  
   22815  3  
   22816  3  
   22840  1  
   22841  1  
   22881  1  
   22882  1  
   22912  1  
   22913  1  
   22944  1  
   22945  1  
   22976  1  
   22977  1  
   23005  1  
   23006  1  
   23039  1  
   23040  1  
   23072  1  
   23073  1  
   23085  2  
   23086  2  
   23114  1  
   23115  1  
   23157  1  
   23158  1  
   23193  1  
   23194  1  
   23223  1  
   23224  1  
   23254  1  
   23255  1  
   23296  1  
   23297  1  
   23322  1  
   23323  1  
   23357  1  
   23358  1  
   23397  1  
   23398  1  
   23413  2  
   23414  2  
   23436  1  
   23437  1  
   23466  1  
   23467  1  
   23492  3  
   23493  3  
   23513  1  
   23514  1  
   23545  1  
   23546  1  
   23578  1  
   23579  1  
   23610  1  
   23611  1  
   23643  1  
   23644  1  
   23685  1  
   23686  1  
   23727  1  
   23728  1  
   23746  2  
   23747  2  
   23762  1  
   23763  1  
   23795  1  
   23796  1  
   23838  1  
   23839  1  
   23877  1  
   23878  1  
   23902  1  
   23903  1  
   23937  1  
   23938  1  
   23976  1  
   23977  1  
   24014  1  
   24015  1  
   24052  1  
   24053  1  
   24067  2  
   24068  2  
   24085  1  
   24086  1  
   24115  1  
   24116  1  
   24150  1  
   24151  1  
   24174  3  
   24175  3  
   24193  1  
   24194  1  
   24226  1  
   24227  1  
   24267  1  
   24268  1  
   24302  1  
   24303  1  
   24335  1  
   24336  1  
   24376  1  
   24377  1  
   24393  2  
   24394  2  
   24419  1  
   24420  1  
   24452  1  
   24453  1  
   24485  1  
   24486  1  
   24526  1  
   24527  1  
   24557  1  
   24558  1  
   24596  1  
   24597  1  
   24633  1  
   24634  1  
   24665  1  
   24666  1  
   24696  1  
   24697  1  
   24724  2  
   24725  2  
   24741  1  
   24742  1  
   24778  1  
   24779  1  
   24807  1  
   24808  1  
   24846  1  
   24847  1  
   24857  3  
   24858  3  
   24888  1  
   24889  1  
   24926  1  
   24927  1  
   24963  1  
   24964  1  
   24993  1  
   24994  1  
   25030  1  
   25031  1  
   25051  2  
   25052  2  
   25064  1  
   25065  1  
   25101  1  
   25102  1  
   25136  1  
   25137  1  
   25186  1  
   25187  1  
   25219  1  
   25220  1  
   25255  1  
   25256  1  
   25289  1  
   25290  1  
   25321  1  
   25322  1  
   25360  1  
   25361  1  
   25382  2  
   25383  2  
   25394  1  
   25395  1  
   25432  1  
   25433  1  
   25472  1  
   25473  1  
   25521  1  
   25522  1  
   25550  1  
   25551  1  
   25560  3  
   25561  3  
   25588  1  
   25589  1  
   25620  1  
   25621  1  
   25656  1  
   25657  1  
   25697  1  
   25698  1  
   25720  2  
   25721  2  
   25727  1  
   25728  1  
   25768  1  
   25769  1  
   25810  1  
   25811  1  
   25849  1  
   25850  1  
   25879  1  
   25880  1  
   25921  1  
   25922  1  
   25956  1  
   25957  1  
   25990  1  
   25991  1  
   26025  1  
   26026  1  
   26053  2  
   26054  2  
   26065  1  
   26066  1  
   26102  1  
   26103  1  
   26143  1  
   26144  1  
   26179  1  
   26180  1  
   26209  1  
   26210  1  
   26243  3  
   26244  3  
   26249  1  
   26250  1  
   26288  1  
   26289  1  
   26325  1  
   26326  1  
   26365  1  
   26366  1  
   26397  2  
   26398  2  
   26413  1  
   26414  1  
   26447  1  
   26448  1  
   26484  1  
   26485  1  
   26513  1  
   26514  1  
   26551  1  
   26552  1  
   26587  1  
   26588  1  
   26630  1  
   26631  1  
   26676  1  
   26677  1  
   26719  1  
   26720  1  
   26743  2  
   26744  2  
   26757  1  
   26758  1  
   26787  1  
   26788  1  
   26830  1  
   26831  1  
   26858  1  
   26859  1  
   26887  1  
   26888  1  
   26927  1  
   26928  1  
   26959  3  
   26960  3  
   26973  1  
   26974  1  
   27011  1  
   27012  1  
   27050  1  
   27051  1  
   27078  2  
   27079  2  
   27090  1  
   27091  1  
   27124  1  
   27125  1  
   27167  1  
   27168  1  
   27198  1  
   27199  1  
   27233  1  
   27234  1  
   27273  1  
   27274  1  
   27325  1  
   27326  1  
   27358  1  
   27359  1  
   27395  1  
   27396  1  
   27422  2  
   27423  2  
   27433  1  
   27434  1  
   27472  1  
   27473  1  
   27508  1  
   27509  1  
   27542  1  
   27543  1  
   27579  1  
   27580  1  
   27625  1  
   27626  1  
   27664  1  
   27665  1  
   27678  3  
   27679  3  
   27705  1  
   27706  1  
   27734  1  
   27735  1  
   27759  2  
   27760  2  
   27774  1  
   27775  1  
   27814  1  
   27815  1  
   27844  1  
   27845  1  
   27882  1  
   27883  1  
   27935  1  
   27936  1  
   27972  1  
   27973  1  
   28013  1  
   28014  1  
   28053  1  
   28054  1  
   28084  1  
   28085  1  
   28106  2  
   28107  2  
   28120  1  
   28121  1  
   28154  1  
   28155  1  
   28196  1  
   28197  1  
   28246  1  
   28247  1  
   28281  1  
   28282  1  
   28318  1  
   28319  1  
   28352  1  
   28353  1  
   28387  3  
   28388  3  
   28389  1  
   28390  1  
   28424  1  
   28425  1  
   28444  2  
   28445  2  
   28457  1  
   28458  1  
   28503  1  
   28504  1  
   28557  1  
   28558  1  
   28597  1  
   28598  1  
   28633  1  
   28634  1  
   28664  1  
   28665  1  
   28700  1  
   28701  1  
   28737  1  
   28738  1  
   28777  1  
   28778  1  
   28793  2  
   28794  2  
   28815  1  
   28816  1  
   28860  1  
   28861  1  
   28903  1  
   28904  1  
   28939  1  
   28940  1  
   28971  1  
   28972  1  
   29011  1  
   29012  1  
   29047  1  
   29048  1  
   29089  1  
   29090  1  
   29111  3  
   29112  3  
   29135  1  
   29136  1  
   29159  2  
   29160  2  
   29177  1  
   29178  1  
   29207  1  
   29208  1  
   29257  1  
   29258  1  
   29290  1  
   29291  1  
   29327  1  
   29328  1  
   29363  1  
   29364  1  
   29396  1  
   29397  1  
   29452  1  
   29453  1  
   29498  1  
   29499  1  
   29519  2  
   29520  2  
   29533  1  
   29534  1  
   29574  1  
   29575  1  
   29614  1  
   29615  1  
   29649  1  
   29650  1  
   29686  1  
   29687  1  
   29724  1  
   29725  1  
   29766  1  
   29767  1  
   29816  1  
   29817  1  
   29856  1  
   29857  1  
   29869  3  
   29870  3  
   29882  2  
   29883  2  
   29898  1  
   29899  1  
   29933  1  
   29934  1  
   29970  1  
   29971  1  
   30017  1  
   30018  1  
   30054  1  
   30055  1  
   30099  1  
   30100  1  
   30133  1  
   30134  1  
   30177  1  
   30178  1  
   30218  1  
   30219  1  
   30232  2  
   30233  2  
   30256  1  
   30257  1  
   30290  1  
   30291  1  
   30325  1  
   30326  1  
   30371  1  
   30372  1  
   30416  1  
   30417  1  
   30457  1  
   30458  1  
   30485  1  
   30486  1  
   30534  1  
   30535  1  
   30570  1  
   30571  1  
   30583  2  
   30584  2  
   30597  3  
   30598  3  
   30605  1  
   30606  1  
   30645  1  
   30646  1  
   30690  1  
   30691  1  
   30744  1  
   30745  1  
   30782  1  
   30783  1  
   30815  1  
   30816  1  
   30851  1  
   30852  1  
   30893  1  
   30894  1  
   30932  1  
   30933  1  
   30946  2  
   30947  2  
   30969  1  
   30970  1  
   31017  1  
   31018  1  
   31069  1  
   31070  1  
   31100  1  
   31101  1  
   31144  1  
   31145  1  
   31181  1  
   31182  1  
   31218  1  
   31219  1  
   31264  1  
   31265  1  
   31302  1  
   31303  1  
   31312  2  
   31313  2  
   31345  1  
   31346  1  
   31357  3  
   31358  3  
   31393  1  
   31394  1  
   31434  1  
   31435  1  
   31473  1  
   31474  1  
   31516  1  
   31517  1  
   31547  1  
   31548  1  
   31586  1  
   31587  1  
   31632  1  
   31633  1  
   31672  1  
   31673  1  
   31684  2  
   31685  2  
   31714  1  
   31715  1  
   31755  1  
   31756  1  
   31804  1  
   31805  1  
   31836  1  
   31837  1  
   31888  1  
   31889  1  
   31918  1  
   31919  1  
   31954  1  
   31955  1  
   32008  1  
   32009  1  
   32052  1  
   32053  1  
   32057  2  
   32058  2  
   32093  1  
   32094  1  
   32122  3  
   32123  3  
   32133  1  
   32134  1  
   32169  1  
   32170  1  
   32210  1  
   32211  1  
   32253  1  
   32254  1  
   32295  1  
   32296  1  
   32333  1  
   32334  1  
   32380  1  
   32381  1  
   32423  2  
   32424  2  
   32429  1  
   32430  1  
   32463  1  
   32464  1  
   32503  1  
   32504  1  
   32540  1  
   32541  1  
   32577  1  
   32578  1  
   32627  1  
   32628  1  
   32673  1  
   32674  1  
   32707  1  
   32708  1  
   32757  1  
   32758  1  
   32793  2  
   32794  2  
   32802  1  
   32803  1  
   32837  1  
   32838  1  
   32868  1  
   32869  1  
   32872  3  
   32873  3  
   32916  1  
   32917  1  
   32962  1  
   32963  1  
   33011  1  
   33012  1  
   33055  1  
   33056  1  
   33098  1  
   33099  1  
   33140  1  
   33141  1  
   33166  2  
   33167  2  
   33173  1  
   33174  1  
   33215  1  
   33216  1  
   33247  1  
   33248  1  
   33304  1  
   33305  1  
   33346  1  
   33347  1  
   33394  1  
   33395  1  
   33427  1  
   33428  1  
   33463  1  
   33464  1  
   33504  1  
   33505  1  
   33534  2  
   33535  2  
   33548  1  
   33549  1  
   33581  1  
   33582  1  
   33625  1  
   33626  1  
   33651  3  
   33652  3  
   33683  1  
   33684  1  
   33723  1  
   33724  1  
   33767  1  
   33768  1  
   33801  1  
   33802  1  
   33839  1  
   33840  1  
   33880  1  
   33881  1  
   33903  2  
   33904  2  
   33926  1  
   33927  1  
   33970  1  
   33971  1  
   34012  1  
   34013  1  
   34066  1  
   34067  1  
   34094  1  
   34095  1  
   34134  1  
   34135  1  
   34171  1  
   34172  1  
   34207  1  
   34208  1  
   34259  1  
   34260  1  
   34283  2  
   34284  2  
   34305  1  
   34306  1  
   34350  1  
   34351  1  
   34396  1  
   34397  1  
   34427  3  
   34428  3  
   34438  1  
   34439  1  
   34473  1  
   34474  1  
   34517  1  
   34518  1  
   34555  1  
   34556  1  
   34607  1  
   34608  1  
   34653  1  
   34654  1  
   34667  2  
   34668  2  
   34694  1  
   34695  1  
   34745  1  
   34746  1  
   34781  1  
   34782  1  
   34817  1  
   34818  1  
   34855  1  
   34856  1  
   34903  1  
   34904  1  
   34951  1  
   34952  1  
   34995  1  
   34996  1  
   35042  1  
   35043  1  
   35049  2  
   35050  2  
   35082  1  
   35082  1  
   35083  1  
   35083  1  
   35101  1  
   35102  1  
   35124  1  
   35125  1  
   35145  1  
   35146  1  
   35166  1  
   35167  1  
   35189  1  
   35190  1  
   35218  1  
   35219  1  
   35234  3  
   35235  3  
   35238  1  
   35239  1  
   35257  1  
   35258  1  
   35276  1  
   35277  1  
   35316  1  
   35317  1  
   35347  1  
   35348  1  
   35369  1  
   35370  1  
   35399  1  
   35400  1  
   35422  1  
   35423  1  
   35448  1  
   35449  1  
   35475  1  
   35476  1  
   35498  1  
   35499  1  
   35512  2  
   35513  2  
   35527  1  
   35528  1  
   35545  1  
   35546  1  
   35561  1  
   35562  1  
   35585  1  
   35586  1  
   35612  1  
   35613  1  
   35632  1  
   35633  1  
   35663  1  
   35664  1  
   35688  1  
   35689  1  
   35714  1  
   35715  1  
   35745  1  
   35746  1  
   35778  1  
   35779  1  
   35805  1  
   35806  1  
   35833  1  
   35834  1  
   35862  1  
   35863  1  
   35880  1  
   35881  1  
   35896  1  
   35897  1  
   35922  1  
   35923  1  
   35943  1  
   35944  1  
   35972  1  
   35973  1  
   35985  2  
   35986  2  
   35998  1  
   35999  1  
   36022  1  
   36023  1  
   36041  1  
   36042  1  
   36066  1  
   36067  1  
   36090  1  
   36091  1  
   36113  1  
   36114  1  
   36135  1  
   36136  1  
   36179  1  
   36180  1  
   36207  1  
   36208  1  
   36237  1  
   36238  1  
   36242  3  
   36243  3  
   36264  1  
   36265  1  
   36291  1  
   36292  1  
   36319  1  
   36320  1  
   36338  1  
   36339  1  
   36358  1  
   36359  1  
   36376  1  
   36377  1  
   36404  1  
   36405  1  
   36432  1  
   36433  1  
   36453  1  
   36454  1  
   36461  2  
   36462  2  
   36479  1  
   36480  1  
   36503  1  
   36504  1  
   36529  1  
   36530  1  
   36556  1  
   36557  1  
   36589  1  
   36590  1  
   36612  1  
   36613  1  
   36645  1  
   36646  1  
   36675  1  
   36676  1  
   36710  1  
   36711  1  
   36726  1  
   36727  1  
   36753  1  
   36754  1  
   36777  1  
   36778  1  
   36801  1  
   36802  1  
   36820  1  
   36821  1  
   36839  1  
   36840  1  
   36864  1  
   36865  1  
   36886  1  
   36887  1  
   36920  1  
   36921  1  
   36929  2  
   36930  2  
   36944  1  
   36945  1  
   36971  1  
   36972  1  
   36999  1  
   37000  1  
   37029  1  
   37030  1  
   37060  1  
   37061  1  
   37088  1  
   37089  1  
   37119  1  
   37120  1  
   37143  1  
   37144  1  
   37162  1  
   37163  1  
   37190  1  
   37191  1  
   37216  3  
   37217  3  
   37221  1  
   37222  1  
   37241  1  
   37242  1  
   37265  1  
   37266  1  
   37286  1  
   37287  1  
   37319  1  
   37320  1  
   37335  1  
   37336  1  
   37367  1  
   37368  1  
   37396  1  
   37397  1  
   37415  2  
   37416  2  
   37426  1  
   37427  1  
   37453  1  
   37454  1  
   37482  1  
   37483  1  
   37504  1  
   37505  1  
   37536  1  
   37537  1  
   37558  1  
   37559  1  
   37584  1  
   37585  1  
   37613  1  
   37614  1  
   37631  1  
   37632  1  
   37664  1  
   37665  1  
   37689  1  
   37690  1  
   37717  1  
   37718  1  
   37735  1  
   37736  1  
   37763  1  
   37764  1  
   37790  1  
   37791  1  
   37814  1  
   37815  1  
   37844  1  
   37845  1  
   37877  1  
   37878  1  
   37892  2  
   37893  2  
   37909  1  
   37910  1  
   37935  1  
   37936  1  
   37965  1  
   37966  1  
   37991  1  
   37992  1  
   38022  1  
   38023  1  
   38041  1  
   38042  1  
   38067  1  
   38068  1  
   38089  1  
   38090  1  
   38117  1  
   38118  1  
   38143  1  
   38144  1  
   38169  1  
   38170  1  
   38189  3  
   38190  3  
   38202  1  
   38203  1  
   38228  1  
   38229  1  
   38255  1  
   38256  1  
   38278  1  
   38279  1  
   38313  1  
   38314  1  
   38342  1  
   38343  1  
   38377  1  
   38378  1  
   38381  2  
   38382  2  
   38405  1  
   38406  1  
   38430  1  
   38431  1  
   38451  1  
   38452  1  
   38480  1  
   38481  1  
   38506  1  
   38507  1  
   38527  1  
   38528  1  
   38562  1  
   38563  1  
   38581  1  
   38582  1  
   38615  1  
   38616  1  
   38644  1  
   38645  1  
   38668  1  
   38669  1  
   38692  1  
   38693  1  
   38722  1  
   38723  1  
   38755  1  
   38756  1  
   38782  1  
   38783  1  
   38817  1  
   38818  1  
   38836  1  
   38837  1  
   38851  2  
   38852  2  
   38870  1  
   38871  1  
   38896  1  
   38897  1  
   38918  1  
   38919  1  
   38948  1  
   38949  1  
   38978  1  
   38979  1  
   38995  1  
   38996  1  
   39022  1  
   39023  1  
   39049  1  
   39050  1  
   39079  1  
   39080  1  
   39114  1  
   39115  1  
   39133  1  
   39134  1  
   39164  1  
   39165  1  
   39171  3  
   39172  3  
   39192  1  
   39193  1  
   39225  1  
   39226  1  
   39251  1  
   39252  1  
   39278  1  
   39279  1  
   39313  1  
   39314  1  
   39325  2  
   39326  2  
   39342  1  
   39343  1  
   39368  1  
   39369  1  
   39395  1  
   39396  1  
   39422  1  
   39423  1  
   39446  1  
   39447  1  
   39469  1  
   39470  1  
   39499  1  
   39500  1  
   39519  1  
   39520  1  
   39550  1  
   39551  1  
   39594  1  
   39595  1  
   39622  1  
   39623  1  
   39648  1  
   39649  1  
   39669  1  
   39670  1  
   39692  1  
   39693  1  
   39713  1  
   39714  1  
   39756  1  
   39757  1  
   39785  1  
   39786  1  
   39795  2  
   39796  2  
   39815  1  
   39816  1  
   39843  1  
   39844  1  
   39863  1  
   39864  1  
   39898  1  
   39899  1  
   39919  1  
   39920  1  
   39942  1  
   39943  1  
   39974  1  
   39975  1  
   39998  1  
   39999  1  
   40035  1  
   40036  1  
   40074  1  
   40075  1  
   40093  1  
   40094  1  
   40131  1  
   40132  1  
   40144  3  
   40145  3  
   40148  1  
   40149  1  
   40176  1  
   40177  1  
   40204  1  
   40205  1  
   40233  1  
   40234  1  
   40263  2  
   40264  2  
   40268  1  
   40269  1  
   40299  1  
   40300  1  
   40325  1  
   40326  1  
   40350  1  
   40351  1  
   40386  1  
   40387  1  
   40416  1  
   40417  1  
   40438  1  
   40439  1  
   40468  1  
   40469  1  
   40491  1  
   40492  1  
   40525  1  
   40526  1  
   40558  1  
   40559  1  
   40582  1  
   40583  1  
   40605  1  
   40606  1  
   40632  1  
   40633  1  
   40657  1  
   40658  1  
   40687  1  
   40688  1  
   40717  1  
   40718  1  
   40727  2  
   40728  2  
   40743  1  
   40744  1  
   40779  1  
   40780  1  
   40807  1  
   40808  1  
   40833  1  
   40834  1  
   40854  1  
   40855  1  
   40881  1  
   40882  1  
   40914  1  
   40915  1  
   40938  1  
   40939  1  
   40968  1  
   40969  1  
   41000  1  
   41001  1  
   41028  1  
   41029  1  
   41058  1  
   41059  1  
   41083  1  
   41084  1  
   41095  3  
   41096  3  
   41107  1  
   41108  1  
   41140  1  
   41141  1  
   41172  1  
   41173  1  
   41189  2  
   41190  2  
   41203  1  
   41204  1  
   41230  1  
   41231  1  
   41257  1  
   41258  1  
   41290  1  
   41291  1  
   41322  1  
   41323  1  
   41344  1  
   41345  1  
   41371  1  
   41372  1  
   41401  1  
   41402  1  
   41438  1  
   41439  1  
   41464  1  
   41465  1  
   41496  1  
   41497  1  
   41523  1  
   41524  1  
   41547  1  
   41548  1  
   41571  1  
   41572  1  
   41608  1  
   41609  1  
   41641  1  
   41642  1  
   41659  2  
   41660  2  
   41670  1  
   41671  1  
   41698  1  
   41699  1  
   41724  1  
   41725  1  
   41754  1  
   41755  1  
   41781  1  
   41782  1  
   41809  1  
   41810  1  
   41846  1  
   41847  1  
   41881  1  
   41882  1  
   41910  1  
   41911  1  
   41944  1  
   41945  1  
   41968  1  
   41969  1  
   41997  1  
   41998  1  
   42019  1  
   42020  1  
   42049  1  
   42050  1  
   42072  3  
   42073  3  
   42087  1  
   42088  1  
   42120  1  
   42121  1  
   42139  2  
   42140  2  
   42152  1  
   42153  1  
   42179  1  
   42180  1  
   42207  1  
   42208  1  
   42239  1  
   42240  1  
   42270  1  
   42271  1  
   42307  1  
   42308  1  
   42339  1  
   42340  1  
   42366  1  
   42367  1  
   42395  1  
   42396  1  
   42427  1  
   42428  1  
   42452  1  
   42453  1  
   42472  1  
   42473  1  
   42501  1  
   42502  1  
   42530  1  
   42531  1  
   42566  1  
   42567  1  
   42598  1  
   42599  1  
   42610  2  
   42611  2  
   42625  1  
   42626  1  
   42655  1  
   42656  1  
   42685  1  
   42686  1  
   42728  1  
   42729  1  
   42756  1  
   42757  1  
   42788  1  
   42789  1  
   42820  1  
   42821  1  
   42849  1  
   42850  1  
   42878  1  
   42879  1  
   42906  1  
   42907  1  
   42937  1  
   42938  1  
   42963  1  
   42964  1  
   42995  1  
   42996  1  
   43030  1  
   43031  1  
   43054  3  
   43055  3  
   43063  1  
   43064  1  
   43089  2  
   43090  2  
   43093  1  
   43094  1  
   43127  1  
   43128  1  
   43155  1  
   43156  1  
   43185  1  
   43186  1  
   43221  1  
   43222  1  
   43250  1  
   43251  1  
   43285  1  
   43286  1  
   43314  1  
   43315  1  
   43346  1  
   43347  1  
   43373  1  
   43374  1  
   43397  1  
   43398  1  
   43432  1  
   43433  1  
   43453  1  
   43454  1  
   43487  1  
   43488  1  
   43513  1  
   43514  1  
   43545  1  
   43546  1  
   43561  2  
   43562  2  
   43575  1  
   43576  1  
   43610  1  
   43611  1  
   43642  1  
   43643  1  
   43672  1  
   43673  1  
   43707  1  
   43708  1  
   43737  1  
   43738  1  
   43772  1  
   43773  1  
   43798  1  
   43799  1  
   43829  1  
   43830  1  
   43857  1  
   43858  1  
   43882  1  
   43883  1  
   43913  1  
   43914  1  
   43943  1  
   43944  1  
   43978  1  
   43979  1  
   44008  1  
   44009  1  
   44022  3  
   44023  3  
   44038  2  
   44039  2  
   44047  1  
   44048  1  
   44078  1  
   44079  1  
   44113  1  
   44114  1  
   44143  1  
   44144  1  
   44174  1  
   44175  1  
   44202  1  
   44203  1  
   44229  1  
   44230  1  
   44266  1  
   44267  1  
   44297  1  
   44298  1  
   44328  1  
   44329  1  
   44358  1  
   44359  1  
   44386  1  
   44387  1  
   44423  1  
   44424  1  
   44456  1  
   44457  1  
   44490  1  
   44491  1  
   44511  2  
   44512  2  
   44519  1  
   44520  1  
   44545  1  
   44546  1  
   44578  1  
   44579  1  
   44609  1  
   44610  1  
   44639  1  
   44640  1  
   44672  1  
   44673  1  
   44705  1  
   44706  1  
   44739  1  
   44740  1  
   44768  1  
   44769  1  
   44800  1  
   44801  1  
   44833  1  
   44834  1  
   44866  1  
   44867  1  
   44904  1  
   44905  1  
   44934  1  
   44935  1  
   44965  1  
   44966  1  
   44988  2  
   44989  2  
   44995  1  
   44996  1  
   45005  3  
   45006  3  
   45025  1  
   45026  1  
   45058  1  
   45059  1  
   45095  1  
   45096  1  
   45121  1  
   45122  1  
   45147  1  
   45148  1  
   45180  1  
   45181  1  
   45206  1  
   45207  1  
   45243  1  
   45244  1  
   45277  1  
   45278  1  
   45311  1  
   45312  1  
   45348  1  
   45349  1  
   45380  1  
   45381  1  
   45413  1  
   45414  1  
   45436  1  
   45437  1  
   45456  2  
   45457  2  
   45464  1  
   45465  1  
   45499  1  
   45500  1  
   45528  1  
   45529  1  
   45562  1  
   45563  1  
   45589  1  
   45590  1  
   45618  1  
   45619  1  
   45653  1  
   45654  1  
   45695  1  
   45696  1  
   45722  1  
   45723  1  
   45761  1  
   45762  1  
   45793  1  
   45794  1  
   45833  1  
   45834  1  
   45860  1  
   45861  1  
   45888  1  
   45889  1  
   45915  1  
   45916  1  
   45927  2  
   45928  2  
   45946  1  
   45947  1  
   45972  3  
   45973  3  
   45981  1  
   45982  1  
   46008  1  
   46009  1  
   46046  1  
   46047  1  
   46077  1  
   46078  1  
   46117  1  
   46118  1  
   46157  1  
   46158  1  
   46184  1  
   46185  1  
   46217  1  
   46218  1  
   46244  1  
   46245  1  
   46276  1  
   46277  1  
   46313  1  
   46314  1  
   46347  1  
   46348  1  
   46373  1  
   46374  1  
   46401  1  
   46402  1  
   46408  2  
   46409  2  
   46439  1  
   46440  1  
   46472  1  
   46473  1  
   46513  1  
   46514  1  
   46542  1  
   46543  1  
   46580  1  
   46581  1  
   46620  1  
   46621  1  
   46651  1  
   46652  1  
   46678  1  
   46679  1  
   46703  1  
   46704  1  
   46736  1  
   46737  1  
   46766  1  
   46767  1  
   46804  1  
   46805  1  
   46834  1  
   46835  1  
   46872  1  
   46873  1  
   46895  2  
   46896  2  
   46913  1  
   46914  1  
   46943  1  
   46944  1  
   46965  3  
   46966  3  
   46981  1  
   46982  1  
   47010  1  
   47011  1  
   47046  1  
   47047  1  
   47090  1  
   47091  1  
   47112  1  
   47113  1  
   47147  1  
   47148  1  
   47173  1  
   47174  1  
   47206  1  
   47207  1  
   47230  1  
   47231  1  
   47274  1  
   47275  1  
   47307  1  
   47308  1  
   47338  1  
   47339  1  
   47376  2  
   47376  2  
   47377  2  
   47377  2  
   47380  1  
   47381  1  
   47411  1  
   47412  1  
   47446  1  
   47447  1  
   47475  1  
   47476  1  
   47487  2  
   47488  2  
   47510  1  
   47511  1  
   47549  1  
   47550  1  
   47577  1  
   47578  1  
   47596  2  
   47597  2  
   47610  1  
   47611  1  
   47645  1  
   47646  1  
   47667  1  
   47668  1  
   47701  1  
   47702  1  
   47706  2  
   47707  2  
   47744  1  
   47745  1  
   47784  1  
   47785  1  
   47808  1  
   47809  1  
   47830  2  
   47831  2  
   47846  1  
   47847  1  
   47877  1  
   47878  1  
   47908  1  
   47909  1  
   47940  1  
   47941  1  
   47945  3  
   47946  3  
   47948  2  
   47949  2  
   47978  1  
   47979  1  
   48003  1  
   48004  1  
   48041  1  
   48042  1  
   48057  2  
   48058  2  
   48069  1  
   48070  1  
   48111  1  
   48112  1  
   48141  1  
   48142  1  
   48178  1  
   48179  1  
   48184  2  
   48185  2  
   48209  1  
   48210  1  
   48251  1  
   48252  1  
   48290  1  
   48291  1  
   48313  2  
   48314  2  
   48317  1  
   48318  1  
   48357  1  
   48358  1  
   48383  1  
   48384  1  
   48408  1  
   48409  1  
   48432  2  
   48433  2  
   48447  1  
   48448  1  
   48475  1  
   48476  1  
   48518  1  
   48519  1  
   48557  1  
   48558  1  
   48570  2  
   48571  2  
   48591  1  
   48592  1  
   48616  1  
   48617  1  
   48651  1  
   48652  1  
   48680  1  
   48681  1  
   48685  2  
   48686  2  
   48723  1  
   48724  1  
   48755  1  
   48756  1  
   48776  1  
   48777  1  
   48810  2  
   48811  2  
   48812  1  
   48813  1  
   48840  1  
   48841  1  
   48868  1  
   48869  1  
   48900  1  
   48901  1  
   48904  3  
   48905  3  
   48933  2  
   48934  2  
   48940  1  
   48941  1  
   48975  1  
   48976  1  
   49021  1  
   49022  1  
   49046  1  
   49047  1  
   49068  2  
   49069  2  
   49076  1  
   49077  1  
   49108  1  
   49109  1  
   49138  1  
   49139  1  
   49174  1  
   49175  1  
   49202  2  
   49203  2  
   49213  1  
   49214  1  
   49237  1  
   49238  1  
   49269  1  
   49270  1  
   49293  1  
   49294  1  
   49316  2  
   49317  2  
   49333  1  
   49334  1  
   49370  1  
   49371  1  
   49402  1  
   49403  1  
   49439  1  
   49440  1  
   49465  2  
   49466  2  
   49477  1  
   49478  1  
   49500  1  
   49501  1  
   49528  1  
   49529  1  
   49561  1  
   49562  1  
   49584  2  
   49585  2  
   49603  1  
   49604  1  
   49630  1  
   49631  1  
   49675  1  
   49676  1  
   49713  1  
   49714  1  
   49730  2  
   49731  2  
   49739  1  
   49740  1  
   49765  1  
   49766  1  
   49801  1  
   49802  1  
   49833  1  
   49834  1  
   49850  3  
   49851  3  
   49866  1  
   49867  1  
   49868  2  
   49869  2  
   49911  1  
   49912  1  
   49940  1  
   49941  1  
   49965  1  
   49966  1  
   49985  1  
   49986  1  
   49996  2  
   49997  2  
   50020  1  
   50021  1  
   50053  1  
   50054  1  
   50089  1  
   50090  1  
   50128  1  
   50129  1  
   50146  2  
   50147  2  
   50161  1  
   50162  1  
   50191  1  
   50192  1  
   50216  1  
   50217  1  
   50254  1  
   50255  1  
   50269  2  
   50270  2  
   50288  1  
   50289  1  
   50322  1  
   50323  1  
   50358  1  
   50359  1  
   50393  1  
   50394  1  
   50415  2  
   50416  2  
   50418  1  
   50419  1  
   50447  1  
   50448  1  
   50476  1  
   50477  1  
   50510  1  
   50511  1  
   50544  1  
   50545  1  
   50557  2  
   50558  2  
   50583  1  
   50584  1  
   50612  1  
   50613  1  
   50639  1  
   50640  1  
   50670  1  
   50671  1  
   50689  2  
   50690  2  
   50697  1  
   50698  1  
   50743  1  
   50744  1  
   50769  3  
   50770  3  
   50780  1  
   50781  1  
   50813  1  
   50814  1  
   50838  1  
   50839  1  
   50843  2  
   50844  2  
   50868  1  
   50869  1  
   50901  1  
   50902  1  
   50928  1  
   50929  1  
   50969  1  
   50970  1  
   50987  2  
   50988  2  
   51003  1  
   51004  1  
   51040  1  
   51041  1  
   51059  1  
   51060  1  
   51088  1  
   51089  1  
   51117  1  
   51118  1  
   51119  2  
   51120  2  
   51153  1  
   51154  1  
   51191  1  
   51192  1  
   51224  1  
   51225  1  
   51255  1  
   51256  1  
   51270  2  
   51271  2  
   51288  1  
   51289  1  
   51315  1  
   51316  1  
   51347  1  
   51348  1  
   51379  1  
   51380  1  
   51420  1  
   51421  1  
   51422  2  
   51423  2  
   51450  1  
   51451  1  
   51481  1  
   51482  1  
   51509  1  
   51510  1  
   51532  1  
   51533  1  
   51558  2  
   51559  2  
   51565  1  
   51566  1  
   51597  1  
   51598  1  
   51638  1  
   51639  1  
   51659  3  
   51660  3  
   51667  1  
   51668  1  
   51701  1  
   51702  1  
   51713  2  
   51714  2  
   51729  1  
   51730  1  
   51759  1  
   51760  1  
   51788  1  
   51789  1  
   51824  1  
   51825  1  
   51852  2  
   51853  2  
   51854  1  
   51855  1  
   51889  1  
   51890  1  
   51916  1  
   51917  1  
   51941  1  
   51942  1  
   51969  1  
   51970  1  
   51992  2  
   51993  2  
   52010  1  
   52011  1  
   52042  1  
   52043  1  
   52074  1  
   52075  1  
   52112  1  
   52113  1  
   52137  1  
   52138  1  
   52153  2  
   52154  2  
   52166  1  
   52167  1  
   52195  1  
   52196  1  
   52231  1  
   52232  1  
   52262  1  
   52263  1  
   52300  1  
   52301  1  
   52311  2  
   52312  2  
   52332  1  
   52333  1  
   52356  1  
   52357  1  
   52380  1  
   52381  1  
   52414  1  
   52415  1  
   52453  2  
   52454  2  
   52457  1  
   52458  1  
   52486  1  
   52487  1  
   52515  3  
   52516  3  
   52519  1  
   52520  1  
   52546  1  
   52547  1  
   52576  1  
   52577  1  
   52604  2  
   52605  2  
   52614  1  
   52615  1  
   52642  1  
   52643  1  
   52673  1  
   52674  1  
   52710  1  
   52711  1  
   52735  1  
   52736  1  
   52754  2  
   52755  2  
   52766  1  
   52767  1  
   52794  1  
   52795  1  
   52823  1  
   52824  1  
   52857  1  
   52858  1  
   52888  1  
   52889  1  
   52905  2  
   52906  2  
   52920  1  
   52921  1  
   52940  1  
   52941  1  
   52973  1  
   52974  1  
   53004  1  
   53005  1  
   53034  1  
   53035  1  
   53050  2  
   53051  2  
   53063  1  
   53064  1  
   53104  1  
   53105  1  
   53137  1  
   53138  1  
   53155  1  
   53156  1  
   53182  1  
   53183  1  
   53201  2  
   53202  2  
   53218  1  
   53219  1  
   53251  1  
   53252  1  
   53282  1  
   53283  1  
   53310  1  
   53311  1  
   53340  1  
   53341  1  
   53343  3  
   53344  3  
   53355  2  
   53356  2  
   53374  1  
   53375  1  
   53403  1  
   53404  1  
   53426  1  
   53427  1  
   53459  1  
   53460  1  
   53492  1  
   53493  1  
   53500  2  
   53501  2  
   53521  1  
   53522  1  
   53543  1  
   53544  1  
   53578  1  
   53579  1  
   53612  1  
   53613  1  
   53640  1  
   53641  1  
   53657  2  
   53658  2  
   53681  1  
   53682  1  
   53711  1  
   53712  1  
   53736  1  
   53737  1  
   53769  1  
   53770  1  
   53791  1  
   53792  1  
   53807  2  
   53808  2  
   53824  1  
   53825  1  
   53852  1  
   53853  1  
   53881  1  
   53882  1  
   53917  1  
   53918  1  
   53942  1  
   53943  1  
   53959  2  
   53960  2  
   53968  1  
   53969  1  
   53999  1  
   54000  1  
   54033  1  
   54034  1  
   54066  1  
   54067  1  
   54094  1  
   54095  1  
   54122  2  
   54123  2  
   54129  1  
   54130  1  
   54149  3  
   54150  3  
   54155  1  
   54156  1  
   54184  1  
   54185  1  
   54208  1  
   54209  1  
   54234  1  
   54235  1  
   54265  2  
   54266  2  
   54268  1  
   54269  1  
   54296  1  
   54297  1  
   54323  1  
   54324  1  
   54357  1  
   54358  1  
   54386  1  
   54387  1  
   54414  1  
   54415  1  
   54423  2  
   54424  2  
   54449  1  
   54450  1  
   54478  1  
   54479  1  
   54503  1  
   54504  1  
   54534  1  
   54535  1  
   54564  1  
   54565  1  
   54579  2  
   54580  2  
   54593  1  
   54594  1  
   54619  1  
   54620  1  
   54653  1  
   54654  1  
   54682  1  
   54683  1  
   54713  1  
   54714  1  
   54729  2  
   54730  2  
   54742  1  
   54743  1  
   54769  1  
   54770  1  
   54800  1  
   54801  1  
   54834  1  
   54835  1  
   54858  1  
   54859  1  
   54883  2  
   54884  2  
   54885  1  
   54886  1  
   54916  1  
   54917  1  
   54922  3  
   54923  3  
   54942  1  
   54943  1  
   54974  1  
   54975  1  
   55002  1  
   55003  1  
   55035  1  
   55036  1  
   55041  2  
   55042  2  
   55065  1  
   55066  1  
   55094  1  
   55095  1  
   55123  1  
   55124  1  
   55149  1  
   55150  1  
   55182  1  
   55183  1  
   55196  2  
   55197  2  
   55208  1  
   55209  1  
   55235  1  
   55236  1  
   55260  1  
   55261  1  
   55298  1  
   55299  1  
   55329  1  
   55330  1  
   55358  2  
   55359  2  
   55363  1  
   55364  1  
   55391  1  
   55392  1  
   55422  1  
   55423  1  
   55447  1  
   55448  1  
   55471  1  
   55472  1  
   55499  1  
   55500  1  
   55508  2  
   55509  2  
   55525  1  
   55526  1  
   55553  1  
   55554  1  
   55577  1  
   55578  1  
   55609  1  
   55610  1  
   55641  1  
   55642  1  
   55667  2  
   55668  2  
   55682  1  
   55683  1  
   55694  3  
   55695  3  
   55705  1  
   55706  1  
   55729  1  
   55730  1  
   55764  1  
   55765  1  
   55794  1  
   55795  1  
   55820  1  
   55821  1  
   55825  2  
   55826  2  
   55846  1  
   55847  1  
   55869  1  
   55870  1  
   55897  1  
   55898  1  
   55928  1  
   55929  1  
   55958  1  
   55959  1  
   55977  2  
   55978  2  
   55984  1  
   55985  1  
   56008  1  
   56009  1  
   56035  1  
   56036  1  
   56064  1  
   56065  1  
   56088  1  
   56089  1  
   56117  1  
   56118  1  
   56120  2  
   56121  2  
   56153  1  
   56154  1  
   56176  1  
   56177  1  
   56204  1  
   56205  1  
   56231  1  
   56232  1  
   56268  1  
   56269  1  
   56282  2  
   56283  2  
   56289  1  
   56290  1  
   56324  1  
   56325  1  
   56342  1  
   56343  1  
   56372  1  
   56373  1  
   56405  1  
   56406  1  
   56422  3  
   56423  3  
   56431  1  
   56432  1  
   56437  2  
   56438  2  
   56452  1  
   56453  1  
   56485  1  
   56486  1  
   56514  1  
   56515  1  
   56536  1  
   56537  1  
   56572  1  
   56573  1  
   56589  2  
   56590  2  
   56598  1  
   56599  1  
   56621  1  
   56622  1  
   56651  1  
   56652  1  
   56678  1  
   56679  1  
   56705  1  
   56706  1  
   56730  1  
   56731  1  
   56742  2  
   56743  2  
   56760  1  
   56761  1  
   56782  1  
   56783  1  
   56812  1  
   56813  1  
   56844  1  
   56845  1  
   56865  1  
   56866  1  
   56898  1  
   56899  1  
   56900  2  
   56901  2  
   56922  1  
   56923  1  
   56956  1  
   56957  1  
   56976  1  
   56977  1  
   57002  1  
   57003  1  
   57030  1  
   57031  1  
   57046  2  
   57047  2  
   57057  1  
   57058  1  
   57090  1  
   57091  1  
   57108  1  
   57109  1  
   57116  3  
   57117  3  
   57141  1  
   57142  1  
   57170  1  
   57171  1  
   57196  1  
   57197  1  
   57205  2  
   57206  2  
   57226  1  
   57227  1  
   57250  1  
   57251  1  
   57277  1  
   57278  1  
   57309  1  
   57310  1  
   57331  1  
   57332  1  
   57354  1  
   57355  1  
   57356  2  
   57357  2  
   57388  1  
   57389  1  
   57409  1  
   57410  1  
   57435  1  
   57436  1  
   57467  1  
   57468  1  
   57493  1  
   57494  1  
   57515  2  
   57516  2  
   57523  1  
   57524  1  
   57547  1  
   57548  1  
   57579  1  
   57580  1  
   57606  1  
   57607  1  
   57628  1  
   57629  1  
   57661  1  
   57662  1  
   57677  2  
   57678  2  
   57689  1  
   57690  1  
   57710  1  
   57711  1  
   57736  1  
   57737  1  
   57771  1  
   57772  1  
   57794  1  
   57795  1  
   57813  3  
   57814  3  
   57822  1  
   57823  1  
   57830  2  
   57831  2  
   57858  1  
   57859  1  
   57882  1  
   57883  1  
   57907  1  
   57908  1  
   57934  1  
   57935  1  
   57959  1  
   57960  1  
   57984  2  
   57985  2  
   57986  1  
   57987  1  
   58013  1  
   58014  1  
   58036  1  
   58037  1  
   58066  1  
   58067  1  
   58089  1  
   58090  1  
   58125  1  
   58126  1  
   58143  2  
   58144  2  
   58148  1  
   58149  1  
   58180  1  
   58181  1  
   58201  1  
   58202  1  
   58231  1  
   58232  1  
   58257  1  
   58258  1  
   58278  1  
   58279  1  
   58294  2  
   58295  2  
   58311  1  
   58312  1  
   58340  1  
   58341  1  
   58364  1  
   58365  1  
   58395  1  
   58396  1  
   58420  1  
   58421  1  
   58446  1  
   58447  1  
   58460  2  
   58461  2  
   58479  1  
   58480  1  
   58498  3  
   58499  3  
   58500  1  
   58501  1  
   58527  1  
   58528  1  
   58553  1  
   58554  1  
   58579  1  
   58580  1  
   58606  1  
   58607  1  
   58615  2  
   58616  2  
   58633  1  
   58634  1  
   58668  1  
   58669  1  
   58688  1  
   58689  1  
   58712  1  
   58713  1  
   58740  1  
   58741  1  
   58761  1  
   58762  1  
   58768  2  
   58769  2  
   58796  1  
   58797  1  
   58819  1  
   58820  1  
   58844  1  
   58845  1  
   58870  1  
   58871  1  
   58897  1  
   58898  1  
   58928  1  
   58929  1  
   58934  2  
   58935  2  
   58959  1  
   58960  1  
   58985  1  
   58986  1  
   59016  1  
   59017  1  
   59039  1  
   59040  1  
   59060  1  
   59061  1  
   59081  1  
   59082  1  
   59085  2  
   59086  2  
   59112  1  
   59113  1  
   59136  1  
   59137  1  
   59157  3  
   59158  3  
   59162  1  
   59163  1  
   59189  1  
   59190  1  
   59217  1  
   59218  1  
   59243  1  
   59244  1  
   59246  2  
   59247  2  
   59278  1  
   59279  1  
   59303  1  
   59304  1  
   59328  1  
   59329  1  
   59353  1  
   59354  1  
   59375  1  
   59376  1  
   59395  1  
   59396  1  
   59397  2  
   59398  2  
   59424  1  
   59425  1  
   59451  1  
   59452  1  
   59478  1  
   59479  1  
   59509  1  
   59510  1  
   59540  1  
   59541  1  
   59559  2  
   59560  2  
   59561  1  
   59562  1  
   59590  1  
   59591  1  
   59609  1  
   59610  1  
   59636  1  
   59637  1  
   59665  1  
   59666  1  
   59682  1  
   59683  1  
   59707  1  
   59708  1  
   59710  2  
   59711  2  
   59735  1  
   59736  1  
   59768  1  
   59769  1  
   59790  1  
   59791  1  
   59815  3  
   59816  3  
   59818  1  
   59819  1  
   59849  1  
   59850  1  
   59875  1  
   59876  1  
   59879  2  
   59880  2  
   59898  1  
   59899  1  
   59924  1  
   59925  1  
   59951  1  
   59952  1  
   59975  1  
   59976  1  
   59999  1  
   60000  1  
   60026  1  
   60027  1  
   60034  2  
   60035  2  
   60058  1  
   60059  1  
   60077  1  
   60078  1  
   60106  1  
   60107  1  
   60137  1  
   60138  1  
   60166  1  
   60167  1  
   60187  1  
   60188  1  
   60192  2  
   60193  2  
   60207  1  
   60208  1  
   60228  1  
   60229  1  
   60253  1  
   60254  1  
   60286  1  
   60287  1  
   60310  1  
   60311  1  
   60336  1  
   60337  1  
   60345  2  
   60346  2  
   60365  1  
   60366  1  
   60391  1  
   60392  1  
   60416  1  
   60417  1  
   60438  1  
   60439  1  
   60445  3  
   60446  3  
   60466  1  
   60467  1  
   60487  1  
   60488  1  
   60494  2  
   60495  2  
   60504  1  
   60505  1  
   60531  1  
   60532  1  
   60568  1  
   60569  1  
   60597  1  
   60598  1  
   60622  1  
   60623  1  
   60642  1  
   60643  1  
   60656  2  
   60657  2  
   60667  1  
   60668  1  
   60688  1  
   60689  1  
   60714  1  
   60715  1  
   60737  1  
   60738  1  
   60762  1  
   60763  1  
   60786  1  
   60787  1  
   60797  2  
   60798  2  
   60808  1  
   60809  1  
   60837  1  
   60838  1  
   60873  1  
   60874  1  
   60897  1  
   60898  1  
   60919  1  
   60920  1  
   60943  1  
   60944  1  
   60964  2  
   60965  2  
   60970  1  
   60971  1  
   60989  1  
   60990  1  
   61012  1  
   61013  1  
   61038  1  
   61039  1  
   61057  3  
   61058  3  
   61069  1  
   61070  1  
   61098  1  
   61099  1  
   61121  1  
   61122  1  
   61123  2  
   61124  2  
   61147  1  
   61148  1  
   61181  1  
   61182  1  
   61200  1  
   61201  1  
   61222  1  
   61223  1  
   61248  1  
   61249  1  
   61271  1  
   61272  1  
   61277  2  
   61278  2  
   61296  1  
   61297  1  
   61322  1  
   61323  1  
   61348  1  
   61349  1  
   61373  1  
   61374  1  
   61397  1  
   61398  1  
   61421  1  
   61422  1  
   61433  2  
   61434  2  
   61449  1  
   61450  1  
   61474  1  
   61475  1  
   61503  1  
   61504  1  
   61524  1  
   61525  1  
   61550  1  
   61551  1  
   61574  1  
   61575  1  
   61589  2  
   61590  2  
   61594  1  
   61595  1  
   61627  1  
   61628  1  
   61654  1  
   61655  1  
   61678  3  
   61679  3  
   61680  1  
   61681  1  
   61703  1  
   61704  1  
   61724  1  
   61725  1  
   61746  2  
   61747  2  
   61749  1  
   61750  1  
   61777  1  
   61778  1  
   61800  1  
   61801  1  
   61821  1  
   61822  1  
   61844  1  
   61845  1  
   61869  1  
   61870  1  
   61891  1  
   61892  1  
   61898  2  
   61899  2  
   61925  1  
   61926  1  
   61952  1  
   61953  1  
   61970  1  
   61971  1  
   61993  1  
   61994  1  
   62017  1  
   62018  1  
   62042  1  
   62043  1  
   62051  2  
   62052  2  
   62063  1  
   62064  1  
   62088  1  
   62089  1  
   62112  1  
   62113  1  
   62139  1  
   62140  1  
   62162  1  
   62163  1  
   62186  1  
   62187  1  
   62210  2  
   62211  2  
   62213  1  
   62214  1  
   62240  1  
   62241  1  
   62256  1  
   62257  1  
   62258  3  
   62259  3  
   62284  1  
   62285  1  
   62310  1  
   62311  1  
   62337  1  
   62338  1  
   62357  1  
   62358  1  
   62361  2  
   62362  2  
   62383  1  
   62384  1  
   62411  1  
   62412  1  
   62434  1  
   62435  1  
   62457  1  
   62458  1  
   62479  1  
   62480  1  
   62505  1  
   62506  1  
   62518  2  
   62519  2  
   62528  1  
   62529  1  
   62557  1  
   62558  1  
   62576  1  
   62577  1  
   62602  1  
   62603  1  
   62624  1  
   62625  1  
   62651  1  
   62652  1  
   62668  2  
   62669  2  
   62677  1  
   62678  1  
   62706  1  
   62707  1  
   62726  1  
   62727  1  
   62747  1  
   62748  1  
   62774  1  
   62775  1  
   62792  1  
   62793  1  
   62813  1  
   62814  1  
   62818  2  
   62819  2  
   62838  3  
   62839  3  
   62840  1  
   62841  1  
   62865  1  
   62866  1  
   62892  1  
   62893  1  
   62919  1  
   62920  1  
   62941  1  
   62942  1  
   62962  1  
   62963  1  
   62977  2  
   62978  2  
   62989  1  
   62990  1  
   63013  1  
   63014  1  
   63039  1  
   63040  1  
   63062  1  
   63063  1  
   63083  1  
   63084  1  
   63104  1  
   63105  1  
   63129  1  
   63130  1  
   63131  2  
   63132  2  
   63154  1  
   63155  1  
   63174  1  
   63175  1  
   63198  1  
   63199  1  
   63223  1  
   63224  1  
   63248  1  
   63249  1  
   63268  1  
   63269  1  
   63276  2  
   63277  2  
   63290  1  
   63291  1  
   63316  1  
   63317  1  
   63341  1  
   63342  1  
   63361  1  
   63362  1  
   63380  1  
   63381  1  
   63397  3  
   63398  3  
   63403  1  
   63404  1  
   63427  2  
   63428  2  
   63430  1  
   63431  1  
   63453  1  
   63454  1  
   63476  1  
   63477  1  
   63497  1  
   63498  1  
   63517  1  
   63518  1  
   63535  1  
   63536  1  
   63555  1  
   63556  1  
   63563  2  
   63564  2  
   63585  1  
   63586  1  
   63611  1  
   63612  1  
   63629  1  
   63630  1  
   63646  1  
   63647  1  
   63667  1  
   63668  1  
   63688  1  
   63688  1  
   63698  2  
   63699  2  
   63803  2  
   63804  2  
   63845  3  
   63846  3  
   63890  2  
   63891  2  
   63979  2  
   63980  2  
   64068  2  
   64069  2  
   64153  2  
   64154  2  
   64159  3  
   64160  3  
   64242  2  
   64243  2  
   64332  2  
   64333  2  
   64423  2  
   64424  2  
   64475  3  
   64476  3  
   64510  2  
   64511  2  
   64592  2  
   64593  2  
   64680  2  
   64681  2  
   64767  2  
   64768  2  
   64779  3  
   64780  3  
   64860  2  
   64861  2  
   64951  2  
   64952  2  
   65040  2  
   65041  2  
   65079  3  
   65079  3  
   65080  3  
   65080  3  
   65081  3  
   65082  3  
   65088  3  
   65089  3  
   65094  3  
   65095  3  
   65103  3  
   65104  3  
   65113  3  
   65114  3  
   65124  3  
   65125  3  
   65133  2  
   65134  2  
   65145  3  
   65146  3  
   65157  3  
   65158  3  
   65170  3  
   65171  3  
   65190  3  
   65191  3  
   65211  3  
   65212  3  
   65226  2  
   65227  2  
   65235  3  
   65236  3  
   65254  3  
   65255  3  
   65279  3  
   65280  3  
   65311  3  
   65312  3  
   65317  2  
   65318  2  
   65339  3  
   65340  3  
   65366  3  
   65367  3  
   65402  3  
   65403  3  
   65404  2  
   65405  2  
   65432  3  
   65433  3  
   65462  3  
   65463  3  
   65486  2  
   65487  2  
   65507  3  
   65508  3  
   65542  3  
   65543  3  
   65569  2  
   65570  2  
   65578  3  
   65579  3  
   65620  3  
   65621  3  
   65651  2  
   65652  2  
   65659  3  
   65660  3  
   65702  3  
   65703  3  
   65730  2  
   65731  2  
   65749  3  
   65750  3  
   65791  3  
   65792  3  
   65809  2  
   65810  2  
   65835  3  
   65836  3  
   65886  3  
   65887  3  
   65891  2  
   65892  2  
   65933  3  
   65934  3  
   65965  2  
   65966  2  
   65980  3  
   65981  3  
   66034  3  
   66035  3  
   66042  2  
   66043  2  
   66085  3  
   66086  3  
   66119  2  
   66120  2  
   66135  3  
   66136  3  
   66189  3  
   66190  3  
   66193  2  
   66194  2  
   66236  3  
   66237  3  
   66262  2  
   66263  2  
   66290  3  
   66291  3  
   66325  2  
   66326  2  
   66347  3  
   66348  3  
   66399  3  
   66400  3  
   66402  2  
   66403  2  
   66451  3  
   66452  3  
   66468  2  
   66469  2  
   66507  3  
   66508  3  
   66539  2  
   66540  2  
   66565  3  
   66566  3  
   66606  2  
   66607  2  
   66622  3  
   66623  3  
   66670  2  
   66671  2  
   66680  3  
   66681  3  
   66735  3  
   66736  2  
   66737  2  
   66738  3  
   66791  3  
   66792  3  
   66801  2  
   66802  2  
   66847  3  
   66848  3  
   66864  2  
   66865  2  
   66908  3  
   66909  3  
   66922  2  
   66923  2  
   66963  3  
   66964  3  
   66983  2  
   66984  2  
   67018  3  
   67019  3  
   67046  2  
   67047  2  
   67074  3  
   67075  3  
   67103  2  
   67104  2  
   67135  3  
   67136  3  
   67164  2  
   67165  2  
   67201  3  
   67202  3  
   67229  2  
   67230  2  
   67258  3  
   67259  3  
   67284  2  
   67285  2  
   67314  3  
   67315  3  
   67338  2  
   67339  2  
   67372  3  
   67373  3  
   67390  2  
   67391  2  
   67429  3  
   67430  3  
   67445  2  
   67446  2  
   67484  3  
   67485  3  
   67498  2  
   67499  2  
   67541  3  
   67542  3  
   67546  2  
   67547  2  
   67599  3  
   67600  3  
   67605  2  
   67606  2  
   67649  3  
   67650  2  
   67651  2  
   67652  3  
   67698  2  
   67699  2  
   67705  3  
   67706  3  
   67747  2  
   67748  2  
   67759  3  
   67760  3  
   67796  2  
   67797  2  
   67811  3  
   67812  3  
   67841  2  
   67842  2  
   67865  3  
   67866  3  
   67887  2  
   67888  2  
   67916  3  
   67917  3  
   67930  2  
   67931  2  
   67966  3  
   67967  3  
   67975  2  
   67976  2  
   68013  2  
   68014  2  
   68016  3  
   68017  3  
   68056  2  
   68057  2  
   68065  3  
   68066  3  
   68092  2  
   68093  2  
   68108  3  
   68109  3  
   68130  2  
   68131  2  
   68155  3  
   68156  3  
   68166  2  
   68167  2  
   68198  3  
   68199  3  
   68202  2  
   68203  2  
   68240  2  
   68241  2  
   68245  3  
   68246  3  
   68274  2  
   68275  2  
   68284  3  
   68285  3  
   68304  2  
   68305  2  
   68324  3  
   68325  3  
   68334  2  
   68335  2  
   68360  3  
   68361  3  
   68365  2  
   68366  2  
   68391  2  
   68392  2  
   68396  3  
   68397  3  
   68421  2  
   68422  2  
   68430  3  
   68431  3  
   68445  2  
   68446  2  
   68468  3  
   68469  3  
   68475  2  
   68476  2  
   68500  2  
   68501  2  
   68503  3  
   68504  3  
   68523  2  
   68524  2  
   68532  3  
   68533  3  
   68546  2  
   68547  2  
   68561  3  
   68562  3  
   68567  2  
   68568  2  
   68589  2  
   68590  2  
   68591  3  
   68592  3  
   68611  2  
   68612  2  
   68618  3  
   68619  3  
   68632  2  
   68633  2  
   68647  3  
   68648  3  
   68651  2  
   68652  2  
   68668  2  
   68669  2  
   68671  3  
   68672  3  
   68683  2  
   68684  2  
   68689  3  
   68690  3  
   68694  2  
   68695  2  
   68705  3  
   68706  3  
   68709  2  
   68710  2  
   68718  2  
   68719  2  
   68720  3  
   68721  3  
   68729  2  
   68729  2  
   68736  3  
   68737  3  
   68745  3  
   68746  3  
   68759  3  
   68760  3  
   68767  3  
   68768  3  
   68778  3  
   68779  3  
   68787  3  
   68788  3  
   68797  3  
   68798  3  
   68804  3  
   68805  3  
   68812  3  
   68813  3  
   68818  3  
   68819  3  
   68827  3  
   68828  3  
   68837  3  
   68838  3  
   68842  3  
   68843  3  
   68851  3  
   68852  3  
   68855  3  
   68856  3  
   68864  3  
   68865  3  
   68869  3  
   68870  3  
   68876  3  
   68877  3  
   68882  3  
   68883  3  
   68886  3  
   68887  3  
   68895  3  
   68896  3  
   68901  3  
   68902  3  
   68910  3  
   68911  3  
   68915  3  
   68916  3  
   68925  3  
   68926  3  
   68930  3  
   68931  3  
   68939  3  
   68940  3  
   68943  3  
   68944  3  
   68952  3  
   68953  3  
   68957  3  
   68958  3  
   68964  3  
   68965  3  
   68970  3  
   68971  3  
   68977  3  
   68978  3  
   68985  3  
   68986  3  
   68992  3  
   68993  3  
   68998  3  
   68999  3  
   69005  3  
   69006  3  
   69011  3  
   69012  3  
   69018  3  
   69019  3  
   69024  3  
   69025  3  
   69029  3  
   69030  3  
   69038  3  
   69039  3  
   69042  3  
   69043  3  
   69050  3  
   69051  3  
   69054  3  
   69055  3  
   69063  3  
   69064  3  
   69067  3  
   69068  3  
   69073  3  
   69074  3  
   69078  3  
   69079  3  
   69084  3  
   69085  3  
   69091  3  
   69092  3  
   69095  3  
   69096  3  
   69104  3  
   69105  3  
   69108  3  
   69109  3  
   69116  3  
   69117  3  
   69120  3  
   69121  3  
   69126  3  
   69127  3  
   69132  3  
   69133  3  
   69138  3  
   69139  3  
   69144  3  
   69145  3  
   69150  3  
   69151  3  
   69154  3  
   69155  3  
   69160  3  
   69161  3  
   69164  3  
   69165  3  
   69169  3  
   69170  3  
   69173  3  
   69174  3  
   69177  3  
   69178  3  
   69180  3  
   69181  3  
   69182  3  
   69183  3  
   69184  3  
   69184  3  
  END_ON_NODES
