  ON_NODES
   1  3  
   1  3  
   1  3  
   1  3  
   2  3  
   2  3  
   2  3  
   2  3  
   3  3  
   3  3  
   3  3  
   3  3  
   5  3  
   5  3  
   5  3  
   5  3  
   6  3  
   6  3  
   6  3  
   6  3  
   9  3  
   9  3  
   9  3  
   9  3  
   10  3  
   10  3  
   10  3  
   10  3  
   13  3  
   13  3  
   13  3  
   13  3  
   15  3  
   15  3  
   15  3  
   15  3  
   17  3  
   17  3  
   17  3  
   17  3  
   20  3  
   20  3  
   20  3  
   20  3  
   22  3  
   22  3  
   22  3  
   22  3  
   26  3  
   26  3  
   26  3  
   26  3  
   28  3  
   28  3  
   28  3  
   28  3  
   32  3  
   32  3  
   32  3  
   32  3  
   33  3  
   33  3  
   33  3  
   33  3  
   37  3  
   37  3  
   37  3  
   37  3  
   38  3  
   38  3  
   38  3  
   38  3  
   44  3  
   44  3  
   44  3  
   44  3  
   45  3  
   45  3  
   45  3  
   45  3  
   53  3  
   53  3  
   53  3  
   53  3  
   54  3  
   54  3  
   54  3  
   54  3  
   61  3  
   61  3  
   61  3  
   61  3  
   64  3  
   64  3  
   64  3  
   64  3  
   74  3  
   74  3  
   74  3  
   74  3  
   82  3  
   82  3  
   82  3  
   82  3  
   105  3  
   105  3  
   105  3  
   105  3  
   139  2  
   139  2  
   139  2  
   139  2  
   141  2  
   141  2  
   141  2  
   141  2  
   143  2  
   143  2  
   145  2  
   145  2  
   145  2  
   145  2  
   146  2  
   146  2  
   146  2  
   146  2  
   152  2  
   152  2  
   154  2  
   154  2  
   154  2  
   154  2  
   156  3  
   156  3  
   156  3  
   156  3  
   159  2  
   159  2  
   160  2  
   160  2  
   160  2  
   160  2  
   164  2  
   164  2  
   166  2  
   166  2  
   166  2  
   166  2  
   168  2  
   168  2  
   174  2  
   174  2  
   176  2  
   176  2  
   184  2  
   184  2  
   185  2  
   185  2  
   185  2  
   185  2  
   192  2  
   192  2  
   196  2  
   196  2  
   197  2  
   197  2  
   206  2  
   206  2  
   211  2  
   211  2  
   215  2  
   215  2  
   215  2  
   215  2  
   218  2  
   218  2  
   218  2  
   218  2  
   225  2  
   225  2  
   228  2  
   228  2  
   231  2  
   231  2  
   234  2  
   234  2  
   234  2  
   234  2  
   239  2  
   239  2  
   239  2  
   239  2  
   242  2  
   242  2  
   243  2  
   243  2  
   250  2  
   250  2  
   255  2  
   255  2  
   261  2  
   261  2  
   263  2  
   263  2  
   273  2  
   273  2  
   276  2  
   276  2  
   281  2  
   281  2  
   285  2  
   285  2  
   285  2  
   285  2  
   290  2  
   290  2  
   290  2  
   290  2  
   291  2  
   291  2  
   302  3  
   302  3  
   302  3  
   302  3  
   303  2  
   303  2  
   303  2  
   303  2  
   306  2  
   306  2  
   306  2  
   306  2  
   309  2  
   309  2  
   317  2  
   317  2  
   318  2  
   318  2  
   329  2  
   329  2  
   337  2  
   337  2  
   339  2  
   339  2  
   339  2  
   339  2  
   348  2  
   348  2  
   349  2  
   349  2  
   349  2  
   349  2  
   355  2  
   355  2  
   355  2  
   355  2  
   361  2  
   361  2  
   361  2  
   361  2  
   367  2  
   367  2  
   377  2  
   377  2  
   377  2  
   377  2  
   380  2  
   380  2  
   380  2  
   380  2  
   383  3  
   383  3  
   383  3  
   383  3  
   393  2  
   393  2  
   402  2  
   402  2  
   402  2  
   402  2  
   404  2  
   404  2  
   417  2  
   417  2  
   417  2  
   417  2  
   422  3  
   422  3  
   422  3  
   422  3  
   428  2  
   428  2  
   428  2  
   428  2  
   436  2  
   436  2  
   436  2  
   436  2  
   462  2  
   462  2  
   462  2  
   462  2  
   472  2  
   472  2  
   472  2  
   472  2  
   497  2  
   497  2  
   497  2  
   497  2  
   512  1  
   512  1  
   512  1  
   512  1  
   512  1  
   512  1  
   514  1  
   514  1  
   514  1  
   514  1  
   514  1  
   514  1  
   515  1  
   515  1  
   515  1  
   516  1  
   516  1  
   516  1  
   516  1  
   516  1  
   516  1  
   517  1  
   517  1  
   517  1  
   517  1  
   517  1  
   517  1  
   519  1  
   519  1  
   519  1  
   522  1  
   522  1  
   522  1  
   522  1  
   522  1  
   522  1  
   523  1  
   523  1  
   523  1  
   525  1  
   525  1  
   525  1  
   526  1  
   526  1  
   526  1  
   526  1  
   526  1  
   526  1  
   530  1  
   530  1  
   530  1  
   536  1  
   536  1  
   536  1  
   536  1  
   536  1  
   536  1  
   539  2  
   539  2  
   539  2  
   539  2  
   542  1  
   542  1  
   542  1  
   543  1  
   543  1  
   543  1  
   547  3  
   547  3  
   547  3  
   547  3  
   552  1  
   552  1  
   552  1  
   559  1  
   559  1  
   559  1  
   559  1  
   559  1  
   559  1  
   561  1  
   561  1  
   561  1  
   566  1  
   566  1  
   566  1  
   567  1  
   567  1  
   567  1  
   571  2  
   571  2  
   571  2  
   571  2  
   576  1  
   576  1  
   576  1  
   582  1  
   582  1  
   582  1  
   584  1  
   584  1  
   584  1  
   584  1  
   584  1  
   584  1  
   590  1  
   590  1  
   590  1  
   595  1  
   595  1  
   595  1  
   595  1  
   595  1  
   595  1  
   598  1  
   598  1  
   598  1  
   598  1  
   598  1  
   598  1  
   602  1  
   602  1  
   602  1  
   602  1  
   602  1  
   602  1  
   606  1  
   606  1  
   606  1  
   613  1  
   613  1  
   613  1  
   616  1  
   616  1  
   616  1  
   620  1  
   620  1  
   620  1  
   623  2  
   623  2  
   631  1  
   631  1  
   631  1  
   635  1  
   635  1  
   635  1  
   639  1  
   639  1  
   639  1  
   648  1  
   648  1  
   648  1  
   654  1  
   654  1  
   654  1  
   665  1  
   665  1  
   665  1  
   670  1  
   670  1  
   670  1  
   670  1  
   670  1  
   670  1  
   673  1  
   673  1  
   673  1  
   673  1  
   673  1  
   673  1  
   675  3  
   675  3  
   675  3  
   675  3  
   680  1  
   680  1  
   680  1  
   680  1  
   680  1  
   680  1  
   681  1  
   681  1  
   681  1  
   681  1  
   681  1  
   681  1  
   684  2  
   684  2  
   696  1  
   696  1  
   696  1  
   705  1  
   705  1  
   705  1  
   708  2  
   708  2  
   708  2  
   708  2  
   712  1  
   712  1  
   712  1  
   726  1  
   726  1  
   726  1  
   727  1  
   727  1  
   727  1  
   740  2  
   740  2  
   740  2  
   740  2  
   743  1  
   743  1  
   743  1  
   743  1  
   743  1  
   743  1  
   749  1  
   749  1  
   749  1  
   749  1  
   749  1  
   749  1  
   762  1  
   762  1  
   762  1  
   765  1  
   765  1  
   765  1  
   765  1  
   765  1  
   765  1  
   770  2  
   770  2  
   770  2  
   770  2  
   777  1  
   777  1  
   777  1  
   777  1  
   777  1  
   777  1  
   799  1  
   799  1  
   799  1  
   799  1  
   799  1  
   799  1  
   805  1  
   805  1  
   805  1  
   823  2  
   823  2  
   823  2  
   823  2  
   828  1  
   828  1  
   828  1  
   829  1  
   829  1  
   829  1  
   829  1  
   829  1  
   829  1  
   846  2  
   846  2  
   846  2  
   846  2  
   853  1  
   853  1  
   853  1  
   853  1  
   853  1  
   853  1  
   858  1  
   858  1  
   858  1  
   861  2  
   861  2  
   890  1  
   890  1  
   890  1  
   896  1  
   896  1  
   896  1  
   896  1  
   896  1  
   896  1  
   899  2  
   899  2  
   917  1  
   917  1  
   917  1  
   917  1  
   917  1  
   917  1  
   933  1  
   933  1  
   933  1  
   935  2  
   935  2  
   935  2  
   935  2  
   942  1  
   942  1  
   942  1  
   942  1  
   942  1  
   942  1  
   955  3  
   955  3  
   955  3  
   955  3  
   961  2  
   961  2  
   961  2  
   961  2  
   970  2  
   970  2  
   970  2  
   970  2  
   980  1  
   980  1  
   980  1  
   984  1  
   984  1  
   984  1  
   984  1  
   984  1  
   984  1  
   1013  1  
   1013  1  
   1013  1  
   1013  1  
   1013  1  
   1013  1  
   1014  3  
   1014  3  
   1014  3  
   1014  3  
   1031  1  
   1031  1  
   1031  1  
   1037  2  
   1037  2  
   1037  2  
   1037  2  
   1040  1  
   1040  1  
   1040  1  
   1066  1  
   1066  1  
   1066  1  
   1083  1  
   1083  1  
   1083  1  
   1083  1  
   1083  1  
   1083  1  
   1096  1  
   1096  1  
   1096  1  
   1096  1  
   1096  1  
   1096  1  
   1104  2  
   1104  2  
   1122  1  
   1122  1  
   1122  1  
   1122  1  
   1122  1  
   1122  1  
   1142  2  
   1142  2  
   1142  2  
   1142  2  
   1154  1  
   1154  1  
   1154  1  
   1166  1  
   1166  1  
   1166  1  
   1166  1  
   1166  1  
   1166  1  
   1170  2  
   1170  2  
   1170  2  
   1170  2  
   1183  1  
   1183  1  
   1183  1  
   1212  1  
   1212  1  
   1212  1  
   1217  2  
   1217  2  
   1217  2  
   1217  2  
   1244  1  
   1244  1  
   1244  1  
   1245  1  
   1245  1  
   1245  1  
   1265  1  
   1265  1  
   1265  1  
   1287  1  
   1287  1  
   1287  1  
   1294  2  
   1294  2  
   1298  1  
   1298  1  
   1298  1  
   1309  1  
   1309  1  
   1309  1  
   1323  2  
   1323  2  
   1323  2  
   1323  2  
   1325  1  
   1325  1  
   1325  1  
   1325  1  
   1325  1  
   1325  1  
   1327  1  
   1327  1  
   1327  1  
   1327  1  
   1327  1  
   1327  1  
   1340  1  
   1340  1  
   1340  1  
   1340  1  
   1340  1  
   1340  1  
   1355  1  
   1355  1  
   1355  1  
   1365  1  
   1365  1  
   1365  1  
   1374  1  
   1374  1  
   1374  1  
   1381  2  
   1381  2  
   1392  1  
   1392  1  
   1392  1  
   1414  1  
   1414  1  
   1414  1  
   1432  1  
   1432  1  
   1432  1  
   1432  1  
   1432  1  
   1432  1  
   1439  1  
   1439  1  
   1439  1  
   1439  1  
   1439  1  
   1439  1  
   1461  1  
   1461  1  
   1461  1  
   1470  2  
   1470  2  
   1470  2  
   1470  2  
   1487  3  
   1487  3  
   1487  3  
   1487  3  
   1490  1  
   1490  1  
   1490  1  
   1507  3  
   1507  3  
   1507  3  
   1507  3  
   1518  1  
   1518  1  
   1518  1  
   1523  1  
   1523  1  
   1523  1  
   1551  1  
   1551  1  
   1551  1  
   1566  2  
   1566  2  
   1566  2  
   1566  2  
   1576  1  
   1576  1  
   1576  1  
   1584  2  
   1584  2  
   1584  2  
   1584  2  
   1604  1  
   1604  1  
   1604  1  
   1604  1  
   1604  1  
   1604  1  
   1615  1  
   1615  1  
   1615  1  
   1615  1  
   1615  1  
   1615  1  
   1616  1  
   1616  1  
   1616  1  
   1616  1  
   1616  1  
   1616  1  
   1639  1  
   1639  1  
   1639  1  
   1657  1  
   1657  1  
   1657  1  
   1681  2  
   1681  2  
   1685  1  
   1685  1  
   1685  1  
   1706  1  
   1706  1  
   1706  1  
   1706  1  
   1706  1  
   1706  1  
   1735  1  
   1735  1  
   1735  1  
   1740  1  
   1740  1  
   1740  1  
   1740  1  
   1740  1  
   1740  1  
   1768  2  
   1768  2  
   1768  2  
   1768  2  
   1777  1  
   1777  1  
   1777  1  
   1812  1  
   1812  1  
   1812  1  
   1820  1  
   1820  1  
   1820  1  
   1829  2  
   1829  2  
   1829  2  
   1829  2  
   1851  1  
   1851  1  
   1851  1  
   1851  1  
   1851  1  
   1851  1  
   1867  1  
   1867  1  
   1867  1  
   1867  1  
   1867  1  
   1867  1  
   1894  1  
   1894  1  
   1894  1  
   1894  1  
   1894  1  
   1894  1  
   1908  2  
   1908  2  
   1908  2  
   1908  2  
   1919  1  
   1919  1  
   1919  1  
   1960  1  
   1960  1  
   1960  1  
   1983  1  
   1983  1  
   1983  1  
   1988  2  
   1988  2  
   1988  2  
   1988  2  
   1995  2  
   1995  2  
   2011  1  
   2011  1  
   2011  1  
   2012  3  
   2012  3  
   2012  3  
   2012  3  
   2053  3  
   2053  3  
   2053  3  
   2053  3  
   2082  1  
   2082  1  
   2082  1  
   2082  1  
   2082  1  
   2082  1  
   2083  1  
   2083  1  
   2083  1  
   2083  1  
   2083  1  
   2083  1  
   2088  2  
   2088  2  
   2088  2  
   2088  2  
   2170  1  
   2170  1  
   2170  1  
   2170  1  
   2170  1  
   2170  1  
   2174  1  
   2174  1  
   2174  1  
   2174  1  
   2174  1  
   2174  1  
   2198  2  
   2198  2  
   2199  2  
   2199  2  
   2199  2  
   2199  2  
   2217  4  
   2217  4  
   2239  1  
   2239  1  
   2239  1  
   2248  4  
   2259  1  
   2259  1  
   2259  1  
   2283  4  
   2300  1  
   2300  1  
   2300  1  
   2300  1  
   2300  1  
   2300  1  
   2308  4  
   2309  2  
   2309  2  
   2317  4  
   2317  4  
   2339  1  
   2339  1  
   2339  1  
   2339  1  
   2339  1  
   2339  1  
   2363  1  
   2363  1  
   2363  1  
   2371  2  
   2371  2  
   2371  2  
   2371  2  
   2403  4  
   2411  4  
   2440  2  
   2440  2  
   2440  2  
   2440  2  
   2441  1  
   2441  1  
   2441  1  
   2441  1  
   2441  1  
   2441  1  
   2459  1  
   2459  1  
   2459  1  
   2459  1  
   2459  1  
   2459  1  
   2498  4  
   2504  4  
   2521  2  
   2521  2  
   2521  2  
   2521  2  
   2536  1  
   2536  1  
   2536  1  
   2536  1  
   2536  1  
   2536  1  
   2547  3  
   2547  3  
   2547  3  
   2547  3  
   2550  2  
   2550  2  
   2551  1  
   2551  1  
   2551  1  
   2551  1  
   2551  1  
   2551  1  
   2593  4  
   2596  4  
   2628  1  
   2628  1  
   2628  1  
   2649  1  
   2649  1  
   2649  1  
   2652  3  
   2652  3  
   2652  3  
   2652  3  
   2663  2  
   2663  2  
   2663  2  
   2663  2  
   2694  4  
   2697  4  
   2726  1  
   2726  1  
   2726  1  
   2745  1  
   2745  1  
   2745  1  
   2745  1  
   2745  1  
   2745  1  
   2775  2  
   2775  2  
   2775  2  
   2775  2  
   2790  2  
   2790  2  
   2790  2  
   2790  2  
   2794  4  
   2799  4  
   2823  1  
   2823  1  
   2823  1  
   2823  1  
   2823  1  
   2823  1  
   2855  1  
   2855  1  
   2855  1  
   2879  2  
   2879  2  
   2879  2  
   2879  2  
   2890  4  
   2897  4  
   2920  1  
   2920  1  
   2920  1  
   2955  1  
   2955  1  
   2955  1  
   2955  1  
   2955  1  
   2955  1  
   2962  2  
   2962  2  
   2993  4  
   3003  4  
   3029  1  
   3029  1  
   3029  1  
   3029  1  
   3029  1  
   3029  1  
   3044  2  
   3044  2  
   3044  2  
   3044  2  
   3070  1  
   3070  1  
   3070  1  
   3070  1  
   3070  1  
   3070  1  
   3075  2  
   3075  2  
   3075  2  
   3075  2  
   3091  4  
   3107  4  
   3130  1  
   3130  1  
   3130  1  
   3130  1  
   3130  1  
   3130  1  
   3131  3  
   3131  3  
   3131  3  
   3131  3  
   3158  1  
   3158  1  
   3158  1  
   3176  2  
   3176  2  
   3176  2  
   3176  2  
   3199  4  
   3214  4  
   3242  1  
   3242  1  
   3242  1  
   3242  1  
   3242  1  
   3242  1  
   3253  1  
   3253  1  
   3253  1  
   3253  1  
   3253  1  
   3253  1  
   3279  2  
   3279  2  
   3287  2  
   3287  2  
   3287  2  
   3287  2  
   3301  4  
   3316  3  
   3316  3  
   3316  3  
   3316  3  
   3322  4  
   3347  1  
   3347  1  
   3347  1  
   3379  2  
   3379  2  
   3379  2  
   3379  2  
   3406  1  
   3406  1  
   3406  1  
   3406  1  
   3406  1  
   3406  1  
   3407  4  
   3428  4  
   3434  1  
   3434  1  
   3434  1  
   3434  1  
   3434  1  
   3434  1  
   3463  2  
   3463  2  
   3493  1  
   3493  1  
   3493  1  
   3493  1  
   3493  1  
   3493  1  
   3516  2  
   3516  2  
   3516  2  
   3516  2  
   3518  4  
   3535  2  
   3535  2  
   3537  4  
   3563  1  
   3563  1  
   3563  1  
   3563  1  
   3563  1  
   3563  1  
   3605  2  
   3605  2  
   3625  1  
   3625  1  
   3625  1  
   3630  4  
   3650  4  
   3656  1  
   3656  1  
   3656  1  
   3663  2  
   3663  2  
   3663  2  
   3663  2  
   3730  2  
   3730  2  
   3730  2  
   3730  2  
   3735  2  
   3735  2  
   3735  2  
   3735  2  
   3741  4  
   3755  1  
   3755  1  
   3755  1  
   3755  1  
   3755  1  
   3755  1  
   3761  4  
   3764  1  
   3764  1  
   3764  1  
   3764  1  
   3764  1  
   3764  1  
   3765  3  
   3765  3  
   3765  3  
   3765  3  
   3784  2  
   3784  2  
   3784  2  
   3784  2  
   3850  2  
   3850  2  
   3854  1  
   3854  1  
   3854  1  
   3862  4  
   3866  1  
   3866  1  
   3866  1  
   3871  4  
   3928  2  
   3928  2  
   3936  1  
   3936  1  
   3936  1  
   3936  1  
   3936  1  
   3936  1  
   3937  2  
   3937  2  
   3937  2  
   3937  2  
   3951  1  
   3951  1  
   3951  1  
   3976  4  
   3983  4  
   4007  2  
   4007  2  
   4030  1  
   4030  1  
   4030  1  
   4035  1  
   4035  1  
   4035  1  
   4035  1  
   4035  1  
   4035  1  
   4041  3  
   4041  3  
   4041  3  
   4041  3  
   4084  4  
   4087  4  
   4087  4  
   4098  1  
   4098  1  
   4098  1  
   4098  1  
   4098  1  
   4098  1  
   4112  2  
   4112  2  
   4112  2  
   4112  2  
   4124  4  
   4133  1  
   4133  1  
   4133  1  
   4133  1  
   4133  1  
   4133  1  
   4151  1  
   4151  1  
   4151  1  
   4151  1  
   4151  1  
   4151  1  
   4156  4  
   4195  4  
   4195  4  
   4219  1  
   4219  1  
   4219  1  
   4222  2  
   4222  2  
   4229  1  
   4229  1  
   4229  1  
   4253  2  
   4253  2  
   4253  2  
   4253  2  
   4278  1  
   4278  1  
   4278  1  
   4319  1  
   4319  1  
   4319  1  
   4319  1  
   4319  1  
   4319  1  
   4320  2  
   4320  2  
   4365  1  
   4365  1  
   4365  1  
   4395  1  
   4395  1  
   4395  1  
   4402  5  
   4402  5  
   4413  3  
   4413  3  
   4413  3  
   4413  3  
   4414  5  
   4429  5  
   4430  2  
   4430  2  
   4430  2  
   4430  2  
   4447  5  
   4447  5  
   4450  1  
   4450  1  
   4450  1  
   4450  1  
   4450  1  
   4450  1  
   4482  1  
   4482  1  
   4482  1  
   4482  1  
   4482  1  
   4482  1  
   4498  2  
   4498  2  
   4498  2  
   4498  2  
   4516  2  
   4516  2  
   4516  2  
   4516  2  
   4526  5  
   4552  1  
   4552  1  
   4552  1  
   4564  5  
   4574  1  
   4574  1  
   4574  1  
   4625  2  
   4625  2  
   4625  2  
   4625  2  
   4640  5  
   4645  1  
   4645  1  
   4645  1  
   4669  1  
   4669  1  
   4669  1  
   4669  1  
   4669  1  
   4669  1  
   4674  5  
   4724  1  
   4724  1  
   4724  1  
   4724  1  
   4724  1  
   4724  1  
   4740  2  
   4740  2  
   4743  5  
   4749  1  
   4749  1  
   4749  1  
   4760  3  
   4760  3  
   4760  3  
   4760  3  
   4763  2  
   4763  2  
   4763  2  
   4763  2  
   4789  5  
   4794  1  
   4794  1  
   4794  1  
   4794  1  
   4794  1  
   4794  1  
   4831  1  
   4831  1  
   4831  1  
   4831  1  
   4831  1  
   4831  1  
   4854  5  
   4868  2  
   4868  2  
   4868  2  
   4868  2  
   4905  5  
   4906  1  
   4906  1  
   4906  1  
   4912  1  
   4912  1  
   4912  1  
   4912  1  
   4912  1  
   4912  1  
   4956  5  
   4983  1  
   4983  1  
   4983  1  
   4983  1  
   4983  1  
   4983  1  
   4999  2  
   4999  2  
   4999  2  
   4999  2  
   5012  2  
   5012  2  
   5012  2  
   5012  2  
   5018  5  
   5026  1  
   5026  1  
   5026  1  
   5055  5  
   5058  3  
   5058  3  
   5058  3  
   5058  3  
   5063  1  
   5063  1  
   5063  1  
   5127  2  
   5127  2  
   5138  5  
   5139  1  
   5139  1  
   5139  1  
   5139  1  
   5139  1  
   5139  1  
   5146  1  
   5146  1  
   5146  1  
   5156  5  
   5220  1  
   5220  1  
   5220  1  
   5220  1  
   5220  1  
   5220  1  
   5234  2  
   5234  2  
   5234  2  
   5234  2  
   5246  2  
   5246  2  
   5246  2  
   5246  2  
   5251  5  
   5258  5  
   5265  1  
   5265  1  
   5265  1  
   5265  1  
   5265  1  
   5265  1  
   5273  1  
   5273  1  
   5273  1  
   5273  1  
   5273  1  
   5273  1  
   5343  5  
   5349  2  
   5349  2  
   5368  5  
   5372  1  
   5372  1  
   5372  1  
   5388  1  
   5388  1  
   5388  1  
   5388  1  
   5388  1  
   5388  1  
   5433  5  
   5440  2  
   5440  2  
   5466  2  
   5466  2  
   5466  2  
   5466  2  
   5473  1  
   5473  1  
   5473  1  
   5479  1  
   5479  1  
   5479  1  
   5479  1  
   5479  1  
   5479  1  
   5497  5  
   5498  3  
   5498  3  
   5498  3  
   5498  3  
   5516  2  
   5516  2  
   5522  5  
   5559  1  
   5559  1  
   5559  1  
   5559  1  
   5559  1  
   5559  1  
   5567  1  
   5567  1  
   5567  1  
   5586  2  
   5586  2  
   5616  5  
   5622  5  
   5631  1  
   5631  1  
   5631  1  
   5642  1  
   5642  1  
   5642  1  
   5642  1  
   5642  1  
   5642  1  
   5645  2  
   5645  2  
   5645  2  
   5645  2  
   5685  2  
   5685  2  
   5688  1  
   5688  1  
   5688  1  
   5705  2  
   5705  2  
   5705  2  
   5705  2  
   5719  5  
   5723  2  
   5723  2  
   5731  1  
   5731  1  
   5731  1  
   5750  1  
   5750  1  
   5750  1  
   5753  3  
   5753  3  
   5753  3  
   5753  3  
   5765  5  
   5767  2  
   5767  2  
   5767  2  
   5767  2  
   5770  1  
   5770  1  
   5770  1  
   5805  2  
   5805  2  
   5805  2  
   5805  2  
   5807  1  
   5807  1  
   5807  1  
   5830  1  
   5830  1  
   5830  1  
   5841  5  
   5858  1  
   5858  1  
   5858  1  
   5860  2  
   5860  2  
   5879  1  
   5879  1  
   5879  1  
   5892  1  
   5892  1  
   5892  1  
   5892  1  
   5892  1  
   5892  1  
   5894  1  
   5894  1  
   5894  1  
   5894  1  
   5894  1  
   5894  1  
   5905  1  
   5905  1  
   5905  1  
   5905  1  
   5905  1  
   5905  1  
   5920  1  
   5920  1  
   5920  1  
   5934  2  
   5934  2  
   5936  1  
   5936  1  
   5936  1  
   5936  1  
   5936  1  
   5936  1  
   5940  5  
   5953  1  
   5953  1  
   5953  1  
   5973  1  
   5973  1  
   5973  1  
   5985  5  
   5993  1  
   5993  1  
   5993  1  
   5996  2  
   5996  2  
   5996  2  
   5996  2  
   6008  2  
   6008  2  
   6019  1  
   6019  1  
   6019  1  
   6024  1  
   6024  1  
   6024  1  
   6047  1  
   6047  1  
   6047  1  
   6076  2  
   6076  2  
   6086  5  
   6090  1  
   6090  1  
   6090  1  
   6104  5  
   6131  1  
   6131  1  
   6131  1  
   6131  1  
   6131  1  
   6131  1  
   6134  1  
   6134  1  
   6134  1  
   6141  2  
   6141  2  
   6165  2  
   6165  2  
   6187  1  
   6187  1  
   6187  1  
   6203  1  
   6203  1  
   6203  1  
   6203  1  
   6203  1  
   6203  1  
   6215  5  
   6217  5  
   6253  1  
   6253  1  
   6253  1  
   6259  2  
   6259  2  
   6259  2  
   6259  2  
   6273  2  
   6273  2  
   6273  2  
   6273  2  
   6320  5  
   6321  1  
   6321  1  
   6321  1  
   6321  1  
   6321  1  
   6321  1  
   6321  1  
   6331  1  
   6331  1  
   6331  1  
   6331  1  
   6331  1  
   6331  1  
   6333  5  
   6347  2  
   6347  2  
   6363  3  
   6363  3  
   6363  3  
   6363  3  
   6387  2  
   6387  2  
   6387  2  
   6387  2  
   6394  1  
   6394  1  
   6394  1  
   6394  1  
   6425  5  
   6439  1  
   6439  1  
   6439  1  
   6439  1  
   6439  1  
   6439  1  
   6443  2  
   6443  2  
   6443  2  
   6443  2  
   6450  5  
   6458  1  
   6458  1  
   6458  1  
   6458  1  
   6458  1  
   6458  1  
   6458  1  
   6458  1  
   6499  2  
   6499  2  
   6499  2  
   6499  2  
   6515  3  
   6515  3  
   6515  3  
   6515  3  
   6523  1  
   6523  1  
   6523  1  
   6531  2  
   6531  2  
   6533  5  
   6538  1  
   6538  1  
   6538  1  
   6538  1  
   6538  1  
   6538  1  
   6538  1  
   6538  1  
   6565  5  
   6607  1  
   6607  1  
   6607  1  
   6616  1  
   6616  1  
   6616  1  
   6616  1  
   6621  2  
   6621  2  
   6646  5  
   6646  5  
   6648  2  
   6648  2  
   6648  2  
   6648  2  
   6655  5  
   6669  5  
   6682  5  
   6682  5  
   6694  1  
   6694  1  
   6694  1  
   6694  1  
   6694  1  
   6694  1  
   6694  1  
   6694  1  
   6708  1  
   6708  1  
   6708  1  
   6708  1  
   6708  1  
   6708  1  
   6717  2  
   6717  2  
   6717  2  
   6717  2  
   6765  1  
   6765  1  
   6765  1  
   6765  1  
   6774  2  
   6774  2  
   6774  2  
   6774  2  
   6797  1  
   6797  1  
   6797  1  
   6821  1  
   6821  1  
   6821  1  
   6821  1  
   6825  2  
   6825  2  
   6872  1  
   6872  1  
   6872  1  
   6872  1  
   6877  2  
   6877  2  
   6899  1  
   6899  1  
   6899  1  
   6899  1  
   6899  1  
   6899  1  
   6920  1  
   6920  1  
   6920  1  
   6920  1  
   6920  1  
   6920  1  
   6920  1  
   6920  1  
   6940  2  
   6940  2  
   6940  2  
   6940  2  
   6952  1  
   6952  1  
   6952  1  
   6952  1  
   6952  1  
   6952  1  
   6952  1  
   6952  1  
   6982  2  
   6982  2  
   6982  2  
   6982  2  
   7003  1  
   7003  1  
   7003  1  
   7025  1  
   7025  1  
   7025  1  
   7025  1  
   7025  1  
   7025  1  
   7025  1  
   7025  1  
   7025  1  
   7059  2  
   7059  2  
   7072  1  
   7072  1  
   7072  1  
   7072  1  
   7072  1  
   7077  2  
   7077  2  
   7088  3  
   7088  3  
   7088  3  
   7088  3  
   7094  1  
   7094  1  
   7094  1  
   7094  1  
   7094  1  
   7094  1  
   7132  1  
   7132  1  
   7132  1  
   7132  1  
   7132  1  
   7164  3  
   7164  3  
   7164  3  
   7164  3  
   7173  2  
   7173  2  
   7173  2  
   7173  2  
   7174  2  
   7174  2  
   7174  2  
   7174  2  
   7191  1  
   7191  1  
   7191  1  
   7191  1  
   7191  1  
   7191  1  
   7191  1  
   7191  1  
   7191  1  
   7191  1  
   7225  1  
   7225  1  
   7225  1  
   7267  2  
   7267  2  
   7267  2  
   7267  2  
   7284  1  
   7284  1  
   7284  1  
   7284  1  
   7284  1  
   7284  1  
   7284  1  
   7284  1  
   7284  1  
   7284  1  
   7298  2  
   7298  2  
   7338  1  
   7338  1  
   7338  1  
   7338  1  
   7338  1  
   7338  1  
   7350  1  
   7350  1  
   7350  1  
   7350  1  
   7350  1  
   7367  2  
   7367  2  
   7367  2  
   7367  2  
   7424  1  
   7424  1  
   7424  1  
   7424  1  
   7424  1  
   7424  1  
   7424  1  
   7424  1  
   7424  1  
   7424  1  
   7426  2  
   7426  2  
   7426  2  
   7426  2  
   7445  1  
   7445  1  
   7445  1  
   7445  1  
   7445  1  
   7445  1  
   7487  2  
   7487  2  
   7487  2  
   7487  2  
   7504  1  
   7504  1  
   7504  1  
   7504  1  
   7504  1  
   7524  1  
   7524  1  
   7524  1  
   7565  2  
   7565  2  
   7565  2  
   7565  2  
   7589  1  
   7589  1  
   7589  1  
   7589  1  
   7589  1  
   7589  1  
   7589  1  
   7589  1  
   7589  1  
   7589  1  
   7591  2  
   7591  2  
   7591  2  
   7591  2  
   7597  1  
   7597  1  
   7597  1  
   7652  1  
   7652  1  
   7652  1  
   7652  1  
   7652  1  
   7652  1  
   7652  1  
   7652  1  
   7652  1  
   7652  1  
   7658  1  
   7658  1  
   7658  1  
   7663  2  
   7663  2  
   7700  1  
   7700  1  
   7700  1  
   7700  1  
   7700  1  
   7700  1  
   7700  1  
   7700  1  
   7700  1  
   7700  1  
   7716  2  
   7716  2  
   7721  1  
   7721  1  
   7721  1  
   7721  1  
   7721  1  
   7721  1  
   7744  2  
   7744  2  
   7744  2  
   7744  2  
   7767  1  
   7767  1  
   7767  1  
   7767  1  
   7767  1  
   7767  1  
   7772  1  
   7772  1  
   7772  1  
   7772  1  
   7772  1  
   7789  3  
   7789  3  
   7789  3  
   7789  3  
   7790  3  
   7790  3  
   7790  3  
   7790  3  
   7800  3  
   7800  3  
   7800  3  
   7800  3  
   7818  2  
   7818  2  
   7822  1  
   7822  1  
   7822  1  
   7838  1  
   7838  1  
   7838  1  
   7838  1  
   7838  1  
   7844  3  
   7844  3  
   7844  3  
   7844  3  
   7851  2  
   7851  2  
   7851  2  
   7851  2  
   7881  1  
   7881  1  
   7881  1  
   7893  2  
   7893  2  
   7910  1  
   7910  1  
   7910  1  
   7910  1  
   7910  1  
   7916  3  
   7916  3  
   7916  3  
   7916  3  
   7933  1  
   7933  1  
   7933  1  
   7957  2  
   7957  2  
   7957  2  
   7957  2  
   7966  2  
   7966  2  
   7966  2  
   7966  2  
   7974  1  
   7974  1  
   7974  1  
   7974  1  
   7974  1  
   7974  1  
   7974  1  
   7974  1  
   7974  1  
   7974  1  
   7979  1  
   7979  1  
   7979  1  
   7979  1  
   7979  1  
   7979  1  
   8007  3  
   8007  3  
   8007  3  
   8007  3  
   8015  2  
   8015  2  
   8015  2  
   8015  2  
   8043  1  
   8043  1  
   8043  1  
   8048  1  
   8048  1  
   8048  1  
   8048  1  
   8048  1  
   8055  2  
   8055  2  
   8084  2  
   8084  2  
   8084  2  
   8084  2  
   8102  1  
   8102  1  
   8102  1  
   8102  1  
   8102  1  
   8102  1  
   8125  1  
   8125  1  
   8125  1  
   8125  1  
   8125  1  
   8125  1  
   8125  1  
   8125  1  
   8125  1  
   8125  1  
   8127  3  
   8127  3  
   8127  3  
   8127  3  
   8135  1  
   8135  1  
   8135  1  
   8135  1  
   8135  1  
   8135  1  
   8156  2  
   8156  2  
   8156  2  
   8156  2  
   8170  2  
   8170  2  
   8188  1  
   8188  1  
   8188  1  
   8215  1  
   8215  1  
   8215  1  
   8215  1  
   8215  1  
   8242  1  
   8242  1  
   8242  1  
   8250  2  
   8250  2  
   8250  2  
   8250  2  
   8260  2  
   8260  2  
   8260  2  
   8260  2  
   8276  3  
   8276  3  
   8276  3  
   8276  3  
   8305  1  
   8305  1  
   8305  1  
   8305  1  
   8305  1  
   8305  1  
   8305  1  
   8305  1  
   8305  1  
   8305  1  
   8310  1  
   8310  1  
   8310  1  
   8332  2  
   8332  2  
   8332  2  
   8332  2  
   8351  2  
   8351  2  
   8351  2  
   8351  2  
   8367  1  
   8367  1  
   8367  1  
   8367  1  
   8367  1  
   8380  1  
   8380  1  
   8380  1  
   8415  2  
   8415  2  
   8424  1  
   8424  1  
   8424  1  
   8424  1  
   8424  1  
   8427  2  
   8427  2  
   8436  3  
   8436  3  
   8436  3  
   8436  3  
   8463  1  
   8463  1  
   8463  1  
   8463  1  
   8463  1  
   8463  1  
   8482  3  
   8482  3  
   8482  3  
   8482  3  
   8489  1  
   8489  1  
   8489  1  
   8489  1  
   8489  1  
   8489  1  
   8489  1  
   8489  1  
   8489  1  
   8489  1  
   8490  2  
   8490  2  
   8490  2  
   8490  2  
   8529  2  
   8529  2  
   8537  1  
   8537  1  
   8537  1  
   8537  1  
   8537  1  
   8537  1  
   8548  1  
   8548  1  
   8548  1  
   8548  1  
   8548  1  
   8548  1  
   8548  1  
   8548  1  
   8548  1  
   8548  1  
   8559  2  
   8559  2  
   8609  3  
   8609  3  
   8609  3  
   8609  3  
   8610  1  
   8610  1  
   8610  1  
   8610  1  
   8610  1  
   8622  1  
   8622  1  
   8622  1  
   8632  2  
   8632  2  
   8632  2  
   8632  2  
   8638  2  
   8638  2  
   8638  2  
   8638  2  
   8678  1  
   8678  1  
   8678  1  
   8678  1  
   8678  1  
   8678  1  
   8678  1  
   8678  1  
   8678  1  
   8678  1  
   8698  2  
   8698  2  
   8698  2  
   8698  2  
   8711  1  
   8711  1  
   8711  1  
   8722  1  
   8722  1  
   8722  1  
   8722  1  
   8722  1  
   8748  2  
   8748  2  
   8748  2  
   8748  2  
   8761  2  
   8761  2  
   8761  2  
   8761  2  
   8780  1  
   8780  1  
   8780  1  
   8780  1  
   8780  1  
   8800  3  
   8800  3  
   8800  3  
   8800  3  
   8804  1  
   8804  1  
   8804  1  
   8804  1  
   8804  1  
   8804  1  
   8815  2  
   8815  2  
   8825  1  
   8825  1  
   8825  1  
   8825  1  
   8825  1  
   8825  1  
   8825  1  
   8825  1  
   8825  1  
   8825  1  
   8884  2  
   8884  2  
   8885  1  
   8885  1  
   8885  1  
   8885  1  
   8885  1  
   8885  1  
   8885  1  
   8885  1  
   8885  1  
   8885  1  
   8890  2  
   8890  2  
   8893  1  
   8893  1  
   8893  1  
   8893  1  
   8893  1  
   8893  1  
   8940  1  
   8940  1  
   8940  1  
   8940  1  
   8940  1  
   8964  2  
   8964  2  
   8964  2  
   8964  2  
   8974  1  
   8974  1  
   8974  1  
   8976  1  
   8976  1  
   8976  1  
   8976  1  
   8976  1  
   9009  3  
   9009  3  
   9009  3  
   9009  3  
   9027  1  
   9027  1  
   9027  1  
   9027  1  
   9027  1  
   9027  1  
   9027  1  
   9027  1  
   9027  1  
   9027  1  
   9030  2  
   9030  2  
   9030  2  
   9030  2  
   9061  1  
   9061  1  
   9061  1  
   9072  1  
   9072  1  
   9072  1  
   9072  1  
   9072  1  
   9094  2  
   9094  2  
   9094  2  
   9094  2  
   9105  3  
   9105  3  
   9105  3  
   9105  3  
   9111  1  
   9111  1  
   9111  1  
   9111  1  
   9111  1  
   9143  1  
   9143  1  
   9143  1  
   9143  1  
   9143  1  
   9151  1  
   9151  1  
   9151  1  
   9151  1  
   9151  1  
   9151  1  
   9152  2  
   9152  2  
   9152  2  
   9152  2  
   9163  1  
   9163  1  
   9163  1  
   9163  1  
   9163  1  
   9174  2  
   9174  2  
   9197  1  
   9197  1  
   9197  1  
   9197  1  
   9197  1  
   9212  1  
   9212  1  
   9212  1  
   9212  1  
   9212  1  
   9226  1  
   9226  1  
   9226  1  
   9226  1  
   9226  1  
   9243  1  
   9243  1  
   9243  1  
   9243  1  
   9243  1  
   9243  1  
   9243  1  
   9243  1  
   9243  1  
   9243  1  
   9256  1  
   9256  1  
   9256  1  
   9256  1  
   9256  1  
   9256  1  
   9256  1  
   9256  1  
   9256  1  
   9256  1  
   9266  1  
   9266  1  
   9266  1  
   9266  1  
   9266  1  
   9266  1  
   9266  1  
   9266  1  
   9266  1  
   9266  1  
   9267  1  
   9267  1  
   9267  1  
   9267  1  
   9267  1  
   9267  1  
   9268  2  
   9268  2  
   9268  2  
   9268  2  
   9271  3  
   9271  3  
   9271  3  
   9271  3  
   9288  1  
   9288  1  
   9288  1  
   9288  1  
   9288  1  
   9309  1  
   9309  1  
   9309  1  
   9309  1  
   9309  1  
   9310  2  
   9310  2  
   9334  1  
   9334  1  
   9334  1  
   9334  1  
   9334  1  
   9356  1  
   9356  1  
   9356  1  
   9356  1  
   9356  1  
   9370  1  
   9370  1  
   9370  1  
   9371  2  
   9371  2  
   9392  1  
   9392  1  
   9392  1  
   9392  1  
   9392  1  
   9424  1  
   9424  1  
   9424  1  
   9424  1  
   9424  1  
   9440  2  
   9440  2  
   9440  2  
   9440  2  
   9451  1  
   9451  1  
   9451  1  
   9453  2  
   9453  2  
   9453  2  
   9453  2  
   9474  1  
   9474  1  
   9474  1  
   9474  1  
   9474  1  
   9474  1  
   9474  1  
   9474  1  
   9474  1  
   9474  1  
   9519  1  
   9519  1  
   9519  1  
   9519  1  
   9519  1  
   9521  2  
   9521  2  
   9521  2  
   9521  2  
   9530  3  
   9530  3  
   9530  3  
   9530  3  
   9533  1  
   9533  1  
   9533  1  
   9533  1  
   9533  1  
   9533  1  
   9559  1  
   9559  1  
   9559  1  
   9559  1  
   9559  1  
   9570  2  
   9570  2  
   9572  2  
   9572  2  
   9572  2  
   9572  2  
   9606  1  
   9606  1  
   9606  1  
   9606  1  
   9606  1  
   9606  1  
   9606  1  
   9606  1  
   9606  1  
   9606  1  
   9609  1  
   9609  1  
   9609  1  
   9609  1  
   9609  1  
   9609  1  
   9631  2  
   9631  2  
   9631  2  
   9631  2  
   9668  1  
   9668  1  
   9668  1  
   9668  1  
   9668  1  
   9668  1  
   9668  1  
   9668  1  
   9668  1  
   9668  1  
   9699  2  
   9699  2  
   9701  2  
   9701  2  
   9702  1  
   9702  1  
   9702  1  
   9711  1  
   9711  1  
   9711  1  
   9711  1  
   9711  1  
   9744  3  
   9744  3  
   9744  3  
   9744  3  
   9760  1  
   9760  1  
   9760  1  
   9760  1  
   9760  1  
   9760  1  
   9760  1  
   9760  1  
   9760  1  
   9760  1  
   9763  2  
   9763  2  
   9763  2  
   9763  2  
   9779  3  
   9779  3  
   9779  3  
   9779  3  
   9780  1  
   9780  1  
   9780  1  
   9817  1  
   9817  1  
   9817  1  
   9817  1  
   9817  1  
   9822  2  
   9822  2  
   9822  2  
   9822  2  
   9823  2  
   9823  2  
   9823  2  
   9823  2  
   9852  1  
   9852  1  
   9852  1  
   9852  1  
   9852  1  
   9852  1  
   9862  1  
   9862  1  
   9862  1  
   9862  1  
   9862  1  
   9862  1  
   9862  1  
   9862  1  
   9862  1  
   9862  1  
   9880  2  
   9880  2  
   9903  1  
   9903  1  
   9903  1  
   9903  1  
   9903  1  
   9903  1  
   9926  2  
   9926  2  
   9926  2  
   9926  2  
   9937  2  
   9937  2  
   9937  2  
   9937  2  
   9938  1  
   9938  1  
   9938  1  
   9938  1  
   9938  1  
   9938  1  
   9938  1  
   9938  1  
   9938  1  
   9938  1  
   9960  1  
   9960  1  
   9960  1  
   9989  2  
   9989  2  
   10002  1  
   10002  1  
   10002  1  
   10002  1  
   10002  1  
   10008  1  
   10008  1  
   10008  1  
   10017  2  
   10017  2  
   10041  2  
   10041  2  
   10045  3  
   10045  3  
   10045  3  
   10045  3  
   10046  1  
   10046  1  
   10046  1  
   10065  1  
   10065  1  
   10065  1  
   10065  1  
   10065  1  
   10065  1  
   10065  1  
   10065  1  
   10065  1  
   10065  1  
   10077  1  
   10077  1  
   10077  1  
   10080  2  
   10080  2  
   10110  1  
   10110  1  
   10110  1  
   10111  2  
   10111  2  
   10121  2  
   10121  2  
   10121  2  
   10121  2  
   10123  1  
   10123  1  
   10123  1  
   10123  1  
   10123  1  
   10138  1  
   10138  1  
   10138  1  
   10156  2  
   10156  2  
   10156  2  
   10156  2  
   10161  1  
   10161  1  
   10161  1  
   10180  1  
   10180  1  
   10180  1  
   10180  1  
   10180  1  
   10180  1  
   10188  1  
   10188  1  
   10188  1  
   10188  1  
   10188  1  
   10190  2  
   10190  2  
   10190  2  
   10190  2  
   10196  1  
   10196  1  
   10196  1  
   10205  1  
   10205  1  
   10205  1  
   10226  1  
   10226  1  
   10226  1  
   10226  1  
   10226  1  
   10226  1  
   10229  2  
   10229  2  
   10229  2  
   10229  2  
   10242  1  
   10242  1  
   10242  1  
   10242  1  
   10242  1  
   10242  1  
   10247  1  
   10247  1  
   10247  1  
   10247  1  
   10247  1  
   10251  2  
   10251  2  
   10257  1  
   10257  1  
   10257  1  
   10270  1  
   10270  1  
   10270  1  
   10291  1  
   10291  1  
   10291  1  
   10292  1  
   10292  1  
   10292  1  
   10292  1  
   10292  1  
   10306  2  
   10306  2  
   10320  1  
   10320  1  
   10320  1  
   10333  1  
   10333  1  
   10333  1  
   10333  1  
   10333  1  
   10333  1  
   10333  1  
   10333  1  
   10333  1  
   10346  1  
   10346  1  
   10346  1  
   10364  1  
   10364  1  
   10364  1  
   10364  1  
   10364  1  
   10364  1  
   10364  1  
   10364  1  
   10364  1  
   10370  2  
   10370  2  
   10382  2  
   10382  2  
   10382  2  
   10382  2  
   10384  1  
   10384  1  
   10384  1  
   10386  1  
   10386  1  
   10386  1  
   10386  1  
   10386  1  
   10386  1  
   10386  1  
   10386  1  
   10386  1  
   10386  1  
   10417  1  
   10417  1  
   10417  1  
   10417  1  
   10417  1  
   10423  1  
   10423  1  
   10423  1  
   10426  3  
   10426  3  
   10426  3  
   10426  3  
   10432  2  
   10432  2  
   10432  2  
   10432  2  
   10435  3  
   10435  3  
   10435  3  
   10435  3  
   10454  1  
   10454  1  
   10454  1  
   10454  1  
   10454  1  
   10462  2  
   10462  2  
   10470  1  
   10470  1  
   10470  1  
   10492  1  
   10492  1  
   10492  1  
   10492  1  
   10492  1  
   10498  2  
   10498  2  
   10518  1  
   10518  1  
   10518  1  
   10525  2  
   10525  2  
   10536  1  
   10536  1  
   10536  1  
   10536  1  
   10536  1  
   10561  2  
   10561  2  
   10561  2  
   10561  2  
   10579  2  
   10579  2  
   10584  1  
   10584  1  
   10584  1  
   10584  1  
   10584  1  
   10584  1  
   10590  1  
   10590  1  
   10590  1  
   10590  1  
   10590  1  
   10590  1  
   10590  1  
   10590  1  
   10590  1  
   10590  1  
   10616  2  
   10616  2  
   10620  2  
   10620  2  
   10620  2  
   10620  2  
   10639  1  
   10639  1  
   10639  1  
   10639  1  
   10639  1  
   10657  2  
   10657  2  
   10657  2  
   10657  2  
   10663  1  
   10663  1  
   10663  1  
   10663  1  
   10663  1  
   10663  1  
   10684  2  
   10684  2  
   10684  2  
   10684  2  
   10692  1  
   10692  1  
   10692  1  
   10692  1  
   10692  1  
   10707  2  
   10707  2  
   10707  2  
   10707  2  
   10711  2  
   10711  2  
   10711  2  
   10711  2  
   10725  1  
   10725  1  
   10725  1  
   10739  3  
   10739  3  
   10739  3  
   10739  3  
   10754  2  
   10754  2  
   10757  2  
   10757  2  
   10758  1  
   10758  1  
   10758  1  
   10758  1  
   10758  1  
   10758  1  
   10758  1  
   10758  1  
   10758  1  
   10788  1  
   10788  1  
   10788  1  
   10800  1  
   10800  1  
   10800  1  
   10800  1  
   10800  1  
   10800  1  
   10800  1  
   10800  1  
   10804  2  
   10804  2  
   10805  2  
   10805  2  
   10805  2  
   10805  2  
   10853  2  
   10853  2  
   10854  1  
   10854  1  
   10854  1  
   10854  1  
   10854  1  
   10854  1  
   10860  1  
   10860  1  
   10860  1  
   10860  1  
   10860  1  
   10860  1  
   10860  1  
   10860  1  
   10875  2  
   10875  2  
   10875  2  
   10875  2  
   10910  2  
   10910  2  
   10924  1  
   10924  1  
   10924  1  
   10924  1  
   10926  1  
   10926  1  
   10926  1  
   10927  2  
   10927  2  
   10974  2  
   10974  2  
   10974  2  
   10974  2  
   10977  2  
   10977  2  
   10977  2  
   10977  2  
   10981  1  
   10981  1  
   10981  1  
   10981  1  
   10981  1  
   10981  1  
   10981  1  
   10981  1  
   10982  3  
   10982  3  
   10982  3  
   10982  3  
   10999  1  
   10999  1  
   10999  1  
   10999  1  
   10999  1  
   10999  1  
   11018  3  
   11018  3  
   11018  3  
   11018  3  
   11019  2  
   11019  2  
   11054  2  
   11054  2  
   11071  2  
   11071  2  
   11071  2  
   11071  2  
   11074  1  
   11074  1  
   11074  1  
   11074  1  
   11074  1  
   11074  1  
   11074  1  
   11074  1  
   11077  1  
   11077  1  
   11077  1  
   11077  1  
   11077  1  
   11077  1  
   11090  2  
   11090  2  
   11119  2  
   11119  2  
   11119  2  
   11119  2  
   11123  1  
   11123  1  
   11123  1  
   11123  1  
   11130  1  
   11130  1  
   11130  1  
   11139  2  
   11139  2  
   11139  2  
   11139  2  
   11159  2  
   11159  2  
   11159  2  
   11159  2  
   11167  2  
   11167  2  
   11176  1  
   11176  1  
   11176  1  
   11176  1  
   11176  1  
   11176  1  
   11176  1  
   11176  1  
   11183  1  
   11183  1  
   11183  1  
   11197  2  
   11197  2  
   11219  1  
   11219  1  
   11219  1  
   11226  2  
   11226  2  
   11247  1  
   11247  1  
   11247  1  
   11247  1  
   11256  1  
   11256  1  
   11256  1  
   11256  1  
   11256  1  
   11256  1  
   11259  2  
   11259  2  
   11259  2  
   11259  2  
   11260  2  
   11260  2  
   11298  3  
   11298  3  
   11298  3  
   11298  3  
   11300  1  
   11300  1  
   11300  1  
   11300  1  
   11300  1  
   11300  1  
   11308  2  
   11308  2  
   11308  2  
   11308  2  
   11310  1  
   11310  1  
   11310  1  
   11310  1  
   11310  1  
   11310  1  
   11310  1  
   11310  1  
   11326  1  
   11326  1  
   11326  1  
   11326  1  
   11326  1  
   11326  1  
   11348  2  
   11348  2  
   11351  2  
   11351  2  
   11365  1  
   11365  1  
   11365  1  
   11365  1  
   11365  1  
   11365  1  
   11365  1  
   11365  1  
   11369  1  
   11369  1  
   11369  1  
   11388  2  
   11388  2  
   11403  1  
   11403  1  
   11403  1  
   11404  1  
   11404  1  
   11404  1  
   11404  1  
   11404  1  
   11404  1  
   11404  1  
   11404  1  
   11420  2  
   11420  2  
   11420  2  
   11420  2  
   11429  2  
   11429  2  
   11429  2  
   11429  2  
   11448  1  
   11448  1  
   11448  1  
   11456  1  
   11456  1  
   11456  1  
   11456  1  
   11467  2  
   11467  2  
   11477  2  
   11477  2  
   11477  2  
   11477  2  
   11479  3  
   11479  3  
   11479  3  
   11479  3  
   11494  1  
   11494  1  
   11494  1  
   11494  1  
   11506  1  
   11506  1  
   11506  1  
   11506  1  
   11506  1  
   11506  1  
   11513  2  
   11513  2  
   11513  2  
   11513  2  
   11518  2  
   11518  2  
   11518  2  
   11518  2  
   11536  1  
   11536  1  
   11536  1  
   11536  1  
   11536  1  
   11536  1  
   11536  1  
   11536  1  
   11549  1  
   11549  1  
   11549  1  
   11560  2  
   11560  2  
   11562  3  
   11562  3  
   11562  3  
   11562  3  
   11564  2  
   11564  2  
   11576  1  
   11576  1  
   11576  1  
   11576  1  
   11600  1  
   11600  1  
   11600  1  
   11607  1  
   11607  1  
   11607  1  
   11607  1  
   11613  2  
   11613  2  
   11616  2  
   11616  2  
   11616  2  
   11616  2  
   11635  1  
   11635  1  
   11635  1  
   11635  1  
   11657  1  
   11657  1  
   11657  1  
   11657  1  
   11659  1  
   11659  1  
   11659  1  
   11659  1  
   11659  1  
   11659  1  
   11661  2  
   11661  2  
   11675  1  
   11675  1  
   11675  1  
   11675  1  
   11691  1  
   11691  1  
   11691  1  
   11691  1  
   11705  2  
   11705  2  
   11705  2  
   11705  2  
   11707  1  
   11707  1  
   11707  1  
   11707  1  
   11708  1  
   11708  1  
   11708  1  
   11708  1  
   11708  1  
   11708  1  
   11716  2  
   11716  2  
   11716  2  
   11716  2  
   11724  1  
   11724  1  
   11724  1  
   11724  1  
   11741  1  
   11741  1  
   11741  1  
   11741  1  
   11760  1  
   11760  1  
   11760  1  
   11760  1  
   11760  1  
   11760  1  
   11760  1  
   11760  1  
   11763  1  
   11763  1  
   11763  1  
   11763  1  
   11763  1  
   11763  1  
   11763  1  
   11763  1  
   11770  1  
   11770  1  
   11770  1  
   11770  1  
   11770  1  
   11770  1  
   11770  1  
   11770  1  
   11793  1  
   11793  1  
   11793  1  
   11793  1  
   11807  2  
   11807  2  
   11811  1  
   11811  1  
   11811  1  
   11811  1  
   11828  1  
   11828  1  
   11828  1  
   11828  1  
   11839  1  
   11839  1  
   11839  1  
   11839  1  
   11839  1  
   11839  1  
   11844  1  
   11844  1  
   11844  1  
   11844  1  
   11868  1  
   11868  1  
   11868  1  
   11868  1  
   11871  2  
   11871  2  
   11871  2  
   11871  2  
   11889  1  
   11889  1  
   11889  1  
   11889  1  
   11892  2  
   11892  2  
   11892  2  
   11892  2  
   11894  2  
   11894  2  
   11894  2  
   11894  2  
   11912  1  
   11912  1  
   11912  1  
   11912  1  
   11925  1  
   11925  1  
   11925  1  
   11934  1  
   11934  1  
   11934  1  
   11934  1  
   11940  2  
   11940  2  
   11952  2  
   11952  2  
   11960  3  
   11960  3  
   11960  3  
   11960  3  
   11964  1  
   11964  1  
   11964  1  
   11964  1  
   11980  2  
   11980  2  
   11988  1  
   11988  1  
   11988  1  
   11988  1  
   11988  1  
   11988  1  
   11998  1  
   11998  1  
   11998  1  
   11998  1  
   11998  1  
   11998  1  
   11998  1  
   11998  1  
   12003  2  
   12003  2  
   12003  2  
   12003  2  
   12024  2  
   12024  2  
   12029  1  
   12029  1  
   12029  1  
   12033  1  
   12033  1  
   12033  1  
   12033  1  
   12037  2  
   12037  2  
   12037  2  
   12037  2  
   12038  3  
   12038  3  
   12038  3  
   12038  3  
   12068  1  
   12068  1  
   12068  1  
   12068  1  
   12071  1  
   12071  1  
   12071  1  
   12079  2  
   12079  2  
   12079  2  
   12079  2  
   12090  2  
   12090  2  
   12090  2  
   12090  2  
   12107  1  
   12107  1  
   12107  1  
   12107  1  
   12107  1  
   12107  1  
   12107  1  
   12107  1  
   12109  1  
   12109  1  
   12109  1  
   12109  1  
   12109  1  
   12109  1  
   12127  2  
   12127  2  
   12130  2  
   12130  2  
   12140  1  
   12140  1  
   12140  1  
   12140  1  
   12140  1  
   12140  1  
   12153  1  
   12153  1  
   12153  1  
   12153  1  
   12153  1  
   12153  1  
   12153  1  
   12153  1  
   12170  2  
   12170  2  
   12171  2  
   12171  2  
   12172  1  
   12172  1  
   12172  1  
   12172  1  
   12172  1  
   12172  1  
   12195  1  
   12195  1  
   12195  1  
   12195  1  
   12203  2  
   12203  2  
   12204  2  
   12204  2  
   12204  2  
   12204  2  
   12212  1  
   12212  1  
   12212  1  
   12216  3  
   12216  3  
   12216  3  
   12216  3  
   12233  1  
   12233  1  
   12233  1  
   12233  1  
   12233  1  
   12233  1  
   12233  1  
   12233  1  
   12241  2  
   12241  2  
   12241  2  
   12241  2  
   12249  2  
   12249  2  
   12258  1  
   12258  1  
   12258  1  
   12259  2  
   12259  2  
   12259  2  
   12259  2  
   12278  2  
   12278  2  
   12281  1  
   12281  1  
   12281  1  
   12281  1  
   12285  2  
   12285  2  
   12301  2  
   12301  2  
   12304  1  
   12304  1  
   12304  1  
   12304  1  
   12304  1  
   12304  1  
   12310  2  
   12310  2  
   12322  1  
   12322  1  
   12322  1  
   12322  1  
   12322  1  
   12322  1  
   12322  1  
   12322  1  
   12330  2  
   12330  2  
   12332  2  
   12332  2  
   12332  2  
   12332  2  
   12333  2  
   12333  2  
   12333  2  
   12333  2  
   12343  1  
   12343  1  
   12343  1  
   12355  2  
   12355  2  
   12355  2  
   12355  2  
   12360  1  
   12360  1  
   12360  1  
   12360  1  
   12366  2  
   12366  2  
   12366  2  
   12366  2  
   12368  2  
   12368  2  
   12375  1  
   12375  1  
   12375  1  
   12393  1  
   12393  1  
   12393  1  
   12393  1  
   12393  1  
   12393  1  
   12393  1  
   12393  1  
   12394  2  
   12394  2  
   12395  1  
   12395  1  
   12395  1  
   12404  2  
   12404  2  
   12417  1  
   12417  1  
   12417  1  
   12429  2  
   12429  2  
   12433  1  
   12433  1  
   12433  1  
   12440  1  
   12440  1  
   12440  1  
   12440  1  
   12442  2  
   12442  2  
   12451  1  
   12451  1  
   12451  1  
   12451  1  
   12451  1  
   12451  1  
   12461  3  
   12461  3  
   12461  3  
   12461  3  
   12463  1  
   12463  1  
   12463  1  
   12463  1  
   12463  1  
   12463  1  
   12467  2  
   12467  2  
   12492  1  
   12492  1  
   12492  1  
   12492  1  
   12492  1  
   12492  1  
   12493  2  
   12493  2  
   12493  2  
   12493  2  
   12495  3  
   12495  3  
   12495  3  
   12495  3  
   12497  1  
   12497  1  
   12497  1  
   12497  1  
   12497  1  
   12497  1  
   12497  1  
   12497  1  
   12508  1  
   12508  1  
   12508  1  
   12519  2  
   12519  2  
   12519  2  
   12519  2  
   12522  1  
   12522  1  
   12522  1  
   12526  2  
   12526  2  
   12536  1  
   12536  1  
   12536  1  
   12536  1  
   12548  1  
   12548  1  
   12548  1  
   12552  2  
   12552  2  
   12567  1  
   12567  1  
   12567  1  
   12567  1  
   12568  1  
   12568  1  
   12568  1  
   12571  2  
   12571  2  
   12582  2  
   12582  2  
   12596  2  
   12596  2  
   12598  1  
   12598  1  
   12598  1  
   12598  1  
   12608  1  
   12608  1  
   12608  1  
   12612  2  
   12612  2  
   12624  1  
   12624  1  
   12624  1  
   12624  1  
   12631  2  
   12631  2  
   12645  2  
   12645  2  
   12654  1  
   12654  1  
   12654  1  
   12654  1  
   12663  2  
   12663  2  
   12681  2  
   12681  2  
   12681  2  
   12681  2  
   12683  1  
   12683  1  
   12683  1  
   12683  1  
   12683  1  
   12683  1  
   12687  2  
   12687  2  
   12687  2  
   12687  2  
   12694  1  
   12694  1  
   12694  1  
   12694  1  
   12702  2  
   12702  2  
   12704  2  
   12704  2  
   12704  2  
   12704  2  
   12721  2  
   12721  2  
   12729  1  
   12729  1  
   12729  1  
   12729  1  
   12742  2  
   12742  2  
   12751  1  
   12751  1  
   12751  1  
   12751  1  
   12766  2  
   12766  2  
   12776  1  
   12776  1  
   12776  1  
   12776  1  
   12813  1  
   12813  1  
   12813  1  
   12813  1  
   12813  1  
   12813  1  
   12813  1  
   12813  1  
   12819  1  
   12819  1  
   12819  1  
   12819  1  
   12819  1  
   12819  1  
   12819  1  
   12819  1  
   12828  1  
   12828  1  
   12828  1  
   12828  1  
   12828  1  
   12828  1  
   12828  1  
   12828  1  
   12838  2  
   12838  2  
   12852  1  
   12852  1  
   12852  1  
   12852  1  
   12862  2  
   12862  2  
   12865  1  
   12865  1  
   12865  1  
   12865  1  
   12872  2  
   12872  2  
   12874  1  
   12874  1  
   12874  1  
   12880  1  
   12880  1  
   12880  1  
   12880  1  
   12898  1  
   12898  1  
   12898  1  
   12898  1  
   12900  2  
   12900  2  
   12913  1  
   12913  1  
   12913  1  
   12913  1  
   12917  2  
   12917  2  
   12917  2  
   12917  2  
   12924  2  
   12924  2  
   12924  2  
   12924  2  
   12935  1  
   12935  1  
   12935  1  
   12935  1  
   12944  1  
   12944  1  
   12944  1  
   12944  1  
   12944  1  
   12944  1  
   12951  2  
   12951  2  
   12955  1  
   12955  1  
   12955  1  
   12955  1  
   12971  2  
   12971  2  
   12973  1  
   12973  1  
   12973  1  
   12974  1  
   12974  1  
   12974  1  
   12974  1  
   12984  3  
   12984  3  
   12984  3  
   12984  3  
   12985  2  
   12985  2  
   12985  2  
   12985  2  
   12998  2  
   12998  2  
   12999  1  
   12999  1  
   12999  1  
   12999  1  
   13000  1  
   13000  1  
   13000  1  
   13000  1  
   13000  1  
   13000  1  
   13021  2  
   13021  2  
   13023  1  
   13023  1  
   13023  1  
   13023  1  
   13023  1  
   13023  1  
   13023  1  
   13024  1  
   13024  1  
   13024  1  
   13035  2  
   13035  2  
   13035  2  
   13035  2  
   13054  1  
   13054  1  
   13054  1  
   13057  2  
   13057  2  
   13057  2  
   13057  2  
   13062  1  
   13062  1  
   13062  1  
   13070  1  
   13070  1  
   13070  1  
   13076  3  
   13076  3  
   13076  3  
   13076  3  
   13084  2  
   13084  2  
   13085  1  
   13085  1  
   13085  1  
   13094  1  
   13094  1  
   13094  1  
   13094  1  
   13094  1  
   13094  1  
   13101  1  
   13101  1  
   13101  1  
   13101  1  
   13101  1  
   13101  1  
   13108  2  
   13108  2  
   13113  2  
   13113  2  
   13113  2  
   13113  2  
   13115  1  
   13115  1  
   13115  1  
   13115  1  
   13115  1  
   13115  1  
   13122  1  
   13122  1  
   13122  1  
   13129  1  
   13129  1  
   13129  1  
   13129  1  
   13129  1  
   13129  1  
   13136  2  
   13136  2  
   13141  1  
   13141  1  
   13141  1  
   13146  1  
   13146  1  
   13146  1  
   13146  1  
   13146  1  
   13146  1  
   13158  2  
   13158  2  
   13160  1  
   13160  1  
   13160  1  
   13174  1  
   13174  1  
   13174  1  
   13176  2  
   13176  2  
   13176  2  
   13176  2  
   13177  1  
   13177  1  
   13177  1  
   13189  2  
   13189  2  
   13193  2  
   13193  2  
   13193  2  
   13193  2  
   13203  1  
   13203  1  
   13203  1  
   13205  1  
   13205  1  
   13205  1  
   13209  2  
   13209  2  
   13211  3  
   13211  3  
   13211  3  
   13211  3  
   13214  2  
   13214  2  
   13214  2  
   13214  2  
   13221  2  
   13221  2  
   13221  2  
   13221  2  
   13225  1  
   13225  1  
   13225  1  
   13226  2  
   13226  2  
   13233  1  
   13233  1  
   13233  1  
   13233  1  
   13233  1  
   13233  1  
   13239  2  
   13239  2  
   13241  1  
   13241  1  
   13241  1  
   13247  2  
   13247  2  
   13256  2  
   13256  2  
   13257  1  
   13257  1  
   13257  1  
   13257  1  
   13257  1  
   13257  1  
   13263  1  
   13263  1  
   13263  1  
   13263  1  
   13263  1  
   13263  1  
   13270  1  
   13270  1  
   13270  1  
   13276  1  
   13276  1  
   13276  1  
   13278  2  
   13278  2  
   13285  1  
   13285  1  
   13285  1  
   13292  2  
   13292  2  
   13292  2  
   13292  2  
   13296  2  
   13296  2  
   13296  2  
   13296  2  
   13297  1  
   13297  1  
   13297  1  
   13304  1  
   13304  1  
   13304  1  
   13304  1  
   13304  1  
   13304  1  
   13312  1  
   13312  1  
   13312  1  
   13317  2  
   13317  2  
   13317  2  
   13317  2  
   13320  2  
   13320  2  
   13323  1  
   13323  1  
   13323  1  
   13323  1  
   13323  1  
   13323  1  
   13325  1  
   13325  1  
   13325  1  
   13325  1  
   13325  1  
   13325  1  
   13327  1  
   13327  1  
   13327  1  
   13327  1  
   13327  1  
   13327  1  
   13334  1  
   13334  1  
   13334  1  
   13336  1  
   13336  1  
   13336  1  
   13337  2  
   13337  2  
   13337  2  
   13337  2  
   13339  2  
   13339  2  
   13343  2  
   13343  2  
   13344  1  
   13344  1  
   13344  1  
   13344  1  
   13344  1  
   13344  1  
   13360  2  
   13360  2  
   13360  2  
   13360  2  
   13361  3  
   13361  3  
   13361  3  
   13361  3  
   13370  2  
   13370  2  
   13370  2  
   13370  2  
   13372  3  
   13372  3  
   13372  3  
   13372  3  
   13376  2  
   13376  2  
   13386  2  
   13386  2  
   13388  2  
   13388  2  
   13388  2  
   13388  2  
   13404  2  
   13404  2  
   13407  2  
   13407  2  
   13407  2  
   13407  2  
   13409  2  
   13409  2  
   13409  2  
   13409  2  
   13424  2  
   13424  2  
   13424  2  
   13424  2  
   13425  2  
   13425  2  
   13430  2  
   13430  2  
   13430  2  
   13430  2  
   13451  2  
   13451  2  
   13451  2  
   13451  2  
   13458  2  
   13458  2  
   13466  2  
   13466  2  
   13472  3  
   13472  3  
   13472  3  
   13472  3  
   13479  2  
   13479  2  
   13479  2  
   13479  2  
   13485  2  
   13485  2  
   13485  2  
   13485  2  
   13498  2  
   13498  2  
   13502  3  
   13502  3  
   13502  3  
   13502  3  
   13506  2  
   13506  2  
   13514  2  
   13514  2  
   13519  2  
   13519  2  
   13519  2  
   13519  2  
   13524  2  
   13524  2  
   13524  2  
   13524  2  
   13530  2  
   13530  2  
   13530  2  
   13530  2  
   13535  2  
   13535  2  
   13537  2  
   13537  2  
   13540  3  
   13540  3  
   13540  3  
   13540  3  
   13549  2  
   13549  2  
   13549  2  
   13549  2  
   13550  2  
   13550  2  
   13558  2  
   13558  2  
   13559  2  
   13559  2  
   13559  2  
   13559  2  
   13567  2  
   13567  2  
   13567  2  
   13567  2  
   13568  2  
   13568  2  
   13570  2  
   13570  2  
   13573  2  
   13573  2  
   13575  3  
   13575  3  
   13575  3  
   13575  3  
   13576  2  
   13576  2  
   13578  2  
   13578  2  
   13578  2  
   13578  2  
   13586  3  
   13586  3  
   13586  3  
   13586  3  
   13609  3  
   13609  3  
   13609  3  
   13609  3  
   13611  3  
   13611  3  
   13611  3  
   13611  3  
   13613  3  
   13613  3  
   13613  3  
   13613  3  
   13615  3  
   13615  3  
   13615  3  
   13615  3  
   13616  3  
   13616  3  
   13616  3  
   13616  3  
   13619  3  
   13619  3  
   13619  3  
   13619  3  
   13621  3  
   13621  3  
   13621  3  
   13621  3  
   13627  3  
   13627  3  
   13627  3  
   13627  3  
   13631  3  
   13631  3  
   13631  3  
   13631  3  
   13634  3  
   13634  3  
   13634  3  
   13634  3  
   13637  3  
   13637  3  
   13637  3  
   13637  3  
   13638  3  
   13638  3  
   13638  3  
   13638  3  
   13641  3  
   13641  3  
   13641  3  
   13641  3  
   13643  3  
   13643  3  
   13643  3  
   13643  3  
   13648  3  
   13648  3  
   13648  3  
   13648  3  
   13649  3  
   13649  3  
   13649  3  
   13649  3  
   13651  3  
   13651  3  
   13651  3  
   13651  3  
   13654  3  
   13654  3  
   13654  3  
   13654  3  
   13658  3  
   13658  3  
   13658  3  
   13658  3  
   13659  3  
   13659  3  
   13659  3  
   13659  3  
   13661  3  
   13661  3  
   13661  3  
   13661  3  
   13665  3  
   13665  3  
   13665  3  
   13665  3  
   13668  3  
   13668  3  
   13668  3  
   13668  3  
   13669  3  
   13669  3  
   13669  3  
   13669  3  
   13671  3  
   13671  3  
   13671  3  
   13671  3  
   13674  3  
   13674  3  
   13674  3  
   13674  3  
   13675  3  
   13675  3  
   13675  3  
   13675  3  
   13679  3  
   13679  3  
   13679  3  
   13679  3  
   13681  3  
   13681  3  
   13681  3  
   13681  3  
   13682  3  
   13682  3  
   13682  3  
   13682  3  
   13685  3  
   13685  3  
   13685  3  
   13685  3  
   13687  3  
   13687  3  
   13687  3  
   13687  3  
   13688  3  
   13688  3  
   13688  3  
   13688  3  
   13690  3  
   13690  3  
   13690  3  
   13690  3  
   13691  3  
   13691  3  
   13691  3  
   13691  3  
   13693  3  
   13693  3  
   13693  3  
   13693  3  
   13694  3  
   13694  3  
   13694  3  
   13694  3  
   13695  3  
   13695  3  
   13695  3  
   13695  3  
   13696  3  
   13696  3  
   13696  3  
   13696  3  
   13697  3  
   13697  3  
   13697  3  
   13697  3  
  END_ON_NODES
