  ON_NODES
   1  3  
   1  3  
   2  3  
   2  3  
   3  3  
   3  3  
   8  3  
   8  3  
   9  3  
   9  3  
   14  3  
   14  3  
   15  3  
   15  3  
   18  3  
   18  3  
   19  3  
   19  3  
   25  3  
   25  3  
   26  3  
   26  3  
   30  3  
   30  3  
   31  3  
   31  3  
   39  3  
   39  3  
   40  3  
   40  3  
   49  3  
   49  3  
   50  3  
   50  3  
   65  3  
   65  3  
   66  3  
   66  3  
   127  2  
   127  2  
   128  2  
   128  2  
   130  2  
   130  2  
   131  2  
   131  2  
   132  2  
   132  2  
   133  2  
   133  2  
   135  3  
   135  3  
   136  3  
   136  3  
   137  2  
   137  2  
   140  2  
   140  2  
   142  2  
   142  2  
   144  2  
   144  2  
   146  2  
   146  2  
   147  2  
   147  2  
   148  2  
   148  2  
   149  2  
   149  2  
   154  2  
   154  2  
   158  2  
   158  2  
   162  2  
   162  2  
   166  2  
   166  2  
   169  2  
   169  2  
   173  2  
   173  2  
   180  2  
   180  2  
   182  2  
   182  2  
   190  2  
   190  2  
   197  2  
   197  2  
   205  2  
   205  2  
   208  2  
   208  2  
   219  2  
   219  2  
   223  2  
   223  2  
   234  2  
   234  2  
   240  2  
   240  2  
   249  2  
   249  2  
   257  2  
   257  2  
   270  2  
   270  2  
   278  2  
   278  2  
   293  2  
   293  2  
   296  2  
   296  2  
   313  2  
   313  2  
   323  2  
   323  2  
   338  2  
   338  2  
   347  2  
   347  2  
   356  3  
   356  3  
   357  3  
   357  3  
   362  2  
   362  2  
   376  2  
   376  2  
   394  2  
   394  2  
   402  2  
   402  2  
   424  2  
   424  2  
   439  2  
   439  2  
   459  2  
   459  2  
   471  2  
   471  2  
   496  2  
   496  2  
   506  2  
   506  2  
   534  2  
   534  2  
   546  2  
   546  2  
   572  2  
   572  2  
   593  2  
   593  2  
   615  2  
   615  2  
   631  2  
   631  2  
   667  2  
   667  2  
   685  2  
   685  2  
   692  3  
   692  3  
   693  3  
   693  3  
   715  2  
   715  2  
   732  2  
   732  2  
   764  2  
   764  2  
   779  2  
   779  2  
   818  2  
   818  2  
   838  2  
   838  2  
   876  2  
   876  2  
   897  2  
   897  2  
   931  2  
   931  2  
   962  2  
   962  2  
   994  2  
   994  2  
   1023  2  
   1023  2  
   1060  2  
   1060  2  
   1081  2  
   1081  2  
   1118  3  
   1118  3  
   1119  3  
   1119  3  
   1134  2  
   1134  2  
   1151  2  
   1151  2  
   1208  2  
   1208  2  
   1229  2  
   1229  2  
   1281  2  
   1281  2  
   1308  2  
   1308  2  
   1361  2  
   1361  2  
   1389  2  
   1389  2  
   1435  2  
   1435  2  
   1471  2  
   1471  2  
   1511  2  
   1511  2  
   1556  2  
   1556  2  
   1601  2  
   1601  2  
   1627  3  
   1627  3  
   1628  3  
   1628  3  
   1647  2  
   1647  2  
   1693  2  
   1693  2  
   1734  2  
   1734  2  
   1787  2  
   1787  2  
   1827  2  
   1827  2  
   1885  2  
   1885  2  
   1918  2  
   1918  2  
   1983  2  
   1983  2  
   2012  2  
   2012  2  
   2081  2  
   2081  2  
   2120  2  
   2120  2  
   2192  2  
   2192  2  
   2212  3  
   2212  3  
   2213  3  
   2213  3  
   2225  2  
   2225  2  
   2297  2  
   2297  2  
   2334  2  
   2334  2  
   2408  2  
   2408  2  
   2446  2  
   2446  2  
   2524  2  
   2524  2  
   2557  2  
   2557  2  
   2637  2  
   2637  2  
   2675  2  
   2675  2  
   2758  2  
   2758  2  
   2797  2  
   2797  2  
   2869  3  
   2869  3  
   2870  3  
   2870  3  
   2883  2  
   2883  2  
   2922  2  
   2922  2  
   3007  2  
   3007  2  
   3047  2  
   3047  2  
   3133  2  
   3133  2  
   3174  2  
   3174  2  
   3261  2  
   3261  2  
   3314  2  
   3314  2  
   3401  2  
   3401  2  
   3452  2  
   3452  2  
   3538  2  
   3538  2  
   3595  3  
   3595  3  
   3596  3  
   3596  3  
   3600  2  
   3600  2  
   3676  2  
   3676  2  
   3737  2  
   3737  2  
   3823  2  
   3823  2  
   3878  2  
   3878  2  
   3968  2  
   3968  2  
   4029  2  
   4029  2  
   4121  2  
   4121  2  
   4181  2  
   4181  2  
   4277  2  
   4277  2  
   4336  2  
   4336  2  
   4380  3  
   4380  3  
   4381  3  
   4381  3  
   4429  2  
   4429  2  
   4496  2  
   4496  2  
   4591  2  
   4591  2  
   4655  2  
   4655  2  
   4752  2  
   4752  2  
   4812  2  
   4812  2  
   4918  2  
   4918  2  
   4977  2  
   4977  2  
   5084  2  
   5084  2  
   5143  2  
   5143  2  
   5226  3  
   5226  3  
   5227  3  
   5227  3  
   5258  2  
   5258  2  
   5318  2  
   5318  2  
   5429  2  
   5429  2  
   5498  2  
   5498  2  
   5602  2  
   5602  2  
   5678  2  
   5678  2  
   5781  2  
   5781  2  
   5862  2  
   5862  2  
   5968  2  
   5968  2  
   6039  2  
   6039  2  
   6133  3  
   6133  3  
   6134  3  
   6134  3  
   6150  2  
   6150  2  
   6218  2  
   6218  2  
   6227  1  
   6227  1  
   6228  1  
   6228  1  
   6230  1  
   6230  1  
   6234  1  
   6234  1  
   6235  1  
   6235  1  
   6239  1  
   6239  1  
   6245  1  
   6245  1  
   6256  1  
   6256  1  
   6264  1  
   6264  1  
   6269  1  
   6269  1  
   6281  1  
   6281  1  
   6297  1  
   6297  1  
   6308  1  
   6308  1  
   6319  1  
   6319  1  
   6330  1  
   6330  1  
   6331  2  
   6331  2  
   6344  1  
   6344  1  
   6356  1  
   6356  1  
   6374  1  
   6374  1  
   6393  1  
   6393  1  
   6401  2  
   6401  2  
   6409  1  
   6409  1  
   6421  1  
   6421  1  
   6449  1  
   6449  1  
   6469  1  
   6469  1  
   6495  1  
   6495  1  
   6512  1  
   6512  1  
   6517  2  
   6517  2  
   6536  1  
   6536  1  
   6553  1  
   6553  1  
   6584  2  
   6584  2  
   6586  1  
   6586  1  
   6604  1  
   6604  1  
   6642  1  
   6642  1  
   6671  1  
   6671  1  
   6703  1  
   6703  1  
   6705  2  
   6705  2  
   6722  1  
   6722  1  
   6760  1  
   6760  1  
   6770  2  
   6770  2  
   6790  1  
   6790  1  
   6828  1  
   6828  1  
   6861  1  
   6861  1  
   6894  2  
   6894  2  
   6895  1  
   6895  1  
   6918  1  
   6918  1  
   6969  2  
   6969  2  
   6975  1  
   6975  1  
   7003  1  
   7003  1  
   7051  1  
   7051  1  
   7068  3  
   7068  3  
   7069  3  
   7069  3  
   7081  1  
   7081  1  
   7088  2  
   7088  2  
   7126  1  
   7126  1  
   7171  2  
   7171  2  
   7173  1  
   7173  1  
   7213  1  
   7213  1  
   7252  1  
   7252  1  
   7286  2  
   7286  2  
   7306  1  
   7306  1  
   7353  1  
   7353  1  
   7371  2  
   7371  2  
   7403  1  
   7403  1  
   7440  1  
   7440  1  
   7494  2  
   7494  2  
   7501  1  
   7501  1  
   7543  1  
   7543  1  
   7570  2  
   7570  2  
   7603  1  
   7603  1  
   7643  1  
   7643  1  
   7701  2  
   7701  2  
   7713  1  
   7713  1  
   7749  1  
   7749  1  
   7775  2  
   7775  2  
   7810  1  
   7810  1  
   7858  1  
   7858  1  
   7907  2  
   7907  2  
   7929  1  
   7929  1  
   7974  1  
   7974  1  
   7982  2  
   7982  2  
   8043  1  
   8043  1  
   8084  3  
   8084  3  
   8085  3  
   8085  3  
   8097  1  
   8097  1  
   8118  2  
   8118  2  
   8161  1  
   8161  1  
   8190  2  
   8190  2  
   8218  1  
   8218  1  
   8289  1  
   8289  1  
   8327  2  
   8327  2  
   8347  1  
   8347  1  
   8407  2  
   8407  2  
   8421  1  
   8421  1  
   8473  1  
   8473  1  
   8534  2  
   8534  2  
   8551  1  
   8551  1  
   8603  1  
   8603  1  
   8625  2  
   8625  2  
   8681  1  
   8681  1  
   8734  1  
   8734  1  
   8752  2  
   8752  2  
   8822  1  
   8822  1  
   8838  2  
   8838  2  
   8876  1  
   8876  1  
   8959  1  
   8959  1  
   8973  2  
   8973  2  
   9018  1  
   9018  1  
   9056  2  
   9056  2  
   9107  1  
   9107  1  
   9130  3  
   9130  3  
   9131  3  
   9131  3  
   9168  1  
   9168  1  
   9196  2  
   9196  2  
   9260  1  
   9260  1  
   9276  2  
   9276  2  
   9319  1  
   9319  1  
   9417  1  
   9417  1  
   9422  2  
   9422  2  
   9479  1  
   9479  1  
   9503  2  
   9503  2  
   9576  1  
   9576  1  
   9643  1  
   9643  1  
   9651  2  
   9651  2  
   9725  2  
   9725  2  
   9731  1  
   9731  1  
   9807  1  
   9807  1  
   9880  2  
   9880  2  
   9902  1  
   9902  1  
   9956  2  
   9956  2  
   9970  1  
   9970  1  
   10065  1  
   10065  1  
   10106  2  
   10106  2  
   10136  1  
   10136  1  
   10188  2  
   10188  2  
   10236  3  
   10236  3  
   10237  3  
   10237  3  
   10245  1  
   10245  1  
   10311  1  
   10311  1  
   10341  2  
   10341  2  
   10419  1  
   10419  1  
   10424  2  
   10424  2  
   10497  1  
   10497  1  
   10578  2  
   10578  2  
   10603  1  
   10603  1  
   10660  2  
   10660  2  
   10678  1  
   10678  1  
   10784  1  
   10784  1  
   10821  2  
   10821  2  
   10868  1  
   10868  1  
   10901  2  
   10901  2  
   10974  1  
   10974  1  
   11057  1  
   11057  1  
   11063  2  
   11063  2  
   11141  2  
   11141  2  
   11163  1  
   11163  1  
   11244  1  
   11244  1  
   11305  2  
   11305  2  
   11362  1  
   11362  1  
   11387  3  
   11387  3  
   11388  3  
   11388  3  
   11391  2  
   11391  2  
   11448  1  
   11448  1  
   11552  2  
   11552  2  
   11566  1  
   11566  1  
   11640  2  
   11640  2  
   11644  1  
   11644  1  
   11765  1  
   11765  1  
   11801  2  
   11801  2  
   11853  1  
   11853  1  
   11889  2  
   11889  2  
   11970  1  
   11970  1  
   12048  2  
   12048  2  
   12063  1  
   12063  1  
   12137  2  
   12137  2  
   12183  1  
   12183  1  
   12261  1  
   12261  1  
   12303  2  
   12303  2  
   12388  1  
   12388  1  
   12390  2  
   12390  2  
   12482  1  
   12482  1  
   12559  2  
   12559  2  
   12593  3  
   12593  3  
   12594  3  
   12594  3  
   12610  1  
   12610  1  
   12647  2  
   12647  2  
   12695  1  
   12695  1  
   12813  2  
   12813  2  
   12832  1  
   12832  1  
   12906  2  
   12906  2  
   12920  1  
   12920  1  
   13050  1  
   13050  1  
   13071  2  
   13071  2  
   13140  1  
   13140  1  
   13166  2  
   13166  2  
   13279  1  
   13279  1  
   13328  2  
   13328  2  
   13371  1  
   13371  1  
   13431  2  
   13431  2  
   13508  1  
   13508  1  
   13591  2  
   13591  2  
   13605  1  
   13605  1  
   13693  2  
   13693  2  
   13743  1  
   13743  1  
   13816  3  
   13816  3  
   13817  3  
   13817  3  
   13831  1  
   13831  1  
   13865  2  
   13865  2  
   13962  2  
   13962  2  
   13975  1  
   13975  1  
   14076  1  
   14076  1  
   14132  2  
   14132  2  
   14215  1  
   14215  1  
   14227  2  
   14227  2  
   14319  1  
   14319  1  
   14404  2  
   14404  2  
   14458  1  
   14458  1  
   14491  2  
   14491  2  
   14566  1  
   14566  1  
   14674  2  
   14674  2  
   14702  1  
   14702  1  
   14758  2  
   14758  2  
   14813  1  
   14813  1  
   14941  2  
   14941  2  
   14957  1  
   14957  1  
   15042  2  
   15042  2  
   15059  1  
   15059  1  
   15111  3  
   15111  3  
   15112  3  
   15112  3  
   15208  1  
   15208  1  
   15210  2  
   15210  2  
   15321  1  
   15321  1  
   15322  2  
   15322  2  
   15456  1  
   15456  1  
   15486  2  
   15486  2  
   15574  1  
   15574  1  
   15596  2  
   15596  2  
   15715  1  
   15715  1  
   15776  2  
   15776  2  
   15832  1  
   15832  1  
   15874  2  
   15874  2  
   15982  1  
   15982  1  
   16054  2  
   16054  2  
   16091  1  
   16091  1  
   16150  2  
   16150  2  
   16245  1  
   16245  1  
   16332  2  
   16332  2  
   16356  1  
   16356  1  
   16417  3  
   16417  3  
   16418  3  
   16418  3  
   16427  2  
   16427  2  
   16512  1  
   16512  1  
   16621  2  
   16621  2  
   16627  1  
   16627  1  
   16717  2  
   16717  2  
   16789  1  
   16789  1  
   16897  1  
   16897  1  
   16902  2  
   16902  2  
   17006  2  
   17006  2  
   17064  1  
   17064  1  
   17162  1  
   17162  1  
   17184  2  
   17184  2  
   17290  2  
   17290  2  
   17338  1  
   17338  1  
   17437  1  
   17437  1  
   17473  2  
   17473  2  
   17581  2  
   17581  2  
   17604  1  
   17604  1  
   17719  1  
   17719  1  
   17765  2  
   17765  2  
   17773  3  
   17773  3  
   17774  3  
   17774  3  
   17873  2  
   17873  2  
   17881  1  
   17881  1  
   18008  1  
   18008  1  
   18058  2  
   18058  2  
   18161  2  
   18161  2  
   18164  1  
   18164  1  
   18293  1  
   18293  1  
   18349  2  
   18349  2  
   18449  1  
   18449  1  
   18454  2  
   18454  2  
   18577  1  
   18577  1  
   18645  2  
   18645  2  
   18739  1  
   18739  1  
   18753  2  
   18753  2  
   18861  1  
   18861  1  
   18932  2  
   18932  2  
   19027  1  
   19027  1  
   19048  2  
   19048  2  
   19147  3  
   19147  3  
   19148  3  
   19148  3  
   19150  1  
   19150  1  
   19224  2  
   19224  2  
   19322  1  
   19322  1  
   19347  2  
   19347  2  
   19437  1  
   19437  1  
   19531  2  
   19531  2  
   19612  1  
   19612  1  
   19643  2  
   19643  2  
   19724  1  
   19724  1  
   19831  2  
   19831  2  
   19908  1  
   19908  1  
   19945  2  
   19945  2  
   20026  1  
   20026  1  
   20131  2  
   20131  2  
   20201  1  
   20201  1  
   20242  2  
   20242  2  
   20327  1  
   20327  1  
   20434  2  
   20434  2  
   20496  1  
   20496  1  
   20541  2  
   20541  2  
   20544  3  
   20544  3  
   20545  3  
   20545  3  
   20629  1  
   20629  1  
   20734  2  
   20734  2  
   20796  1  
   20796  1  
   20852  2  
   20852  2  
   20938  1  
   20938  1  
   21035  2  
   21035  2  
   21103  1  
   21103  1  
   21158  2  
   21158  2  
   21237  1  
   21237  1  
   21335  2  
   21335  2  
   21415  1  
   21415  1  
   21461  2  
   21461  2  
   21542  1  
   21542  1  
   21645  2  
   21645  2  
   21721  1  
   21721  1  
   21768  2  
   21768  2  
   21846  1  
   21846  1  
   21959  2  
   21959  2  
   21973  3  
   21973  3  
   21974  3  
   21974  3  
   22032  1  
   22032  1  
   22077  2  
   22077  2  
   22164  1  
   22164  1  
   22272  2  
   22272  2  
   22348  1  
   22348  1  
   22384  2  
   22384  2  
   22484  1  
   22484  1  
   22582  2  
   22582  2  
   22662  1  
   22662  1  
   22696  2  
   22696  2  
   22802  1  
   22802  1  
   22896  2  
   22896  2  
   22975  1  
   22975  1  
   23011  2  
   23011  2  
   23116  1  
   23116  1  
   23206  2  
   23206  2  
   23300  1  
   23300  1  
   23327  2  
   23327  2  
   23441  1  
   23441  1  
   23442  3  
   23442  3  
   23443  3  
   23443  3  
   23527  2  
   23527  2  
   23629  1  
   23629  1  
   23646  2  
   23646  2  
   23762  1  
   23762  1  
   23840  2  
   23840  2  
   23948  1  
   23948  1  
   23955  2  
   23955  2  
   24075  1  
   24075  1  
   24156  2  
   24156  2  
   24270  1  
   24270  1  
   24272  2  
   24272  2  
   24406  1  
   24406  1  
   24475  2  
   24475  2  
   24587  2  
   24587  2  
   24593  1  
   24593  1  
   24731  1  
   24731  1  
   24787  2  
   24787  2  
   24907  2  
   24907  2  
   24912  3  
   24912  3  
   24913  3  
   24913  3  
   24918  1  
   24918  1  
   25060  1  
   25060  1  
   25109  2  
   25109  2  
   25221  2  
   25221  2  
   25243  1  
   25243  1  
   25382  1  
   25382  1  
   25419  2  
   25419  2  
   25548  2  
   25548  2  
   25578  1  
   25578  1  
   25715  1  
   25715  1  
   25739  2  
   25739  2  
   25867  2  
   25867  2  
   25905  1  
   25905  1  
   26038  1  
   26038  1  
   26060  2  
   26060  2  
   26190  2  
   26190  2  
   26240  1  
   26240  1  
   26369  1  
   26369  1  
   26388  2  
   26388  2  
   26415  3  
   26415  3  
   26416  3  
   26416  3  
   26519  2  
   26519  2  
   26575  1  
   26575  1  
   26718  1  
   26718  1  
   26723  2  
   26723  2  
   26838  2  
   26838  2  
   26905  1  
   26905  1  
   27046  2  
   27046  2  
   27055  1  
   27055  1  
   27159  2  
   27159  2  
   27234  1  
   27234  1  
   27367  2  
   27367  2  
   27392  1  
   27392  1  
   27479  2  
   27479  2  
   27578  1  
   27578  1  
   27688  2  
   27688  2  
   27720  1  
   27720  1  
   27804  2  
   27804  2  
   27921  1  
   27921  1  
   27932  3  
   27932  3  
   27933  3  
   27933  3  
   28015  2  
   28015  2  
   28058  1  
   28058  1  
   28132  2  
   28132  2  
   28254  1  
   28254  1  
   28333  2  
   28333  2  
   28385  1  
   28385  1  
   28461  2  
   28461  2  
   28595  1  
   28595  1  
   28656  2  
   28656  2  
   28729  1  
   28729  1  
   28785  2  
   28785  2  
   28925  1  
   28925  1  
   28977  2  
   28977  2  
   29073  1  
   29073  1  
   29109  2  
   29109  2  
   29260  1  
   29260  1  
   29305  2  
   29305  2  
   29414  1  
   29414  1  
   29437  2  
   29437  2  
   29442  3  
   29442  3  
   29443  3  
   29443  3  
   29605  1  
   29605  1  
   29645  2  
   29645  2  
   29752  1  
   29752  1  
   29766  2  
   29766  2  
   29952  1  
   29952  1  
   29976  2  
   29976  2  
   30091  1  
   30091  1  
   30092  2  
   30092  2  
   30298  1  
   30298  1  
   30301  2  
   30301  2  
   30421  2  
   30421  2  
   30432  1  
   30432  1  
   30628  2  
   30628  2  
   30636  1  
   30636  1  
   30746  2  
   30746  2  
   30773  1  
   30773  1  
   30960  2  
   30960  2  
   30978  3  
   30978  3  
   30979  3  
   30979  3  
   30981  1  
   30981  1  
   31074  2  
   31074  2  
   31128  1  
   31128  1  
   31286  2  
   31286  2  
   31329  1  
   31329  1  
   31413  2  
   31413  2  
   31471  1  
   31471  1  
   31613  2  
   31613  2  
   31670  1  
   31670  1  
   31748  2  
   31748  2  
   31812  1  
   31812  1  
   31943  2  
   31943  2  
   32011  1  
   32011  1  
   32071  2  
   32071  2  
   32151  1  
   32151  1  
   32268  2  
   32268  2  
   32361  1  
   32361  1  
   32401  2  
   32401  2  
   32493  1  
   32493  1  
   32519  3  
   32519  3  
   32520  3  
   32520  3  
   32595  2  
   32595  2  
   32706  1  
   32706  1  
   32729  2  
   32729  2  
   32844  1  
   32844  1  
   32935  2  
   32935  2  
   33053  1  
   33053  1  
   33068  2  
   33068  2  
   33189  1  
   33189  1  
   33268  2  
   33268  2  
   33396  2  
   33396  2  
   33399  1  
   33399  1  
   33531  1  
   33531  1  
   33605  2  
   33605  2  
   33730  2  
   33730  2  
   33749  1  
   33749  1  
   33919  1  
   33919  1  
   33990  2  
   33990  2  
   34188  2  
   34188  2  
   34238  3  
   34238  3  
   34239  3  
   34239  3  
   34264  1  
   34264  1  
   34428  5  
   34429  5  
   34430  5  
   34431  5  
   34432  5  
   34433  5  
   34435  5  
   34437  5  
   34438  5  
   34439  5  
   34440  5  
   34441  5  
   34442  5  
   34443  5  
   34444  5  
   34445  5  
   34446  5  
   34447  5  
   34449  5  
   34450  5  
   34451  5  
   34452  5  
   34453  5  
   34454  5  
   34455  5  
   34456  5  
   34458  5  
   34459  5  
   34460  5  
   34461  5  
   34462  5  
   34463  5  
   34465  5  
   34466  5  
   34467  5  
   34468  5  
   34469  5  
   34470  5  
   34471  5  
   34473  5  
   34474  5  
   34475  5  
   34477  5  
   34478  5  
   34480  5  
   34481  5  
   34483  5  
   34485  5  
   34486  5  
   34487  5  
   34489  5  
   34491  5  
   34494  5  
   34495  5  
   34496  5  
   34497  5  
   34499  5  
   34500  5  
   34501  5  
   34502  5  
   34503  5  
   34504  5  
   34505  5  
   34507  5  
   34509  5  
   34511  5  
   34513  5  
   34514  5  
   34517  5  
   34518  5  
   34519  5  
   34519  5  
   34521  5  
   34522  5  
   34523  5  
   34526  5  
   34528  5  
   34530  5  
   34533  5  
   34535  5  
   34537  5  
   34539  5  
   34542  5  
   34544  5  
   34546  5  
   34549  5  
   34550  5  
   34552  5  
   34555  5  
   34557  5  
   34558  5  
   34560  5  
   34562  5  
   34566  5  
   34570  5  
   34575  5  
   34581  5  
   34583  5  
   34588  5  
   34590  5  
   34593  5  
   34596  5  
   34599  5  
   34603  5  
   34605  5  
   34606  5  
   34609  5  
   34612  5  
   34622  5  
   34646  5  
   34662  5  
   34672  5  
   34681  5  
   34691  5  
   34700  5  
   34708  5  
   34709  5  
   34714  5  
   34719  5  
   34724  5  
   34728  5  
   34734  5  
   34741  5  
   34746  5  
   34753  5  
   34759  5  
   34765  5  
   34771  5  
   34780  5  
   34785  5  
   34789  5  
   34794  5  
   34801  5  
   34804  5  
   34811  5  
   34819  5  
   34827  5  
   34834  5  
   34840  5  
   34849  5  
   34865  5  
   34887  5  
   34900  5  
   34909  5  
   34913  5  
   34920  5  
   34933  5  
   34940  5  
   34948  5  
   34959  5  
   34970  5  
   34973  5  
   34981  5  
   34987  5  
   34994  5  
   35001  5  
   35010  5  
   35020  5  
   35027  5  
   35034  5  
   35041  5  
   35054  5  
   35064  5  
   35079  5  
   35091  5  
   35108  5  
   35109  5  
   35122  5  
   35135  5  
   35145  5  
   35156  5  
   35163  5  
   35171  5  
   35177  5  
   35182  5  
   35195  5  
   35205  5  
   35214  5  
   35219  1  
   35219  1  
   35225  5  
   35229  5  
   35238  5  
   35250  5  
   35258  5  
   35271  5  
   35283  5  
   35288  5  
   35308  5  
   35324  5  
   35338  5  
   35352  5  
   35362  5  
   35374  5  
   35388  5  
   35399  5  
   35414  5  
   35420  5  
   35429  5  
   35435  2  
   35435  2  
   35440  5  
   35448  5  
   35462  5  
   35469  5  
   35490  5  
   35495  5  
   35504  5  
   35517  5  
   35532  5  
   35548  5  
   35566  5  
   35587  5  
   35606  5  
   35622  5  
   35633  5  
   35648  5  
   35658  5  
   35675  5  
   35687  5  
   35696  5  
   35704  5  
   35705  5  
   35723  5  
   35737  5  
   35751  5  
   35770  5  
   35788  5  
   35803  5  
   35822  5  
   35839  5  
   35858  5  
   35868  5  
   35887  5  
   35905  5  
   35919  5  
   35932  5  
   35939  5  
   35950  5  
   35970  5  
   35989  5  
   36006  5  
   36021  5  
   36042  5  
   36060  5  
   36079  5  
   36100  5  
   36115  5  
   36130  5  
   36147  5  
   36155  5  
   36169  5  
   36191  5  
   36213  5  
   36232  5  
   36247  5  
   36268  5  
   36289  5  
   36305  5  
   36327  5  
   36346  5  
   36366  5  
   36390  5  
   36393  5  
   36408  2  
   36408  2  
   36410  5  
   36410  5  
   36628  4  
   36628  4  
   36637  5  
   36647  4  
   36650  5  
   36665  4  
   36685  4  
   36709  4  
   36731  4  
   36756  4  
   36777  4  
   36796  4  
   36799  1  
   36799  1  
   36828  4  
   36851  4  
   36863  4  
   36873  4  
   36878  5  
   36893  5  
   36897  4  
   36921  4  
   36947  4  
   36967  4  
   36992  4  
   37017  4  
   37040  4  
   37063  4  
   37097  4  
   37122  4  
   37123  4  
   37138  5  
   37149  4  
   37153  5  
   37169  4  
   37198  4  
   37227  4  
   37249  4  
   37283  4  
   37308  4  
   37329  4  
   37361  4  
   37387  4  
   37389  4  
   37404  5  
   37418  5  
   37422  4  
   37446  4  
   37474  4  
   37500  4  
   37535  4  
   37562  4  
   37581  4  
   37611  4  
   37642  4  
   37652  4  
   37673  5  
   37678  4  
   37686  5  
   37704  4  
   37733  4  
   37767  4  
   37795  4  
   37823  4  
   37859  4  
   37881  4  
   37903  4  
   37916  4  
   37935  4  
   37937  5  
   37946  5  
   37968  4  
   38001  4  
   38030  4  
   38065  4  
   38107  4  
   38133  4  
   38157  1  
   38157  1  
   38160  4  
   38194  4  
   38208  4  
   38226  5  
   38228  4  
   38239  5  
   38254  4  
   38282  4  
   38309  2  
   38309  2  
   38320  4  
   38358  4  
   38391  4  
   38429  4  
   38456  4  
   38489  4  
   38490  4  
   38509  5  
   38521  5  
   38523  4  
   38552  4  
   38586  4  
   38620  4  
   38667  4  
   38698  4  
   38735  4  
   38770  4  
   38781  4  
   38804  5  
   38807  4  
   38818  5  
   38841  4  
   38874  4  
   38909  4  
   38949  4  
   38988  4  
   39023  4  
   39057  4  
   39074  4  
   39092  4  
   39094  5  
   39104  5  
   39128  4  
   39173  4  
   39197  4  
   39247  4  
   39287  4  
   39325  4  
   39358  4  
   39375  4  
   39400  4  
   39401  5  
   39409  5  
   39437  4  
   39474  4  
   39518  4  
   39561  4  
   39598  4  
   39619  2  
   39619  2  
   39641  4  
   39676  4  
   39680  4  
   39707  5  
   39717  5  
   39719  4  
   39758  4  
   39796  4  
   39836  4  
   39881  4  
   39930  4  
   39963  4  
   39992  4  
   40002  4  
   40020  5  
   40031  5  
   40046  4  
   40097  4  
   40137  4  
   40185  4  
   40230  4  
   40270  4  
   40303  1  
   40303  1  
   40318  4  
   40324  4  
   40347  5  
   40353  5  
   40358  4  
   40405  4  
   40444  4  
   40488  4  
   40541  4  
   40588  4  
   40625  4  
   40643  4  
   40673  4  
   40674  5  
   40680  5  
   40714  4  
   40764  4  
   40813  4  
   40858  4  
   40906  4  
   40958  4  
   40979  4  
   41005  4  
   41009  5  
   41014  5  
   41041  4  
   41093  4  
   41139  4  
   41193  4  
   41232  4  
   41285  4  
   41304  4  
   41337  4  
   41343  5  
   41346  5  
   41386  4  
   41427  4  
   41489  4  
   41536  4  
   41589  4  
   41641  4  
   41650  4  
   41685  5  
   41687  5  
   41688  4  
   41738  4  
   41785  4  
   41827  4  
   41881  4  
   41929  4  
   41985  4  
   41989  4  
   41992  1  
   41992  1  
   42008  2  
   42008  2  
   42026  5  
   42031  5  
   42047  4  
   42087  4  
   42143  4  
   42195  4  
   42243  4  
   42304  4  
   42325  4  
   42351  4  
   42366  5  
   42367  5  
   42412  4  
   42461  4  
   42504  4  
   42564  4  
   42627  4  
   42672  4  
   42673  4  
   42717  5  
   42720  5  
   42734  4  
   42787  4  
   42839  4  
   42896  4  
   42962  4  
   43007  4  
   43033  4  
   43063  4  
   43069  5  
   43073  5  
   43120  4  
   43174  4  
   43221  4  
   43291  4  
   43346  4  
   43390  4  
   43409  4  
   43432  5  
   43436  5  
   43473  4  
   43521  4  
   43540  2  
   43540  2  
   43575  4  
   43640  4  
   43698  4  
   43741  4  
   43753  4  
   43793  5  
   43801  5  
   43818  4  
   43884  4  
   43939  4  
   44009  4  
   44078  4  
   44121  4  
   44130  4  
   44171  5  
   44178  5  
   44187  4  
   44255  4  
   44323  4  
   44382  4  
   44438  4  
   44498  4  
   44502  4  
   44546  5  
   44551  1  
   44551  1  
   44560  5  
   44574  4  
   44633  4  
   44694  4  
   44752  4  
   44820  4  
   44866  4  
   44878  4  
   44924  5  
   44933  5  
   44958  4  
   45019  4  
   45075  4  
   45142  4  
   45199  4  
   45256  4  
   45272  4  
   45295  5  
   45310  5  
   45336  4  
   45408  4  
   45472  4  
   45531  4  
   45604  4  
   45634  4  
   45666  4  
   45675  5  
   45699  5  
   45750  4  
   45810  4  
   45880  4  
   45951  4  
   46016  4  
   46032  4  
   46069  5  
   46084  4  
   46088  5  
   46149  4  
   46223  4  
   46295  4  
   46301  2  
   46301  2  
   46362  4  
   46420  4  
   46435  4  
   46459  5  
   46474  5  
   46485  1  
   46485  1  
   46507  4  
   46571  4  
   46642  4  
   46722  4  
   46786  4  
   46809  4  
   46856  5  
   46857  4  
   46880  5  
   46931  4  
   47005  4  
   47085  4  
   47151  4  
   47213  4  
   47227  4  
   47258  5  
   47277  5  
   47301  4  
   47369  4  
   47441  4  
   47521  4  
   47602  4  
   47612  4  
   47663  5  
   47671  4  
   47683  5  
   47741  4  
   47829  4  
   47895  4  
   47968  4  
   48019  4  
   48045  4  
   48046  2  
   48046  2  
   48062  5  
   48082  5  
   48125  4  
   48197  4  
   48269  4  
   48353  4  
   48416  4  
   48425  4  
   48470  5  
   48489  5  
   48501  4  
   48501  4  
   48822  4  
   48859  5  
   48883  5  
   48885  4  
   49214  4  
   49252  5  
   49270  4  
   49277  5  
   49313  1  
   49313  1  
   49608  4  
   49662  5  
   49680  4  
   49693  5  
   50024  4  
   50089  5  
   50096  4  
   50121  5  
   50400  5  
   50401  5  
   50402  5  
   50403  5  
   50404  5  
   50406  5  
   50407  5  
   50408  5  
   50409  5  
   50411  5  
   50412  5  
   50413  5  
   50414  5  
   50415  5  
   50416  5  
   50418  5  
   50420  5  
   50423  5  
   50424  5  
   50426  5  
   50427  5  
   50428  5  
   50432  5  
   50433  5  
   50434  5  
   50435  5  
   50437  5  
   50438  5  
   50441  5  
   50444  5  
   50445  5  
   50446  5  
   50447  4  
   50450  5  
   50452  5  
   50454  5  
   50455  5  
   50458  5  
   50459  5  
   50460  5  
   50462  5  
   50466  5  
   50468  5  
   50472  5  
   50475  5  
   50478  5  
   50479  5  
   50483  5  
   50485  5  
   50490  5  
   50491  5  
   50492  5  
   50494  5  
   50498  5  
   50501  5  
   50505  5  
   50506  5  
   50508  5  
   50509  5  
   50515  5  
   50516  5  
   50517  5  
   50520  4  
   50521  5  
   50523  5  
   50526  5  
   50529  5  
   50533  5  
   50534  5  
   50537  5  
   50538  5  
   50544  5  
   50546  5  
   50550  5  
   50550  5  
   50551  5  
   50555  5  
   50564  5  
   50571  5  
   50576  5  
   50580  5  
   50584  5  
   50592  5  
   50600  5  
   50606  5  
   50615  5  
   50620  5  
   50631  5  
   50642  5  
   50655  5  
   50661  5  
   50668  5  
   50679  5  
   50685  5  
   50693  5  
   50702  5  
   50711  5  
   50722  5  
   50729  5  
   50735  5  
   50747  5  
   50751  5  
   50758  5  
   50764  5  
   50775  5  
   50787  5  
   50797  5  
   50806  5  
   50819  5  
   50832  5  
   50854  5  
   50867  5  
   50889  4  
   50892  5  
   50907  5  
   50925  5  
   50937  5  
   50951  4  
   50955  5  
   50957  5  
   50967  5  
   50986  5  
   51000  5  
   51015  5  
   51032  5  
   51047  5  
   51049  2  
   51049  2  
   51058  5  
   51067  5  
   51082  5  
   51093  5  
   51108  5  
   51125  5  
   51135  5  
   51150  5  
   51167  5  
   51178  5  
   51192  5  
   51208  5  
   51221  5  
   51232  5  
   51247  5  
   51257  5  
   51271  5  
   51283  5  
   51297  4  
   51304  5  
   51316  5  
   51325  5  
   51328  4  
   51330  5  
   51335  5  
   51353  5  
   51369  5  
   51388  5  
   51408  5  
   51413  1  
   51413  1  
   51423  5  
   51445  5  
   51465  5  
   51486  5  
   51502  5  
   51518  5  
   51540  5  
   51554  5  
   51569  5  
   51582  3  
   51582  3  
   51583  3  
   51583  3  
   51588  5  
   51611  5  
   51628  5  
   51646  5  
   51666  5  
   51685  5  
   51687  4  
   51702  5  
   51713  4  
   51715  5  
   51722  5  
   51727  5  
   51744  5  
   51758  5  
   51772  5  
   51785  5  
   51808  5  
   51825  5  
   51845  5  
   51869  5  
   51887  5  
   51902  5  
   51920  5  
   51934  5  
   51947  5  
   51965  5  
   51982  5  
   52000  4  
   52004  5  
   52021  5  
   52024  4  
   52038  5  
   52042  5  
   52064  5  
   52085  5  
   52102  5  
   52114  5  
   52133  5  
   52154  5  
   52167  5  
   52189  5  
   52208  5  
   52238  5  
   52270  5  
   52288  5  
   52312  5  
   52332  5  
   52342  4  
   52354  5  
   52371  4  
   52377  5  
   52389  5  
   52392  5  
   52411  5  
   52435  5  
   52455  5  
   52486  5  
   52507  5  
   52530  5  
   52547  5  
   52562  2  
   52562  2  
   52564  5  
   52583  5  
   52601  5  
   52623  5  
   52645  5  
   52660  4  
   52673  5  
   52683  4  
   52692  5  
   52700  5  
   52711  5  
   52732  5  
   52749  5  
   52768  5  
   52784  5  
   52807  5  
   52833  5  
   52863  5  
   52881  5  
   52897  5  
   52910  5  
   52926  5  
   52937  4  
   52947  4  
   52951  5  
   52970  5  
   52975  5  
   52997  5  
   53025  5  
   53046  5  
   53066  5  
   53090  5  
   53106  5  
   53123  5  
   53150  5  
   53170  5  
   53203  5  
   53224  5  
   53235  4  
   53241  4  
   53251  5  
   53262  5  
   53263  5  
   53281  5  
   53302  5  
   53323  5  
   53353  5  
   53379  5  
   53401  5  
   53426  5  
   53443  5  
   53460  5  
   53476  5  
   53490  4  
   53492  4  
   53503  5  
   53531  5  
   53531  5  
   53599  1  
   53599  1  
   53751  4  
   53753  4  
   53753  4  
   53767  4  
   53783  4  
   53809  4  
   53836  4  
   53858  4  
   53874  4  
   53891  4  
   53916  4  
   53937  4  
   53957  4  
   53978  4  
   53982  4  
   54006  4  
   54025  4  
   54049  4  
   54065  4  
   54092  4  
   54118  4  
   54143  4  
   54159  4  
   54182  4  
   54206  4  
   54208  4  
   54220  4  
   54239  4  
   54264  4  
   54285  4  
   54311  4  
   54332  4  
   54352  4  
   54388  4  
   54417  4  
   54426  2  
   54426  2  
   54436  4  
   54438  4  
   54457  4  
   54485  4  
   54504  4  
   54524  4  
   54553  4  
   54579  4  
   54599  4  
   54614  4  
   54635  4  
   54643  4  
   54660  4  
   54687  4  
   54702  4  
   54725  4  
   54749  1  
   54749  1  
   54750  4  
   54771  4  
   54791  4  
   54819  4  
   54842  4  
   54858  4  
   54863  4  
   54884  4  
   54905  4  
   54933  4  
   54953  4  
   54972  4  
   54996  4  
   55019  4  
   55045  4  
   55058  4  
   55072  4  
   55092  4  
   55106  4  
   55139  4  
   55160  4  
   55188  4  
   55206  4  
   55227  4  
   55251  4  
   55262  4  
   55275  4  
   55291  4  
   55315  4  
   55330  2  
   55330  2  
   55345  4  
   55362  4  
   55382  4  
   55408  4  
   55437  4  
   55447  4  
   55456  4  
   55477  4  
   55494  4  
   55514  4  
   55543  4  
   55562  4  
   55581  4  
   55602  4  
   55620  4  
   55626  4  
   55649  4  
   55670  4  
   55693  4  
   55719  4  
   55747  4  
   55768  4  
   55786  4  
   55805  4  
   55808  4  
   55832  4  
   55856  4  
   55875  4  
   55896  4  
   55918  4  
   55943  4  
   55969  4  
   55979  4  
   55986  4  
   56005  4  
   56028  4  
   56052  4  
   56074  4  
   56081  1  
   56081  1  
   56093  4  
   56119  4  
   56143  4  
   56147  4  
   56158  4  
   56176  4  
   56193  4  
   56212  4  
   56234  4  
   56252  4  
   56270  4  
   56285  4  
   56298  4  
   56319  4  
   56338  4  
   56356  4  
   56381  4  
   56401  4  
   56421  4  
   56438  4  
   56443  4  
   56464  4  
   56478  4  
   56498  4  
   56516  4  
   56529  2  
   56529  2  
   56533  4  
   56548  4  
   56568  4  
   56569  4  
   56590  4  
   56610  4  
   56631  4  
   56653  4  
   56673  4  
   56690  4  
   56706  4  
   56707  4  
   56725  4  
   56750  4  
   56766  4  
   56783  4  
   56803  1  
   56803  1  
   56804  4  
   56829  4  
   56844  4  
   56847  4  
   56865  4  
   56883  4  
   56901  4  
   56921  4  
   56939  4  
   56959  4  
   56970  4  
   56979  4  
   56994  4  
   57015  4  
   57035  4  
   57059  4  
   57074  4  
   57091  4  
   57095  4  
   57107  2  
   57107  2  
   57109  4  
   57129  4  
   57157  4  
   57173  4  
   57191  4  
   57207  4  
   57223  4  
   57226  4  
   57240  4  
   57255  4  
   57268  4  
   57288  4  
   57309  4  
   57326  4  
   57329  4  
   57345  4  
   57360  4  
   57374  4  
   57391  4  
   57408  4  
   57424  4  
   57432  4  
   57437  4  
   57458  4  
   57474  4  
   57488  4  
   57505  4  
   57520  4  
   57536  4  
   57543  4  
   57555  4  
   57569  4  
   57584  4  
   57602  4  
   57615  1  
   57615  1  
   57618  4  
   57631  4  
   57636  4  
   57648  4  
   57659  4  
   57678  4  
   57696  4  
   57707  4  
   57719  4  
   57725  4  
   57738  4  
   57749  4  
   57761  4  
   57779  4  
   57791  4  
   57803  4  
   57809  4  
   57826  4  
   57836  4  
   57838  2  
   57838  2  
   57850  4  
   57864  4  
   57874  4  
   57886  4  
   57889  4  
   57900  4  
   57913  4  
   57923  4  
   57938  4  
   57958  4  
   57961  4  
   57970  4  
   57988  4  
   58001  4  
   58013  4  
   58025  4  
   58034  1  
   58034  1  
   58037  4  
   58039  4  
   58054  4  
   58067  4  
   58081  4  
   58097  4  
   58104  4  
   58112  4  
   58117  4  
   58131  4  
   58144  4  
   58153  4  
   58168  4  
   58170  2  
   58170  2  
   58180  4  
   58189  4  
   58196  4  
   58208  4  
   58221  4  
   58232  4  
   58242  4  
   58253  4  
   58256  4  
   58270  4  
   58279  4  
   58294  4  
   58298  4  
   58305  4  
   58308  4  
   58316  4  
   58324  4  
   58336  4  
   58346  4  
   58354  4  
   58360  4  
   58364  4  
   58370  4  
   58382  4  
   58388  4  
   58401  4  
   58408  4  
   58408  4  
   58446  1  
   58446  1  
   58510  2  
   58510  2  
   58620  1  
   58620  1  
   58669  2  
   58669  2  
   58815  3  
   58815  3  
   58816  3  
   58816  3  
   58827  1  
   58827  1  
   58870  2  
   58870  2  
   58987  1  
   58987  1  
   59014  2  
   59014  2  
   59170  1  
   59170  1  
   59208  2  
   59208  2  
   59330  1  
   59330  1  
   59340  2  
   59340  2  
   59523  1  
   59523  1  
   59539  2  
   59539  2  
   59670  2  
   59670  2  
   59672  1  
   59672  1  
   59874  1  
   59874  1  
   59879  2  
   59879  2  
   60005  2  
   60005  2  
   60018  1  
   60018  1  
   60210  2  
   60210  2  
   60222  1  
   60222  1  
   60338  2  
   60338  2  
   60359  1  
   60359  1  
   60382  3  
   60382  3  
   60383  3  
   60383  3  
   60546  2  
   60546  2  
   60569  1  
   60569  1  
   60668  2  
   60668  2  
   60709  1  
   60709  1  
   60880  2  
   60880  2  
   60915  1  
   60915  1  
   60998  2  
   60998  2  
   61048  1  
   61048  1  
   61214  2  
   61214  2  
   61257  1  
   61257  1  
   61323  2  
   61323  2  
   61395  1  
   61395  1  
   61541  2  
   61541  2  
   61602  1  
   61602  1  
   61659  2  
   61659  2  
   61743  1  
   61743  1  
   61868  2  
   61868  2  
   61949  1  
   61949  1  
   61958  3  
   61958  3  
   61959  3  
   61959  3  
   61993  2  
   61993  2  
   62089  1  
   62089  1  
   62205  2  
   62205  2  
   62286  1  
   62286  1  
   62324  2  
   62324  2  
   62431  1  
   62431  1  
   62539  2  
   62539  2  
   62625  1  
   62625  1  
   62654  2  
   62654  2  
   62774  1  
   62774  1  
   62867  2  
   62867  2  
   62962  1  
   62962  1  
   62979  2  
   62979  2  
   63117  1  
   63117  1  
   63189  2  
   63189  2  
   63301  1  
   63301  1  
   63315  2  
   63315  2  
   63456  1  
   63456  1  
   63522  3  
   63522  3  
   63523  3  
   63523  3  
   63525  2  
   63525  2  
   63647  2  
   63647  2  
   63650  1  
   63650  1  
   63802  1  
   63802  1  
   63857  2  
   63857  2  
   63978  2  
   63978  2  
   63993  1  
   63993  1  
   64134  1  
   64134  1  
   64182  2  
   64182  2  
   64303  2  
   64303  2  
   64333  1  
   64333  1  
   64472  1  
   64472  1  
   64508  2  
   64508  2  
   64629  2  
   64629  2  
   64664  1  
   64664  1  
   64809  1  
   64809  1  
   64843  2  
   64843  2  
   64964  2  
   64964  2  
   65003  1  
   65003  1  
   65093  3  
   65093  3  
   65094  3  
   65094  3  
   65149  1  
   65149  1  
   65169  2  
   65169  2  
   65295  2  
   65295  2  
   65344  1  
   65344  1  
   65482  1  
   65482  1  
   65498  2  
   65498  2  
   65618  2  
   65618  2  
   65688  1  
   65688  1  
   65815  1  
   65815  1  
   65831  2  
   65831  2  
   65952  2  
   65952  2  
   66018  1  
   66018  1  
   66149  1  
   66149  1  
   66158  2  
   66158  2  
   66276  2  
   66276  2  
   66354  1  
   66354  1  
   66485  1  
   66485  1  
   66489  2  
   66489  2  
   66611  2  
   66611  2  
   66664  3  
   66664  3  
   66665  3  
   66665  3  
   66692  1  
   66692  1  
   66823  2  
   66823  2  
   66828  1  
   66828  1  
   66933  2  
   66933  2  
   67020  1  
   67020  1  
   67144  2  
   67144  2  
   67155  1  
   67155  1  
   67259  2  
   67259  2  
   67349  1  
   67349  1  
   67467  2  
   67467  2  
   67478  1  
   67478  1  
   67590  2  
   67590  2  
   67670  1  
   67670  1  
   67788  2  
   67788  2  
   67804  1  
   67804  1  
   67907  2  
   67907  2  
   67996  1  
   67996  1  
   68117  2  
   68117  2  
   68136  1  
   68136  1  
   68197  3  
   68197  3  
   68198  3  
   68198  3  
   68240  2  
   68240  2  
   68332  1  
   68332  1  
   68436  2  
   68436  2  
   68459  1  
   68459  1  
   68564  2  
   68564  2  
   68652  1  
   68652  1  
   68763  2  
   68763  2  
   68784  1  
   68784  1  
   68888  2  
   68888  2  
   68977  1  
   68977  1  
   69081  2  
   69081  2  
   69106  1  
   69106  1  
   69195  2  
   69195  2  
   69299  1  
   69299  1  
   69405  2  
   69405  2  
   69433  1  
   69433  1  
   69517  2  
   69517  2  
   69625  1  
   69625  1  
   69724  2  
   69724  2  
   69752  1  
   69752  1  
   69756  3  
   69756  3  
   69757  3  
   69757  3  
   69845  2  
   69845  2  
   69941  1  
   69941  1  
   70050  2  
   70050  2  
   70072  1  
   70072  1  
   70160  2  
   70160  2  
   70258  1  
   70258  1  
   70367  2  
   70367  2  
   70392  1  
   70392  1  
   70481  2  
   70481  2  
   70578  1  
   70578  1  
   70685  2  
   70685  2  
   70703  1  
   70703  1  
   70798  2  
   70798  2  
   70888  1  
   70888  1  
   71002  2  
   71002  2  
   71022  1  
   71022  1  
   71119  2  
   71119  2  
   71205  1  
   71205  1  
   71294  3  
   71294  3  
   71295  3  
   71295  3  
   71319  2  
   71319  2  
   71338  1  
   71338  1  
   71432  2  
   71432  2  
   71514  1  
   71514  1  
   71635  2  
   71635  2  
   71642  1  
   71642  1  
   71751  2  
   71751  2  
   71816  1  
   71816  1  
   71949  2  
   71949  2  
   71955  1  
   71955  1  
   72063  2  
   72063  2  
   72124  1  
   72124  1  
   72254  1  
   72254  1  
   72259  2  
   72259  2  
   72375  2  
   72375  2  
   72433  1  
   72433  1  
   72559  1  
   72559  1  
   72567  2  
   72567  2  
   72690  2  
   72690  2  
   72738  1  
   72738  1  
   72806  3  
   72806  3  
   72807  3  
   72807  3  
   72872  1  
   72872  1  
   72889  2  
   72889  2  
   73002  2  
   73002  2  
   73049  1  
   73049  1  
   73169  1  
   73169  1  
   73198  2  
   73198  2  
   73311  2  
   73311  2  
   73348  1  
   73348  1  
   73471  1  
   73471  1  
   73507  2  
   73507  2  
   73622  2  
   73622  2  
   73647  1  
   73647  1  
   73768  1  
   73768  1  
   73812  2  
   73812  2  
   73928  2  
   73928  2  
   73945  1  
   73945  1  
   74067  1  
   74067  1  
   74116  2  
   74116  2  
   74234  2  
   74234  2  
   74239  1  
   74239  1  
   74313  3  
   74313  3  
   74314  3  
   74314  3  
   74358  1  
   74358  1  
   74428  2  
   74428  2  
   74533  1  
   74533  1  
   74547  2  
   74547  2  
   74653  1  
   74653  1  
   74734  2  
   74734  2  
   74824  1  
   74824  1  
   74844  2  
   74844  2  
   74948  1  
   74948  1  
   75035  2  
   75035  2  
   75119  1  
   75119  1  
   75150  2  
   75150  2  
   75239  1  
   75239  1  
   75341  2  
   75341  2  
   75404  1  
   75404  1  
   75447  2  
   75447  2  
   75524  1  
   75524  1  
   75632  2  
   75632  2  
   75694  1  
   75694  1  
   75759  2  
   75759  2  
   75801  3  
   75801  3  
   75802  3  
   75802  3  
   75806  1  
   75806  1  
   75947  2  
   75947  2  
   75976  1  
   75976  1  
   76059  2  
   76059  2  
   76094  1  
   76094  1  
   76252  2  
   76252  2  
   76265  1  
   76265  1  
   76361  2  
   76361  2  
   76374  1  
   76374  1  
   76539  1  
   76539  1  
   76543  2  
   76543  2  
   76656  1  
   76656  1  
   76657  2  
   76657  2  
   76815  1  
   76815  1  
   76843  2  
   76843  2  
   76930  1  
   76930  1  
   76949  2  
   76949  2  
   77086  1  
   77086  1  
   77129  2  
   77129  2  
   77207  1  
   77207  1  
   77247  2  
   77247  2  
   77274  3  
   77274  3  
   77275  3  
   77275  3  
   77365  1  
   77365  1  
   77430  2  
   77430  2  
   77481  1  
   77481  1  
   77543  2  
   77543  2  
   77638  1  
   77638  1  
   77720  2  
   77720  2  
   77747  1  
   77747  1  
   77836  2  
   77836  2  
   77905  1  
   77905  1  
   78011  2  
   78011  2  
   78015  1  
   78015  1  
   78125  2  
   78125  2  
   78173  1  
   78173  1  
   78287  1  
   78287  1  
   78307  2  
   78307  2  
   78406  2  
   78406  2  
   78434  1  
   78434  1  
   78555  1  
   78555  1  
   78598  2  
   78598  2  
   78699  1  
   78699  1  
   78703  2  
   78703  2  
   78713  3  
   78713  3  
   78714  3  
   78714  3  
   78815  1  
   78815  1  
   78888  2  
   78888  2  
   78961  1  
   78961  1  
   78988  2  
   78988  2  
   79070  1  
   79070  1  
   79176  2  
   79176  2  
   79222  1  
   79222  1  
   79280  2  
   79280  2  
   79327  1  
   79327  1  
   79464  2  
   79464  2  
   79484  1  
   79484  1  
   79562  2  
   79562  2  
   79584  1  
   79584  1  
   79736  1  
   79736  1  
   79753  2  
   79753  2  
   79844  1  
   79844  1  
   79851  2  
   79851  2  
   79981  1  
   79981  1  
   80025  2  
   80025  2  
   80092  1  
   80092  1  
   80135  2  
   80135  2  
   80143  3  
   80143  3  
   80144  3  
   80144  3  
   80238  1  
   80238  1  
   80300  2  
   80300  2  
   80331  1  
   80331  1  
   80417  2  
   80417  2  
   80483  1  
   80483  1  
   80586  1  
   80586  1  
   80588  2  
   80588  2  
   80687  2  
   80687  2  
   80740  1  
   80740  1  
   80826  1  
   80826  1  
   80863  2  
   80863  2  
   80967  2  
   80967  2  
   80969  1  
   80969  1  
   81069  1  
   81069  1  
   81146  2  
   81146  2  
   81210  1  
   81210  1  
   81237  2  
   81237  2  
   81303  1  
   81303  1  
   81419  2  
   81419  2  
   81449  1  
   81449  1  
   81519  2  
   81519  2  
   81534  3  
   81534  3  
   81535  3  
   81535  3  
   81547  1  
   81547  1  
   81683  1  
   81683  1  
   81694  2  
   81694  2  
   81784  1  
   81784  1  
   81795  2  
   81795  2  
   81914  1  
   81914  1  
   81962  2  
   81962  2  
   82013  1  
   82013  1  
   82072  2  
   82072  2  
   82146  1  
   82146  1  
   82236  2  
   82236  2  
   82243  1  
   82243  1  
   82341  2  
   82341  2  
   82386  1  
   82386  1  
   82482  1  
   82482  1  
   82507  2  
   82507  2  
   82607  1  
   82607  1  
   82613  2  
   82613  2  
   82706  1  
   82706  1  
   82784  2  
   82784  2  
   82832  1  
   82832  1  
   82874  2  
   82874  2  
   82902  3  
   82902  3  
   82903  3  
   82903  3  
   82924  1  
   82924  1  
   83050  2  
   83050  2  
   83057  1  
   83057  1  
   83146  1  
   83146  1  
   83147  2  
   83147  2  
   83275  1  
   83275  1  
   83317  2  
   83317  2  
   83365  1  
   83365  1  
   83412  2  
   83412  2  
   83488  1  
   83488  1  
   83577  2  
   83577  2  
   83580  1  
   83580  1  
   83678  2  
   83678  2  
   83710  1  
   83710  1  
   83790  1  
   83790  1  
   83832  2  
   83832  2  
   83924  1  
   83924  1  
   83946  2  
   83946  2  
   84011  1  
   84011  1  
   84099  2  
   84099  2  
   84125  1  
   84125  1  
   84198  2  
   84198  2  
   84218  1  
   84218  1  
   84265  3  
   84265  3  
   84266  3  
   84266  3  
   84339  1  
   84339  1  
   84361  2  
   84361  2  
   84415  1  
   84415  1  
   84456  2  
   84456  2  
   84540  1  
   84540  1  
   84623  2  
   84623  2  
   84630  1  
   84630  1  
   84710  2  
   84710  2  
   84740  1  
   84740  1  
   84825  1  
   84825  1  
   84880  2  
   84880  2  
   84950  1  
   84950  1  
   84981  2  
   84981  2  
   85023  1  
   85023  1  
   85129  2  
   85129  2  
   85143  1  
   85143  1  
   85234  1  
   85234  1  
   85237  2  
   85237  2  
   85336  1  
   85336  1  
   85376  2  
   85376  2  
   85417  1  
   85417  1  
   85484  2  
   85484  2  
   85538  1  
   85538  1  
   85577  3  
   85577  3  
   85578  3  
   85578  3  
   85608  1  
   85608  1  
   85637  2  
   85637  2  
   85720  1  
   85720  1  
   85727  2  
   85727  2  
   85805  1  
   85805  1  
   85900  2  
   85900  2  
   85922  1  
   85922  1  
   85977  2  
   85977  2  
   85988  1  
   85988  1  
   86102  1  
   86102  1  
   86141  2  
   86141  2  
   86178  1  
   86178  1  
   86240  2  
   86240  2  
   86282  1  
   86282  1  
   86355  1  
   86355  1  
   86390  2  
   86390  2  
   86470  1  
   86470  1  
   86483  2  
   86483  2  
   86542  1  
   86542  1  
   86632  2  
   86632  2  
   86646  1  
   86646  1  
   86716  1  
   86716  1  
   86726  2  
   86726  2  
   86820  1  
   86820  1  
   86862  3  
   86862  3  
   86863  3  
   86863  3  
   86871  2  
   86871  2  
   86882  1  
   86882  1  
   86965  2  
   86965  2  
   86992  1  
   86992  1  
   87064  1  
   87064  1  
   87122  2  
   87122  2  
   87159  1  
   87159  1  
   87203  2  
   87203  2  
   87220  1  
   87220  1  
   87330  1  
   87330  1  
   87358  2  
   87358  2  
   87402  1  
   87402  1  
   87449  2  
   87449  2  
   87491  1  
   87491  1  
   87556  1  
   87556  1  
   87588  2  
   87588  2  
   87667  1  
   87667  1  
   87688  2  
   87688  2  
   87728  1  
   87728  1  
   87812  1  
   87812  1  
   87823  2  
   87823  2  
   87885  1  
   87885  1  
   87924  2  
   87924  2  
   87989  1  
   87989  1  
   88047  1  
   88047  1  
   88062  2  
   88062  2  
   88103  3  
   88103  3  
   88104  3  
   88104  3  
   88125  1  
   88125  1  
   88145  2  
   88145  2  
   88209  1  
   88209  1  
   88288  1  
   88288  1  
   88304  2  
   88304  2  
   88352  1  
   88352  1  
   88382  2  
   88382  2  
   88435  1  
   88435  1  
   88507  1  
   88507  1  
   88546  2  
   88546  2  
   88593  1  
   88593  1  
   88616  2  
   88616  2  
   88653  1  
   88653  1  
   88731  1  
   88731  1  
   88768  2  
   88768  2  
   88811  1  
   88811  1  
   88860  2  
   88860  2  
   88896  1  
   88896  1  
   88939  1  
   88939  1  
   88988  2  
   88988  2  
   89021  1  
   89021  1  
   89083  2  
   89083  2  
   89089  1  
   89089  1  
   89172  1  
   89172  1  
   89232  2  
   89232  2  
   89233  1  
   89233  1  
   89293  1  
   89293  1  
   89295  2  
   89295  2  
   89339  3  
   89339  3  
   89340  3  
   89340  3  
   89372  1  
   89372  1  
   89452  1  
   89452  1  
   89466  2  
   89466  2  
   89501  1  
   89501  1  
   89537  2  
   89537  2  
   89578  1  
   89578  1  
   89632  1  
   89632  1  
   89689  2  
   89689  2  
   89719  1  
   89719  1  
   89773  1  
   89773  1  
   89775  2  
   89775  2  
   89838  1  
   89838  1  
   89887  1  
   89887  1  
   89901  2  
   89901  2  
   89972  1  
   89972  1  
   89996  2  
   89996  2  
   90023  1  
   90023  1  
   90090  1  
   90090  1  
   90122  2  
   90122  2  
   90137  1  
   90137  1  
   90204  2  
   90204  2  
   90205  1  
   90205  1  
   90267  1  
   90267  1  
   90332  1  
   90332  1  
   90343  2  
   90343  2  
   90374  1  
   90374  1  
   90423  2  
   90423  2  
   90434  1  
   90434  1  
   90486  1  
   90486  1  
   90536  3  
   90536  3  
   90537  3  
   90537  3  
   90552  1  
   90552  1  
   90560  2  
   90560  2  
   90611  1  
   90611  1  
   90638  2  
   90638  2  
   90664  1  
   90664  1  
   90706  1  
   90706  1  
   90763  1  
   90763  1  
   90765  2  
   90765  2  
   90829  1  
   90829  1  
   90857  2  
   90857  2  
   90877  1  
   90877  1  
   90919  1  
   90919  1  
   90981  1  
   90981  1  
   90984  2  
   90984  2  
   91020  1  
   91020  1  
   91061  2  
   91061  2  
   91087  1  
   91087  1  
   91138  1  
   91138  1  
   91189  1  
   91189  1  
   91203  2  
   91203  2  
   91223  1  
   91223  1  
   91283  2  
   91283  2  
   91288  1  
   91288  1  
   91311  1  
   91311  1  
   91379  1  
   91379  1  
   91414  2  
   91414  2  
   91421  1  
   91421  1  
   91479  1  
   91479  1  
   91500  2  
   91500  2  
   91515  1  
   91515  1  
   91554  1  
   91554  1  
   91600  1  
   91600  1  
   91619  2  
   91619  2  
   91652  1  
   91652  1  
   91697  1  
   91697  1  
   91700  3  
   91700  3  
   91701  3  
   91701  3  
   91712  2  
   91712  2  
   91741  1  
   91741  1  
   91777  1  
   91777  1  
   91829  1  
   91829  1  
   91838  2  
   91838  2  
   91855  1  
   91855  1  
   91903  1  
   91903  1  
   91908  2  
   91908  2  
   91946  1  
   91946  1  
   91987  1  
   91987  1  
   92028  1  
   92028  1  
   92045  2  
   92045  2  
   92063  1  
   92063  1  
   92094  1  
   92094  1  
   92116  2  
   92116  2  
   92139  1  
   92139  1  
   92174  1  
   92174  1  
   92208  1  
   92208  1  
   92247  1  
   92247  1  
   92255  2  
   92255  2  
   92289  1  
   92289  1  
   92312  1  
   92312  1  
   92326  2  
   92326  2  
   92352  1  
   92352  1  
   92375  1  
   92375  1  
   92410  1  
   92410  1  
   92429  1  
   92429  1  
   92438  2  
   92438  2  
   92473  1  
   92473  1  
   92505  1  
   92505  1  
   92523  2  
   92523  2  
   92543  1  
   92543  1  
   92566  1  
   92566  1  
   92599  1  
   92599  1  
   92618  1  
   92618  1  
   92644  2  
   92644  2  
   92652  1  
   92652  1  
   92675  1  
   92675  1  
   92696  1  
   92696  1  
   92709  2  
   92709  2  
   92719  1  
   92719  1  
   92747  1  
   92747  1  
   92767  1  
   92767  1  
   92810  1  
   92810  1  
   92814  3  
   92814  3  
   92815  3  
   92815  3  
   92837  1  
   92837  1  
   92848  2  
   92848  2  
   92858  1  
   92858  1  
   92877  1  
   92877  1  
   92900  1  
   92900  1  
   92911  2  
   92911  2  
   92913  1  
   92913  1  
   92938  1  
   92938  1  
   92954  1  
   92954  1  
   92974  1  
   92974  1  
   92992  1  
   92992  1  
   93011  1  
   93011  1  
   93028  1  
   93028  1  
   93029  2  
   93029  2  
   93052  1  
   93052  1  
   93067  1  
   93067  1  
   93088  1  
   93088  1  
   93098  1  
   93098  1  
   93110  2  
   93110  2  
   93125  1  
   93125  1  
   93139  1  
   93139  1  
   93154  1  
   93154  1  
   93162  1  
   93162  1  
   93176  1  
   93176  1  
   93187  1  
   93187  1  
   93201  1  
   93201  1  
   93207  1  
   93207  1  
   93219  1  
   93219  1  
   93221  2  
   93221  2  
   93226  1  
   93226  1  
   93241  1  
   93241  1  
   93249  1  
   93249  1  
   93259  1  
   93259  1  
   93264  1  
   93264  1  
   93275  1  
   93275  1  
   93280  1  
   93280  1  
   93292  1  
   93292  1  
   93298  2  
   93298  2  
   93300  1  
   93300  1  
   93308  1  
   93308  1  
   93317  1  
   93317  1  
   93323  1  
   93323  1  
   93327  1  
   93327  1  
   93331  1  
   93331  1  
   93336  1  
   93336  1  
   93344  1  
   93344  1  
   93346  1  
   93346  1  
   93349  1  
   93349  1  
   93351  1  
   93351  1  
   93352  1  
   93352  1  
   93430  2  
   93430  2  
   93487  2  
   93487  2  
   93609  2  
   93609  2  
   93686  2  
   93686  2  
   93793  2  
   93793  2  
   93872  2  
   93872  2  
   93893  3  
   93893  3  
   93894  3  
   93894  3  
   93994  2  
   93994  2  
   94062  2  
   94062  2  
   94175  2  
   94175  2  
   94248  2  
   94248  2  
   94360  2  
   94360  2  
   94436  2  
   94436  2  
   94546  2  
   94546  2  
   94613  2  
   94613  2  
   94730  2  
   94730  2  
   94794  2  
   94794  2  
   94903  2  
   94903  2  
   94931  3  
   94931  3  
   94932  3  
   94932  3  
   94966  2  
   94966  2  
   95078  2  
   95078  2  
   95142  2  
   95142  2  
   95257  2  
   95257  2  
   95321  2  
   95321  2  
   95429  2  
   95429  2  
   95499  2  
   95499  2  
   95601  2  
   95601  2  
   95670  2  
   95670  2  
   95769  2  
   95769  2  
   95837  2  
   95837  2  
   95935  3  
   95935  3  
   95936  3  
   95936  3  
   95940  2  
   95940  2  
   96007  2  
   96007  2  
   96113  2  
   96113  2  
   96171  2  
   96171  2  
   96275  2  
   96275  2  
   96344  2  
   96344  2  
   96433  2  
   96433  2  
   96499  2  
   96499  2  
   96597  2  
   96597  2  
   96656  2  
   96656  2  
   96754  2  
   96754  2  
   96823  2  
   96823  2  
   96903  3  
   96903  3  
   96904  3  
   96904  3  
   96916  2  
   96916  2  
   96974  2  
   96974  2  
   97070  2  
   97070  2  
   97138  2  
   97138  2  
   97226  2  
   97226  2  
   97284  2  
   97284  2  
   97384  2  
   97384  2  
   97433  2  
   97433  2  
   97533  2  
   97533  2  
   97590  2  
   97590  2  
   97680  2  
   97680  2  
   97726  2  
   97726  2  
   97822  3  
   97822  3  
   97823  3  
   97823  3  
   97829  2  
   97829  2  
   97880  2  
   97880  2  
   97977  2  
   97977  2  
   98027  2  
   98027  2  
   98120  2  
   98120  2  
   98166  2  
   98166  2  
   98263  2  
   98263  2  
   98312  2  
   98312  2  
   98403  2  
   98403  2  
   98445  2  
   98445  2  
   98536  2  
   98536  2  
   98585  2  
   98585  2  
   98674  2  
   98674  2  
   98698  3  
   98698  3  
   98699  3  
   98699  3  
   98724  2  
   98724  2  
   98813  2  
   98813  2  
   98859  2  
   98859  2  
   98942  2  
   98942  2  
   98997  2  
   98997  2  
   99073  2  
   99073  2  
   99124  2  
   99124  2  
   99208  2  
   99208  2  
   99263  2  
   99263  2  
   99331  2  
   99331  2  
   99376  2  
   99376  2  
   99460  2  
   99460  2  
   99510  2  
   99510  2  
   99537  3  
   99537  3  
   99538  3  
   99538  3  
   99585  2  
   99585  2  
   99628  2  
   99628  2  
   99722  2  
   99722  2  
   99760  2  
   99760  2  
   99827  2  
   99827  2  
   99875  2  
   99875  2  
   99960  2  
   99960  2  
   100003  2  
   100003  2  
   100071  2  
   100071  2  
   100111  2  
   100111  2  
   100195  2  
   100195  2  
   100237  2  
   100237  2  
   100309  2  
   100309  2  
   100328  3  
   100328  3  
   100329  3  
   100329  3  
   100344  2  
   100344  2  
   100431  2  
   100431  2  
   100476  2  
   100476  2  
   100538  2  
   100538  2  
   100582  2  
   100582  2  
   100661  2  
   100661  2  
   100697  2  
   100697  2  
   100759  2  
   100759  2  
   100794  2  
   100794  2  
   100879  2  
   100879  2  
   100915  2  
   100915  2  
   100975  2  
   100975  2  
   101010  2  
   101010  2  
   101081  2  
   101081  2  
   101093  3  
   101093  3  
   101094  3  
   101094  3  
   101125  2  
   101125  2  
   101185  2  
   101185  2  
   101224  2  
   101224  2  
   101295  2  
   101295  2  
   101332  2  
   101332  2  
   101394  2  
   101394  2  
   101427  2  
   101427  2  
   101497  2  
   101497  2  
   101538  2  
   101538  2  
   101593  2  
   101593  2  
   101624  2  
   101624  2  
   101686  2  
   101686  2  
   101727  2  
   101727  2  
   101783  2  
   101783  2  
   101803  3  
   101803  3  
   101804  3  
   101804  3  
   101816  2  
   101816  2  
   101865  2  
   101865  2  
   101915  2  
   101915  2  
   101972  2  
   101972  2  
   102002  2  
   102002  2  
   102054  2  
   102054  2  
   102080  2  
   102080  2  
   102153  2  
   102153  2  
   102182  2  
   102182  2  
   102233  2  
   102233  2  
   102257  2  
   102257  2  
   102318  2  
   102318  2  
   102358  2  
   102358  2  
   102403  2  
   102403  2  
   102438  2  
   102438  2  
   102464  3  
   102464  3  
   102465  3  
   102465  3  
   102481  2  
   102481  2  
   102525  2  
   102525  2  
   102579  2  
   102579  2  
   102613  2  
   102613  2  
   102651  2  
   102651  2  
   102673  2  
   102673  2  
   102733  2  
   102733  2  
   102767  2  
   102767  2  
   102817  2  
   102817  2  
   102836  2  
   102836  2  
   102871  2  
   102871  2  
   102911  2  
   102911  2  
   102958  2  
   102958  2  
   102983  2  
   102983  2  
   103030  2  
   103030  2  
   103052  2  
   103052  2  
   103080  3  
   103080  3  
   103081  3  
   103081  3  
   103111  2  
   103111  2  
   103135  2  
   103135  2  
   103174  2  
   103174  2  
   103199  2  
   103199  2  
   103236  2  
   103236  2  
   103267  2  
   103267  2  
   103316  2  
   103316  2  
   103338  2  
   103338  2  
   103373  2  
   103373  2  
   103391  2  
   103391  2  
   103435  2  
   103435  2  
   103466  2  
   103466  2  
   103505  2  
   103505  2  
   103524  2  
   103524  2  
   103556  2  
   103556  2  
   103574  2  
   103574  2  
   103628  2  
   103628  2  
   103639  3  
   103639  3  
   103640  3  
   103640  3  
   103651  2  
   103651  2  
   103686  2  
   103686  2  
   103704  2  
   103704  2  
   103734  2  
   103734  2  
   103751  2  
   103751  2  
   103795  2  
   103795  2  
   103820  2  
   103820  2  
   103853  2  
   103853  2  
   103870  2  
   103870  2  
   103895  2  
   103895  2  
   103913  2  
   103913  2  
   103954  2  
   103954  2  
   103971  2  
   103971  2  
   104004  2  
   104004  2  
   104026  2  
   104026  2  
   104053  2  
   104053  2  
   104072  2  
   104072  2  
   104105  2  
   104105  2  
   104121  2  
   104121  2  
   104125  3  
   104125  3  
   104126  3  
   104126  3  
   104145  2  
   104145  2  
   104162  2  
   104162  2  
   104199  2  
   104199  2  
   104219  2  
   104219  2  
   104247  2  
   104247  2  
   104260  2  
   104260  2  
   104285  2  
   104285  2  
   104299  2  
   104299  2  
   104329  2  
   104329  2  
   104352  2  
   104352  2  
   104383  2  
   104383  2  
   104394  2  
   104394  2  
   104415  2  
   104415  2  
   104428  2  
   104428  2  
   104455  2  
   104455  2  
   104477  2  
   104477  2  
   104505  2  
   104505  2  
   104522  2  
   104522  2  
   104546  2  
   104546  2  
   104558  2  
   104558  2  
   104577  2  
   104577  2  
   104578  3  
   104578  3  
   104579  3  
   104579  3  
   104591  2  
   104591  2  
   104613  2  
   104613  2  
   104630  2  
   104630  2  
   104657  2  
   104657  2  
   104672  2  
   104672  2  
   104691  2  
   104691  2  
   104703  2  
   104703  2  
   104722  2  
   104722  2  
   104729  2  
   104729  2  
   104754  2  
   104754  2  
   104768  2  
   104768  2  
   104787  2  
   104787  2  
   104801  2  
   104801  2  
   104816  2  
   104816  2  
   104829  2  
   104829  2  
   104841  2  
   104841  2  
   104853  2  
   104853  2  
   104875  2  
   104875  2  
   104886  2  
   104886  2  
   104903  2  
   104903  2  
   104911  2  
   104911  2  
   104926  2  
   104926  2  
   104937  2  
   104937  2  
   104951  2  
   104951  2  
   104961  2  
   104961  2  
   104965  3  
   104965  3  
   104966  3  
   104966  3  
   104980  2  
   104980  2  
   104998  2  
   104998  2  
   105010  2  
   105010  2  
   105017  2  
   105017  2  
   105029  2  
   105029  2  
   105037  2  
   105037  2  
   105049  2  
   105049  2  
   105057  2  
   105057  2  
   105071  2  
   105071  2  
   105081  2  
   105081  2  
   105096  2  
   105096  2  
   105112  2  
   105112  2  
   105122  2  
   105122  2  
   105128  2  
   105128  2  
   105139  2  
   105139  2  
   105145  2  
   105145  2  
   105154  2  
   105154  2  
   105160  2  
   105160  2  
   105172  2  
   105172  2  
   105179  2  
   105179  2  
   105188  2  
   105188  2  
   105199  2  
   105199  2  
   105215  2  
   105215  2  
   105226  2  
   105226  2  
   105235  2  
   105235  2  
   105239  2  
   105239  2  
   105245  2  
   105245  2  
   105250  2  
   105250  2  
   105255  2  
   105255  2  
   105260  2  
   105260  2  
   105266  2  
   105266  2  
   105271  2  
   105271  2  
   105278  3  
   105278  3  
   105279  3  
   105279  3  
   105281  2  
   105281  2  
   105286  2  
   105286  2  
   105294  2  
   105294  2  
   105304  2  
   105304  2  
   105317  2  
   105317  2  
   105320  2  
   105320  2  
   105326  2  
   105326  2  
   105330  2  
   105330  2  
   105334  2  
   105334  2  
   105337  2  
   105337  2  
   105341  2  
   105341  2  
   105345  2  
   105345  2  
   105348  2  
   105348  2  
   105352  2  
   105352  2  
   105359  2  
   105359  2  
   105362  2  
   105362  2  
   105369  2  
   105369  2  
   105371  2  
   105371  2  
   105379  2  
   105379  2  
   105384  2  
   105384  2  
   105390  2  
   105390  2  
   105396  2  
   105396  2  
   105403  2  
   105403  2  
   105405  2  
   105405  2  
   105407  2  
   105407  2  
   105408  2  
   105408  2  
   105412  2  
   105412  2  
   105414  2  
   105414  2  
   105415  2  
   105415  2  
   105418  2  
   105418  2  
   105423  2  
   105423  2  
   105424  2  
   105424  2  
   105425  2  
   105425  2  
   105426  2  
   105426  2  
   105429  2  
   105429  2  
   105430  2  
   105430  2  
   105434  2  
   105434  2  
   105435  2  
   105435  2  
   105437  2  
   105437  2  
   105438  2  
   105438  2  
   105440  2  
   105440  2  
   105441  2  
   105441  2  
   105443  2  
   105443  2  
   105445  2  
   105445  2  
   105446  2  
   105446  2  
   105448  2  
   105448  2  
   105449  2  
   105449  2  
   105450  2  
   105450  2  
   105452  2  
   105452  2  
   105453  2  
   105453  2  
   105455  2  
   105455  2  
   105456  2  
   105456  2  
   105457  2  
   105457  2  
   105460  2  
   105460  2  
   105462  2  
   105462  2  
   105463  2  
   105463  2  
   105465  2  
   105465  2  
   105466  2  
   105466  2  
   105467  2  
   105467  2  
   105468  2  
   105468  2  
   105469  2  
   105469  2  
   105470  2  
   105470  2  
   105471  2  
   105471  2  
   105472  2  
   105472  2  
   105497  3  
   105497  3  
   105498  3  
   105498  3  
   105585  3  
   105585  3  
   105586  3  
   105586  3  
   105625  3  
   105625  3  
   105626  3  
   105626  3  
   105645  3  
   105645  3  
   105646  3  
   105646  3  
   105663  3  
   105663  3  
   105664  3  
   105664  3  
   105675  3  
   105675  3  
   105676  3  
   105676  3  
   105688  3  
   105688  3  
   105689  3  
   105689  3  
   105697  3  
   105697  3  
   105698  3  
   105698  3  
   105709  3  
   105709  3  
   105710  3  
   105710  3  
   105720  3  
   105720  3  
   105721  3  
   105721  3  
   105725  3  
   105725  3  
   105726  3  
   105726  3  
   105731  3  
   105731  3  
   105732  3  
   105732  3  
   105740  3  
   105740  3  
   105741  3  
   105741  3  
   105748  3  
   105748  3  
   105749  3  
   105749  3  
   105754  3  
   105754  3  
   105755  3  
   105755  3  
   105760  3  
   105760  3  
   105761  3  
   105761  3  
   105766  3  
   105766  3  
   105767  3  
   105767  3  
   105772  3  
   105772  3  
   105773  3  
   105773  3  
   105778  3  
   105778  3  
   105779  3  
   105779  3  
   105785  3  
   105785  3  
   105786  3  
   105786  3  
   105795  3  
   105795  3  
   105796  3  
   105796  3  
   105799  3  
   105799  3  
   105800  3  
   105800  3  
   105803  3  
   105803  3  
   105804  3  
   105804  3  
   105809  3  
   105809  3  
   105810  3  
   105810  3  
   105813  3  
   105813  3  
   105814  3  
   105814  3  
   105819  3  
   105819  3  
   105820  3  
   105820  3  
   105827  3  
   105827  3  
   105828  3  
   105828  3  
   105835  3  
   105835  3  
   105836  3  
   105836  3  
   105841  3  
   105841  3  
   105842  3  
   105842  3  
   105843  3  
   105843  3  
   105844  3  
   105844  3  
   105845  3  
   105845  3  
   105846  3  
   105846  3  
   105847  3  
   105847  3  
   105848  3  
   105848  3  
   105849  3  
   105849  3  
   105850  3  
   105850  3  
   105851  3  
   105851  3  
   105852  3  
   105852  3  
   105853  3  
   105853  3  
   105854  3  
   105854  3  
   105855  3  
   105855  3  
   105856  3  
   105856  3  
   105857  3  
   105857  3  
   105858  3  
   105858  3  
   105859  3  
   105859  3  
   105860  3  
   105860  3  
   105861  3  
   105861  3  
   105862  3  
   105862  3  
   105863  3  
   105863  3  
   105864  3  
   105864  3  
   105865  3  
   105865  3  
  END_ON_NODES
