  NODES_PER_ELEMENT
   1 3
   2 3
   3 3
   4 3
   5 3
   6 3
   7 3
   8 3
   9 3
   10 3
   11 3
   12 3
   13 3
   14 3
   15 3
   16 3
   17 3
   18 3
   19 3
   20 3
   21 3
   22 3
   23 3
   24 3
   25 3
   26 3
   27 3
   28 3
   29 3
   30 3
   31 3
   32 3
   33 3
   34 3
   35 3
   36 3
   37 3
   38 3
   39 3
   40 3
   41 3
   42 3
   43 3
   44 3
   45 3
   46 3
   47 3
   48 3
   49 3
   50 3
   51 3
   52 3
   53 3
   54 3
   55 3
   56 3
   57 3
   58 3
   59 3
   60 3
   61 3
   62 3
   63 3
   64 3
   65 3
   66 3
   67 3
   68 3
   69 3
   70 3
   71 3
   72 3
   73 3
   74 3
   75 3
   76 3
   77 3
   78 3
   79 3
   80 3
   81 3
   82 3
   83 3
   84 3
   85 3
   86 3
   87 3
   88 3
   89 3
   90 3
   91 3
   92 3
   93 3
   94 3
   95 3
   96 3
   97 3
   98 3
   99 3
   100 3
   101 3
   102 3
   103 3
   104 3
   105 3
   106 3
   107 3
   108 3
   109 3
   110 3
   111 3
   112 3
   113 3
   114 3
   115 3
   116 3
   117 3
   118 3
   119 3
   120 3
   121 3
   122 3
   123 3
   124 3
   125 3
   126 3
   127 3
   128 3
   129 3
   130 3
   131 3
   132 3
   133 3
   134 3
   135 3
   136 3
   137 3
   138 3
   139 3
   140 3
   141 3
   142 3
   143 3
   144 3
   145 3
   146 3
   147 3
   148 3
   149 3
   150 3
   151 3
   152 3
   153 3
   154 3
   155 3
   156 3
   157 3
   158 3
   159 3
   160 3
   161 3
   162 3
   163 3
   164 3
   165 3
   166 3
   167 3
   168 3
   169 3
   170 3
   171 3
   172 3
   173 3
   174 3
   175 3
   176 3
   177 3
   178 3
   179 3
   180 3
   181 3
   182 3
   183 3
   184 3
   185 3
   186 3
   187 3
   188 3
   189 3
   190 3
   191 3
   192 3
   193 3
   194 3
   195 3
   196 3
   197 3
   198 3
   199 3
   200 3
   201 3
   202 3
   203 3
   204 3
   205 3
   206 3
   207 3
   208 3
   209 3
   210 3
   211 3
   212 3
   213 3
   214 3
   215 3
   216 3
   217 3
   218 3
   219 3
   220 3
   221 3
   222 3
   223 3
   224 3
   225 3
   226 3
   227 3
   228 3
   229 3
   230 3
   231 3
   232 3
   233 3
   234 3
   235 3
   236 3
   237 3
   238 3
   239 3
   240 3
   241 3
   242 3
   243 3
   244 3
   245 3
   246 3
   247 3
   248 3
   249 3
   250 3
   251 3
   252 3
   253 3
   254 3
   255 3
   256 3
   257 3
   258 3
   259 3
   260 3
   261 3
   262 3
   263 3
   264 3
   265 3
   266 3
   267 3
   268 3
   269 3
   270 3
   271 3
   272 3
   273 3
   274 3
   275 3
   276 3
   277 3
   278 3
   279 3
   280 3
   281 3
   282 3
   283 3
   284 3
   285 3
   286 3
   287 3
   288 3
   289 3
   290 3
   291 3
   292 3
   293 3
   294 3
   295 3
   296 3
   297 3
   298 3
   299 3
   300 3
   301 3
   302 3
   303 3
   304 3
   305 3
   306 3
   307 3
   308 3
   309 3
   310 3
   311 3
   312 3
   313 3
   314 3
   315 3
   316 3
   317 3
   318 3
   319 3
   320 3
   321 3
   322 3
   323 3
   324 3
   325 3
   326 3
   327 3
   328 3
   329 3
   330 3
   331 3
   332 3
   333 3
   334 3
   335 3
   336 3
   337 3
   338 3
   339 3
   340 3
   341 3
   342 3
   343 3
   344 3
   345 3
   346 3
   347 3
   348 3
   349 3
   350 3
   351 3
   352 3
   353 3
   354 3
   355 3
   356 3
   357 3
   358 3
   359 3
   360 3
   361 3
   362 3
   363 3
   364 3
   365 3
   366 3
   367 3
   368 3
   369 3
   370 3
   371 3
   372 3
   373 3
   374 3
   375 3
   376 3
   377 3
   378 3
   379 3
   380 3
   381 3
   382 3
   383 3
   384 3
   385 3
   386 3
   387 3
   388 3
   389 3
   390 3
   391 3
   392 3
   393 3
   394 3
   395 3
   396 3
   397 3
   398 3
   399 3
   400 3
   401 3
   402 3
   403 3
   404 3
   405 3
   406 3
   407 3
   408 3
   409 3
   410 3
   411 3
   412 3
   413 3
   414 3
   415 3
   416 3
   417 3
   418 3
   419 3
   420 3
   421 3
   422 3
   423 3
   424 3
   425 3
   426 3
   427 3
   428 3
   429 3
   430 3
   431 3
   432 3
   433 3
   434 3
   435 3
   436 3
   437 3
   438 3
   439 3
   440 3
   441 3
   442 3
   443 3
   444 3
   445 3
   446 3
   447 3
   448 3
   449 3
  END_NODES_PER_ELEMENT
  ELEMENTS
  1 43 53 42  
  2 83 94 95  
  3 62 54 61  
  4 61 72 73  
  5 84 73 72  
  6 53 61 54  
  7 95 84 83  
  8 54 42 53  
  9 72 83 84  
  10 73 62 61  
  11 99 112 98  
  12 150 160 161  
  13 129 113 128  
  14 128 134 135  
  15 151 135 134  
  16 112 128 113  
  17 161 151 150  
  18 113 98 112  
  19 134 150 151  
  20 135 129 128  
  21 42 54 46  
  22 61 53 57  
  23 150 134 145  
  24 84 95 90  
  25 129 135 131  
  26 62 73 66  
  27 98 113 107  
  28 128 112 118  
  29 83 72 78  
  30 151 161 154  
  31 54 62 58  
  32 53 43 47  
  33 134 128 130  
  34 94 83 87  
  35 135 151 146  
  36 73 84 77  
  37 113 129 121  
  38 112 99 106  
  39 72 61 65  
  40 160 150 155  
  41 95 94 98  
  42 95 98 90  
  43 43 42 36  
  44 161 160 174  
  45 99 98 94  
  46 99 94 106  
  47 46 54 58  
  48 46 58 48  
  49 78 72 65  
  50 78 65 79  
  51 121 129 131  
  52 121 131 126  
  53 131 135 146  
  54 131 152 126  
  55 130 128 118  
  56 130 118 125  
  57 145 134 130  
  58 145 130 153  
  59 58 62 66  
  60 58 76 48  
  61 65 61 57  
  62 65 56 79  
  63 107 113 121  
  64 107 121 126  
  65 146 151 154  
  66 146 154 152  
  67 57 53 47  
  68 57 47 56  
  69 154 161 170  
  70 66 73 77  
  71 66 77 76  
  72 87 83 78  
  73 87 78 79  
  74 47 43 37  
  75 155 150 145  
  76 155 145 153  
  77 118 112 106  
  78 118 106 125  
  79 77 84 90  
  80 77 90 76  
  81 42 46 38  
  82 98 107 90  
  83 94 87 106  
  84 160 155 171  
  85 36 42 38  
  86 43 36 37  
  87 174 160 171  
  88 161 174 170  
  89 38 46 48  
  90 171 155 153  
  91 154 170 152  
  92 47 37 56  
  93 90 107 102  
  94 106 87 101  
  95 146 152 131  
  96 66 76 58  
  97 57 56 65  
  98 153 130 125  
  99 36 38 26  
  100 37 36 25  
  101 174 171 185  
  102 170 174 186  
  103 102 107 126  
  104 90 102 76  
  105 101 87 79  
  106 106 101 125  
  107 26 38 31  
  108 25 36 26  
  109 185 171 183  
  110 186 174 185  
  111 37 25 30  
  112 170 186 184  
  113 126 152 144  
  114 48 76 69  
  115 79 56 70  
  116 153 125 143  
  117 25 26 12  
  118 186 185 212  
  119 31 38 48  
  120 183 171 153  
  121 30 25 17  
  122 184 186 210  
  123 26 31 18  
  124 185 183 209  
  125 37 30 56  
  126 170 184 152  
  127 144 152 168  
  128 69 76 92  
  129 70 56 52  
  130 143 125 119  
  131 126 144 120  
  132 48 69 51  
  133 79 70 93  
  134 153 143 169  
  135 168 152 184  
  136 52 56 30  
  137 120 144 136  
  138 93 70 89  
  139 92 76 102  
  140 119 125 101  
  141 51 69 67  
  142 169 143 164  
  143 144 168 165  
  144 70 52 68  
  145 126 120 102  
  146 79 93 101  
  147 69 92 88  
  148 143 119 137  
  149 48 51 31  
  150 153 169 183  
  151 136 144 165  
  152 67 69 88  
  153 165 168 181  
  154 88 92 111  
  155 89 70 68  
  156 164 143 137  
  157 68 52 49  
  158 137 119 114  
  159 120 136 111  
  160 51 67 50  
  161 93 89 114  
  162 169 164 180  
  163 181 168 190  
  164 111 92 120  
  165 114 119 93  
  166 180 164 188  
  167 180 188 198  
  168 180 198 191  
  169 191 198 202  
  170 191 202 183  
  171 180 191 169  
  172 191 183 169  
  173 165 181 189  
  174 189 181 199  
  175 199 181 190  
  176 88 111 109  
  177 137 114 133  
  178 190 168 184  
  179 190 184 203  
  180 190 203 199  
  181 88 109 97  
  182 137 133 157  
  183 157 133 158  
  184 157 158 175  
  185 157 175 164  
  186 137 157 164  
  187 109 111 132  
  188 132 111 136  
  189 109 132 140  
  190 133 114 110  
  191 110 114 89  
  192 133 110 139  
  193 133 139 158  
  194 140 132 159  
  195 132 136 156  
  196 156 136 165  
  197 132 156 159  
  198 159 156 176  
  199 176 156 165  
  200 110 89 96  
  201 12 17 25  
  202 212 210 186  
  203 117 97 109  
  204 117 109 140  
  205 49 74 68  
  206 189 176 165  
  207 35 24 31  
  208 23 34 30  
  209 175 188 164  
  210 75 50 67  
  211 96 116 110  
  212 110 116 139  
  213 209 211 185  
  214 18 12 26  
  215 17 23 30  
  216 210 203 184  
  217 97 75 67  
  218 74 96 68  
  219 202 209 183  
  220 24 18 31  
  221 34 49 52  
  222 50 35 51  
  223 211 212 185  
  224 92 102 120  
  225 119 101 93  
  226 67 88 97  
  227 89 68 96  
  228 52 30 34  
  229 31 51 35  
  230 1 4 3  
  231 3 4 7  
  232 7 4 10  
  233 7 10 15  
  234 15 10 19  
  235 15 19 27  
  236 7 15 14  
  237 14 15 22  
  238 7 14 9  
  239 22 15 27  
  240 14 22 23  
  241 9 14 17  
  242 9 17 12  
  243 7 9 3  
  244 3 9 6  
  245 6 9 12  
  246 6 12 18  
  247 3 6 2  
  248 2 6 8  
  249 3 2 1  
  250 1 2 5  
  251 5 2 8  
  252 8 6 18  
  253 223 229 213  
  254 213 229 221  
  255 221 229 234  
  256 221 234 228  
  257 228 234 240  
  258 228 240 242  
  259 221 228 214  
  260 214 228 219  
  261 221 214 204  
  262 219 228 242  
  263 214 219 202  
  264 204 214 198  
  265 198 214 202  
  266 221 204 213  
  267 213 204 196  
  268 196 204 188  
  269 188 204 198  
  270 213 196 208  
  271 208 196 192  
  272 213 208 223  
  273 223 208 215  
  274 215 208 192  
  275 192 196 175  
  276 175 196 188  
  277 216 201 197  
  278 197 201 182  
  279 182 201 195  
  280 182 195 172  
  281 172 195 178  
  282 172 178 163  
  283 182 172 166  
  284 166 172 148  
  285 182 166 179  
  286 148 172 163  
  287 166 148 140  
  288 166 140 159  
  289 179 166 159  
  290 179 159 176  
  291 182 179 197  
  292 197 179 193  
  293 193 179 176  
  294 193 176 189  
  295 197 193 206  
  296 206 193 205  
  297 197 206 216  
  298 216 206 224  
  299 224 206 205  
  300 205 193 189  
  301 103 122 100  
  302 100 122 124  
  303 124 122 141  
  304 124 141 147  
  305 147 141 162  
  306 147 162 177  
  307 124 147 127  
  308 127 147 149  
  309 124 127 105  
  310 149 147 177  
  311 127 149 116  
  312 127 116 96  
  313 105 127 96  
  314 105 96 82  
  315 124 105 100  
  316 100 105 82  
  317 82 96 74  
  318 82 74 63  
  319 100 82 85  
  320 85 82 63  
  321 100 85 103  
  322 103 85 80  
  323 80 85 63  
  324 63 74 49  
  325 249 247 238  
  326 238 247 236  
  327 236 247 245  
  328 236 245 233  
  329 233 245 243  
  330 233 243 241  
  331 236 233 222  
  332 222 233 218  
  333 236 222 225  
  334 218 233 241  
  335 222 218 203  
  336 225 222 210  
  337 210 222 203  
  338 236 225 238  
  339 238 225 227  
  340 227 225 212  
  341 227 212 211  
  342 238 227 239  
  343 212 225 210  
  344 239 227 231  
  345 238 239 249  
  346 249 239 248  
  347 248 239 231  
  348 231 227 211  
  349 81 60 64  
  350 64 60 44  
  351 44 60 40  
  352 44 40 29  
  353 29 40 28  
  354 29 28 20  
  355 44 29 33  
  356 33 29 21  
  357 44 33 55  
  358 21 29 20  
  359 33 21 35  
  360 33 35 50  
  361 55 33 50  
  362 55 50 75  
  363 44 55 64  
  364 64 55 71  
  365 71 55 75  
  366 71 75 91  
  367 64 71 86  
  368 91 75 97  
  369 91 97 115  
  370 115 97 117  
  371 91 115 108  
  372 71 91 86  
  373 64 86 81  
  374 81 86 104  
  375 104 86 108  
  376 108 115 142  
  377 91 108 86  
  378 27 39 32  
  379 32 39 45  
  380 45 39 59  
  381 45 59 63  
  382 45 63 41  
  383 41 63 49  
  384 41 49 34  
  385 41 34 22  
  386 45 41 32  
  387 27 32 22  
  388 242 244 232  
  389 232 244 237  
  390 237 244 246  
  391 237 246 231  
  392 237 231 220  
  393 232 237 220  
  394 220 231 209  
  395 220 209 202  
  396 232 220 219  
  397 242 232 219  
  398 163 142 138  
  399 138 142 115  
  400 163 138 148  
  401 138 115 148  
  402 177 194 173  
  403 173 194 187  
  404 187 194 200  
  405 187 200 192  
  406 187 192 167  
  407 173 187 167  
  408 167 192 158  
  409 167 158 139  
  410 173 167 149  
  411 177 173 149  
  412 241 235 226  
  413 226 235 217  
  414 217 235 230  
  415 217 230 205  
  416 217 205 207  
  417 207 205 189  
  418 207 189 199  
  419 207 199 218  
  420 217 207 226  
  421 241 226 218  
  422 20 11 13  
  423 13 11 8  
  424 20 13 21  
  425 59 80 63  
  426 246 248 231  
  427 123 104 108  
  428 123 108 142  
  429 200 215 192  
  430 230 224 205  
  431 11 5 8  
  432 22 32 41  
  433 218 226 207  
  434 21 13 16  
  435 16 13 8  
  436 16 8 18  
  437 16 18 24  
  438 16 24 21  
  439 211 209 231  
  440 199 203 218  
  441 34 23 22  
  442 24 35 21  
  443 175 158 192  
  444 23 17 14  
  445 117 140 148  
  446 139 116 149  
  447 202 219 220  
  448 115 117 148  
  449 167 139 149  
  END_ELEMENTS  
  COORDINATES  
   1   0.000000e+00  1.500000e+00   
   2   7.697205e-02  1.337512e+00   
   3  -8.839639e-02  1.320490e+00   
   4  -1.999304e-01  1.486616e+00   
   5   1.999304e-01  1.486616e+00   
   6   3.830013e-02  1.173214e+00   
   7  -2.879651e-01  1.307007e+00   
   8   2.350261e-01  1.207240e+00   
   9  -1.553566e-01  1.157748e+00   
   10  -3.962931e-01  1.446704e+00   
   11   3.962931e-01  1.446704e+00   
   12   0.000000e+00  1.000000e+00   
   13   4.341229e-01  1.250218e+00   
   14  -3.511588e-01  1.118700e+00   
   15  -4.888444e-01  1.271203e+00   
   16   3.473224e-01  1.069614e+00   
   17  -2.012985e-01  9.795299e-01   
   18   2.012985e-01  9.795299e-01   
   19  -5.855839e-01  1.380975e+00   
   20   5.855839e-01  1.380975e+00   
   21   5.472246e-01  1.083437e+00   
   22  -5.476402e-01  1.083227e+00   
   23  -3.943559e-01  9.189578e-01   
   24   3.943559e-01  9.189578e-01   
   25  -9.594676e-02  7.412732e-01   
   26   9.594676e-02  7.412732e-01   
   27  -7.644250e-01  1.290602e+00   
   28   7.644250e-01  1.290602e+00   
   29   7.334345e-01  1.147606e+00   
   30  -2.870184e-01  7.185999e-01   
   31   2.870184e-01  7.185999e-01   
   32  -7.490000e-01  1.091103e+00   
   33   6.923315e-01  9.462976e-01   
   34  -5.712682e-01  8.207634e-01   
   35   5.712682e-01  8.207634e-01   
   36   0.000000e+00  6.038538e-01   
   37  -1.506541e-01  5.828529e-01   
   38   1.506541e-01  5.828529e-01   
   39  -9.296248e-01  1.177199e+00   
   40   9.296248e-01  1.177199e+00   
   41  -7.589382e-01  8.535821e-01   
   42   5.000000e-02  5.000000e-01   
   43  -5.000000e-02  5.000000e-01   
   44   8.814174e-01  1.007122e+00   
   45  -9.138383e-01  9.777994e-01   
   46   1.486611e-01  4.525000e-01   
   47  -1.486611e-01  4.525000e-01   
   48   2.785324e-01  4.494021e-01   
   49  -7.247928e-01  6.889669e-01   
   50   7.247928e-01  6.889669e-01   
   51   4.604400e-01  5.093622e-01   
   52  -4.604400e-01  5.093622e-01   
   53  -5.000000e-02  4.050000e-01   
   54   5.000000e-02  4.050000e-01   
   55   8.541794e-01  7.818161e-01   
   56  -2.905437e-01  4.050000e-01   
   57  -1.375732e-01  3.670000e-01   
   58   1.486611e-01  3.575000e-01   
   59  -1.078236e+00  1.042789e+00   
   60   1.078236e+00  1.042789e+00   
   61  -5.000000e-02  3.100000e-01   
   62   5.000000e-02  3.100000e-01   
   63  -9.598047e-01  7.861960e-01   
   64   1.010652e+00  8.544531e-01   
   65  -1.486611e-01  2.625000e-01   
   66   1.352858e-01  2.544571e-01   
   67   6.352756e-01  4.125553e-01   
   68  -6.352756e-01  4.125553e-01   
   69   4.637487e-01  3.100000e-01   
   70  -4.637487e-01  3.100000e-01   
   71   9.762735e-01  6.660598e-01   
   72  -5.000000e-02  2.150000e-01   
   73   5.000000e-02  2.150000e-01   
   74  -8.486443e-01  5.289640e-01   
   75   8.486443e-01  5.289640e-01   
   76   2.576689e-01  2.147764e-01   
   77   1.372241e-01  1.747857e-01   
   78  -1.352147e-01  1.719468e-01   
   79  -2.787513e-01  1.897340e-01   
   80  -1.207605e+00  8.897696e-01   
   81   1.207605e+00  8.897696e-01   
   82  -1.010444e+00  5.974126e-01   
   83  -5.000000e-02  1.200000e-01   
   84   5.000000e-02  1.200000e-01   
   85  -1.135940e+00  7.102846e-01   
   86   1.129354e+00  6.818122e-01   
   87  -1.486611e-01  7.250000e-02   
   88   6.352756e-01  2.074447e-01   
   89  -6.352756e-01  2.074447e-01   
   90   1.469156e-01  6.142857e-02   
   91   1.038538e+00  4.832539e-01   
   92   4.604400e-01  1.106378e-01   
   93  -4.604400e-01  1.106378e-01   
   94  -5.000000e-02  2.500000e-02   
   95   5.000000e-02  2.500000e-02   
   96  -9.377521e-01  3.473053e-01   
   97   9.377521e-01  3.473053e-01   
   98   5.000000e-02 -2.500000e-02   
   99  -5.000000e-02 -2.500000e-02   
   100  -1.200485e+00  5.570841e-01   
   101  -2.905437e-01  1.110223e-16   
   102   2.905437e-01 -3.330669e-16   
   103  -1.315425e+00  7.208726e-01   
   104   1.315425e+00  7.208726e-01   
   105  -1.089949e+00  4.201528e-01   
   106  -1.469156e-01 -6.142857e-02   
   107   1.486611e-01 -7.250000e-02   
   108   1.236669e+00  4.774312e-01   
   109   8.066956e-01  1.044331e-01   
   110  -8.031660e-01  9.553335e-02   
   111   6.317590e-01  7.513688e-03   
   112  -5.000000e-02 -1.200000e-01   
   113   5.000000e-02 -1.200000e-01   
   114  -6.317590e-01 -7.513688e-03   
   115   1.127285e+00  3.121284e-01   
   116  -9.884683e-01  1.514278e-01   
   117   9.884683e-01  1.514278e-01   
   118  -1.348157e-01 -1.694162e-01   
   119  -4.604400e-01 -1.106378e-01   
   120   4.604400e-01 -1.106378e-01   
   121   1.352147e-01 -1.719468e-01   
   122  -1.399771e+00  5.391117e-01   
   123   1.399771e+00  5.391117e-01   
   124  -1.284571e+00  3.755929e-01   
   125  -2.785020e-01 -1.881523e-01   
   126   2.787513e-01 -1.897340e-01   
   127  -1.149804e+00  2.296781e-01   
   128  -5.000000e-02 -2.150000e-01   
   129   5.000000e-02 -2.150000e-01   
   130  -1.486611e-01 -2.625000e-01   
   131   1.486611e-01 -2.625000e-01   
   132   8.031660e-01 -9.553335e-02   
   133  -8.066956e-01 -1.044331e-01   
   134  -5.000000e-02 -3.100000e-01   
   135   5.000000e-02 -3.100000e-01   
   136   6.352756e-01 -2.074447e-01   
   137  -6.352756e-01 -2.074447e-01   
   138   1.305010e+00  2.201278e-01   
   139  -9.987165e-01 -5.064917e-02   
   140   9.987165e-01 -5.064917e-02   
   141  -1.459138e+00  3.477302e-01   
   142   1.459138e+00  3.477302e-01   
   143  -4.637487e-01 -3.100000e-01   
   144   4.637487e-01 -3.100000e-01   
   145  -1.375732e-01 -3.670000e-01   
   146   1.375732e-01 -3.670000e-01   
   147  -1.349711e+00  1.822247e-01   
   148   1.213106e+00  4.079154e-02   
   149  -1.213122e+00  4.032611e-02   
   150  -5.000000e-02 -4.050000e-01   
   151   5.000000e-02 -4.050000e-01   
   152   2.905437e-01 -4.050000e-01   
   153  -2.905437e-01 -4.050000e-01   
   154   1.486611e-01 -4.525000e-01   
   155  -1.486611e-01 -4.525000e-01   
   156   8.152884e-01 -2.956105e-01   
   157  -8.102005e-01 -3.044000e-01   
   158  -9.680771e-01 -2.506525e-01   
   159   9.680771e-01 -2.506525e-01   
   160  -5.000000e-02 -5.000000e-01   
   161   5.000000e-02 -5.000000e-01   
   162  -1.492467e+00  1.501435e-01   
   163   1.492467e+00  1.501435e-01   
   164  -6.352756e-01 -4.125553e-01   
   165   6.352756e-01 -4.125553e-01   
   166   1.162577e+00 -1.523667e-01   
   167  -1.134402e+00 -2.145318e-01   
   168   4.604400e-01 -5.093622e-01   
   169  -4.604400e-01 -5.093622e-01   
   170   1.506541e-01 -5.828529e-01   
   171  -1.506541e-01 -5.828529e-01   
   172   1.358868e+00 -9.166707e-02   
   173  -1.316799e+00 -1.324712e-01   
   174  -1.110223e-16 -6.038538e-01   
   175  -8.978045e-01 -4.403942e-01   
   176   8.978045e-01 -4.403942e-01   
   177  -1.499162e+00 -5.012246e-02   
   178   1.499162e+00 -5.012247e-02   
   179   1.115578e+00 -3.464140e-01   
   180  -6.317590e-01 -6.124863e-01   
   181   6.317590e-01 -6.124863e-01   
   182   1.306789e+00 -2.889543e-01   
   183  -2.870184e-01 -7.185999e-01   
   184   2.870184e-01 -7.185999e-01   
   185  -9.594676e-02 -7.412732e-01   
   186   9.594676e-02 -7.412732e-01   
   187  -1.296655e+00 -3.314779e-01   
   188  -7.907757e-01 -6.121060e-01   
   189   7.907757e-01 -6.121060e-01   
   190   4.567744e-01 -7.093191e-01   
   191  -4.698971e-01 -7.086411e-01   
   192  -1.144037e+00 -4.514930e-01   
   193   1.048090e+00 -5.285883e-01   
   194  -1.479105e+00 -2.494940e-01   
   195   1.479105e+00 -2.494940e-01   
   196  -1.009502e+00 -5.990030e-01   
   197   1.235013e+00 -4.756565e-01   
   198  -6.513725e-01 -7.587581e-01   
   199   6.513725e-01 -7.587581e-01   
   200  -1.432654e+00 -4.444134e-01   
   201   1.432654e+00 -4.444134e-01   
   202  -4.853020e-01 -8.743466e-01   
   203   4.853020e-01 -8.743466e-01   
   204  -8.922625e-01 -7.539128e-01   
   205   9.961460e-01 -7.213594e-01   
   206   1.180845e+00 -6.328260e-01   
   207   8.142564e-01 -8.009845e-01   
   208  -1.168796e+00 -6.548125e-01   
   209  -2.993631e-01 -9.541393e-01   
   210   2.993631e-01 -9.541393e-01   
   211  -1.011683e-01 -9.948693e-01   
   212   1.011683e-01 -9.948693e-01   
   213  -1.065466e+00 -7.850409e-01   
   214  -7.337451e-01 -9.122568e-01   
   215  -1.360636e+00 -6.314021e-01   
   216   1.360636e+00 -6.314021e-01   
   217   9.771074e-01 -9.145782e-01   
   218   6.187689e-01 -1.044230e+00   
   219  -6.183682e-01 -1.044467e+00   
   220  -3.570394e-01 -1.097914e+00   
   221  -9.467174e-01 -9.460012e-01   
   222   4.250955e-01 -1.092747e+00   
   223  -1.264338e+00 -8.071235e-01   
   224   1.264338e+00 -8.071235e-01   
   225   2.323387e-01 -1.144786e+00   
   226   8.202050e-01 -1.038639e+00   
   227   4.014745e-02 -1.173152e+00   
   228  -8.084483e-01 -1.096055e+00   
   229  -1.145478e+00 -9.684418e-01   
   230   1.145478e+00 -9.684418e-01   
   231  -1.538665e-01 -1.220242e+00   
   232  -5.166588e-01 -1.218430e+00   
   233   5.726597e-01 -1.235713e+00   
   234  -1.006177e+00 -1.112478e+00   
   235   1.006177e+00 -1.112478e+00   
   236   3.746205e-01 -1.284855e+00   
   237  -3.324592e-01 -1.296404e+00   
   238   1.763980e-01 -1.311637e+00   
   239   1.253578e-02 -1.339666e+00   
   240  -8.489206e-01 -1.236662e+00   
   241   8.489206e-01 -1.236662e+00   
   242  -6.765152e-01 -1.338778e+00   
   243   6.765152e-01 -1.338778e+00   
   244  -4.920373e-01 -1.417004e+00   
   245   4.920373e-01 -1.417004e+00   
   246  -2.987790e-01 -1.469943e+00   
   247   2.987790e-01 -1.469943e+00   
   248  -1.001890e-01 -1.496650e+00   
   249   1.001889e-01 -1.496650e+00   
  END_COORDINATES
  BOUNDARIES, ELEMENT
    1		1	4	230	
    2		4	10	232	
    3		5	1	250	
    4		10	19	234	
    5		11	5	431	
    6		19	27	235	
    7		20	11	422	
    8		27	39	378	
    9		28	20	354	
    10		39	59	380	
    11		40	28	353	
    12		42	43	1	
    13		43	53	1	
    14		53	61	6	
    15		54	42	8	
    16		59	80	425	
    17		60	40	351	
    18		61	72	4	
    19		62	54	3	
    20		72	83	9	
    21		73	62	10	
    22		80	103	322	
    23		81	60	349	
    24		83	94	2	
    25		84	73	5	
    26		94	95	2	
    27		95	84	7	
    28		98	99	11	
    29		99	112	11	
    30		103	122	301	
    31		104	81	374	
    32		112	128	16	
    33		113	98	18	
    34		122	141	303	
    35		123	104	427	
    36		128	134	14	
    37		129	113	13	
    38		134	150	19	
    39		135	129	20	
    40		141	162	305	
    41		142	123	428	
    42		150	160	12	
    43		151	135	15	
    44		160	161	12	
    45		161	151	17	
    46		162	177	306	
    47		163	142	398	
    48		177	194	402	
    49		178	163	282	
    50		194	200	404	
    51		195	178	281	
    52		200	215	429	
    53		201	195	279	
    54		215	223	273	
    55		216	201	277	
    56		223	229	253	
    57		224	216	298	
    58		229	234	255	
    59		230	224	430	
    60		234	240	257	
    61		235	230	414	
    62		240	242	258	
    63		241	235	412	
    64		242	244	388	
    65		243	241	330	
    66		244	246	390	
    67		245	243	329	
    68		246	248	426	
    69		247	245	327	
    70		248	249	346	
    71		249	247	325	
  END_BOUNDARIES
  MATERIALS
     1     3
     2     3
     3     3
     4     3
     5     3
     6     3
     7     3
     8     3
     9     3
     10     3
     11     4
     12     4
     13     4
     14     4
     15     4
     16     4
     17     4
     18     4
     19     4
     20     4
     21     1
     22     1
     23     1
     24     1
     25     1
     26     1
     27     1
     28     1
     29     1
     30     1
     31     1
     32     1
     33     1
     34     1
     35     1
     36     1
     37     1
     38     1
     39     1
     40     1
     41     1
     42     1
     43     1
     44     1
     45     1
     46     1
     47     1
     48     1
     49     1
     50     1
     51     1
     52     1
     53     1
     54     1
     55     1
     56     1
     57     1
     58     1
     59     1
     60     1
     61     1
     62     1
     63     1
     64     1
     65     1
     66     1
     67     1
     68     1
     69     1
     70     1
     71     1
     72     1
     73     1
     74     1
     75     1
     76     1
     77     1
     78     1
     79     1
     80     1
     81     1
     82     1
     83     1
     84     1
     85     1
     86     1
     87     1
     88     1
     89     1
     90     1
     91     1
     92     1
     93     1
     94     1
     95     1
     96     1
     97     1
     98     1
     99     1
     100     1
     101     1
     102     1
     103     1
     104     1
     105     1
     106     1
     107     1
     108     1
     109     1
     110     1
     111     1
     112     1
     113     1
     114     1
     115     1
     116     1
     117     1
     118     1
     119     1
     120     1
     121     1
     122     1
     123     1
     124     1
     125     1
     126     1
     127     1
     128     1
     129     1
     130     1
     131     1
     132     1
     133     1
     134     1
     135     1
     136     1
     137     1
     138     1
     139     1
     140     1
     141     1
     142     1
     143     1
     144     1
     145     1
     146     1
     147     1
     148     1
     149     1
     150     1
     151     1
     152     1
     153     1
     154     1
     155     1
     156     1
     157     1
     158     1
     159     1
     160     1
     161     1
     162     1
     163     1
     164     1
     165     1
     166     1
     167     1
     168     1
     169     1
     170     1
     171     1
     172     1
     173     1
     174     1
     175     1
     176     1
     177     1
     178     1
     179     1
     180     1
     181     1
     182     1
     183     1
     184     1
     185     1
     186     1
     187     1
     188     1
     189     1
     190     1
     191     1
     192     1
     193     1
     194     1
     195     1
     196     1
     197     1
     198     1
     199     1
     200     1
     201     1
     202     1
     203     1
     204     1
     205     1
     206     1
     207     1
     208     1
     209     1
     210     1
     211     1
     212     1
     213     1
     214     1
     215     1
     216     1
     217     1
     218     1
     219     1
     220     1
     221     1
     222     1
     223     1
     224     1
     225     1
     226     1
     227     1
     228     1
     229     1
     230     2
     231     2
     232     2
     233     2
     234     2
     235     2
     236     2
     237     2
     238     2
     239     2
     240     2
     241     2
     242     2
     243     2
     244     2
     245     2
     246     2
     247     2
     248     2
     249     2
     250     2
     251     2
     252     2
     253     2
     254     2
     255     2
     256     2
     257     2
     258     2
     259     2
     260     2
     261     2
     262     2
     263     2
     264     2
     265     2
     266     2
     267     2
     268     2
     269     2
     270     2
     271     2
     272     2
     273     2
     274     2
     275     2
     276     2
     277     2
     278     2
     279     2
     280     2
     281     2
     282     2
     283     2
     284     2
     285     2
     286     2
     287     2
     288     2
     289     2
     290     2
     291     2
     292     2
     293     2
     294     2
     295     2
     296     2
     297     2
     298     2
     299     2
     300     2
     301     2
     302     2
     303     2
     304     2
     305     2
     306     2
     307     2
     308     2
     309     2
     310     2
     311     2
     312     2
     313     2
     314     2
     315     2
     316     2
     317     2
     318     2
     319     2
     320     2
     321     2
     322     2
     323     2
     324     2
     325     2
     326     2
     327     2
     328     2
     329     2
     330     2
     331     2
     332     2
     333     2
     334     2
     335     2
     336     2
     337     2
     338     2
     339     2
     340     2
     341     2
     342     2
     343     2
     344     2
     345     2
     346     2
     347     2
     348     2
     349     2
     350     2
     351     2
     352     2
     353     2
     354     2
     355     2
     356     2
     357     2
     358     2
     359     2
     360     2
     361     2
     362     2
     363     2
     364     2
     365     2
     366     2
     367     2
     368     2
     369     2
     370     2
     371     2
     372     2
     373     2
     374     2
     375     2
     376     2
     377     2
     378     2
     379     2
     380     2
     381     2
     382     2
     383     2
     384     2
     385     2
     386     2
     387     2
     388     2
     389     2
     390     2
     391     2
     392     2
     393     2
     394     2
     395     2
     396     2
     397     2
     398     2
     399     2
     400     2
     401     2
     402     2
     403     2
     404     2
     405     2
     406     2
     407     2
     408     2
     409     2
     410     2
     411     2
     412     2
     413     2
     414     2
     415     2
     416     2
     417     2
     418     2
     419     2
     420     2
     421     2
     422     2
     423     2
     424     2
     425     2
     426     2
     427     2
     428     2
     429     2
     430     2
     431     2
     432     2
     433     2
     434     2
     435     2
     436     2
     437     2
     438     2
     439     2
     440     2
     441     2
     442     2
     443     2
     444     2
     445     2
     446     2
     447     2
     448     2
     449     2
  END_MATERIALS 
  SUBDOMAINS
  END_SUBDOMAINS
  CHARACTERISTICS
  END_CHARACTERISTICS
