  ON_NODES
   1  3  
   1  3  
   2  3  
   2  3  
   3  3  
   3  3  
   8  3  
   8  3  
   9  3  
   9  3  
   14  3  
   14  3  
   15  3  
   15  3  
   20  3  
   20  3  
   21  3  
   21  3  
   26  3  
   26  3  
   27  3  
   27  3  
   32  3  
   32  3  
   33  3  
   33  3  
   41  3  
   41  3  
   42  3  
   42  3  
   53  3  
   53  3  
   54  3  
   54  3  
   70  3  
   70  3  
   71  3  
   71  3  
   107  2  
   107  2  
   108  2  
   108  2  
   109  2  
   109  2  
   110  2  
   110  2  
   111  3  
   111  3  
   112  3  
   112  3  
   113  2  
   113  2  
   116  2  
   116  2  
   117  2  
   117  2  
   119  2  
   119  2  
   120  2  
   120  2  
   123  2  
   123  2  
   125  2  
   125  2  
   126  2  
   126  2  
   127  2  
   127  2  
   135  2  
   135  2  
   137  2  
   137  2  
   141  2  
   141  2  
   145  2  
   145  2  
   152  2  
   152  2  
   154  2  
   154  2  
   163  2  
   163  2  
   167  2  
   167  2  
   175  2  
   175  2  
   182  2  
   182  2  
   191  2  
   191  2  
   195  2  
   195  2  
   207  2  
   207  2  
   214  2  
   214  2  
   218  3  
   218  3  
   219  3  
   219  3  
   230  2  
   230  2  
   234  2  
   234  2  
   249  2  
   249  2  
   256  2  
   256  2  
   271  2  
   271  2  
   280  2  
   280  2  
   303  2  
   303  2  
   308  2  
   308  2  
   328  2  
   328  2  
   340  2  
   340  2  
   358  2  
   358  2  
   370  2  
   370  2  
   373  3  
   373  3  
   374  3  
   374  3  
   396  2  
   396  2  
   404  2  
   404  2  
   432  2  
   432  2  
   445  2  
   445  2  
   474  2  
   474  2  
   485  2  
   485  2  
   513  2  
   513  2  
   531  2  
   531  2  
   567  2  
   567  2  
   573  3  
   573  3  
   574  3  
   574  3  
   579  2  
   579  2  
   619  2  
   619  2  
   632  2  
   632  2  
   673  2  
   673  2  
   688  2  
   688  2  
   724  2  
   724  2  
   742  2  
   742  2  
   782  2  
   782  2  
   798  2  
   798  2  
   815  3  
   815  3  
   816  3  
   816  3  
   842  2  
   842  2  
   862  2  
   862  2  
   913  2  
   913  2  
   936  2  
   936  2  
   980  2  
   980  2  
   1000  2  
   1000  2  
   1054  2  
   1054  2  
   1072  2  
   1072  2  
   1088  3  
   1088  3  
   1089  3  
   1089  3  
   1128  2  
   1128  2  
   1148  2  
   1148  2  
   1209  2  
   1209  2  
   1229  2  
   1229  2  
   1286  2  
   1286  2  
   1308  2  
   1308  2  
   1370  2  
   1370  2  
   1396  3  
   1396  3  
   1397  3  
   1397  3  
   1398  2  
   1398  2  
   1455  2  
   1455  2  
   1479  2  
   1479  2  
   1545  2  
   1545  2  
   1575  2  
   1575  2  
   1644  2  
   1644  2  
   1669  2  
   1669  2  
   1727  3  
   1727  3  
   1728  3  
   1728  3  
   1736  2  
   1736  2  
   1767  2  
   1767  2  
   1831  2  
   1831  2  
   1864  2  
   1864  2  
   1929  2  
   1929  2  
   1963  2  
   1963  2  
   2030  2  
   2030  2  
   2065  2  
   2065  2  
   2079  3  
   2079  3  
   2080  3  
   2080  3  
   2138  2  
   2138  2  
   2167  2  
   2167  2  
   2243  2  
   2243  2  
   2279  2  
   2279  2  
   2355  2  
   2355  2  
   2393  2  
   2393  2  
   2461  3  
   2461  3  
   2462  3  
   2462  3  
   2472  2  
   2472  2  
   2509  2  
   2509  2  
   2593  2  
   2593  2  
   2631  2  
   2631  2  
   2714  2  
   2714  2  
   2746  2  
   2746  2  
   2834  2  
   2834  2  
   2868  3  
   2868  3  
   2869  3  
   2869  3  
   2871  2  
   2871  2  
   2910  1  
   2910  1  
   2911  1  
   2911  1  
   2915  1  
   2915  1  
   2917  1  
   2917  1  
   2926  1  
   2926  1  
   2929  1  
   2929  1  
   2936  1  
   2936  1  
   2941  1  
   2941  1  
   2946  1  
   2946  1  
   2951  1  
   2951  1  
   2954  2  
   2954  2  
   2965  1  
   2965  1  
   2972  1  
   2972  1  
   2996  1  
   2996  1  
   2999  2  
   2999  2  
   3002  1  
   3002  1  
   3021  1  
   3021  1  
   3027  1  
   3027  1  
   3052  1  
   3052  1  
   3057  1  
   3057  1  
   3080  2  
   3080  2  
   3085  1  
   3085  1  
   3093  1  
   3093  1  
   3124  2  
   3124  2  
   3126  1  
   3126  1  
   3133  1  
   3133  1  
   3171  1  
   3171  1  
   3178  1  
   3178  1  
   3214  1  
   3214  1  
   3218  2  
   3218  2  
   3229  1  
   3229  1  
   3263  2  
   3263  2  
   3269  1  
   3269  1  
   3281  1  
   3281  1  
   3305  3  
   3305  3  
   3306  3  
   3306  3  
   3325  1  
   3325  1  
   3337  1  
   3337  1  
   3357  2  
   3357  2  
   3384  1  
   3384  1  
   3396  1  
   3396  1  
   3398  2  
   3398  2  
   3445  1  
   3445  1  
   3467  1  
   3467  1  
   3498  2  
   3498  2  
   3512  1  
   3512  1  
   3527  1  
   3527  1  
   3536  2  
   3536  2  
   3584  1  
   3584  1  
   3602  1  
   3602  1  
   3638  2  
   3638  2  
   3651  1  
   3651  1  
   3668  1  
   3668  1  
   3672  2  
   3672  2  
   3735  1  
   3735  1  
   3756  1  
   3756  1  
   3763  3  
   3763  3  
   3764  3  
   3764  3  
   3774  2  
   3774  2  
   3814  1  
   3814  1  
   3817  2  
   3817  2  
   3836  1  
   3836  1  
   3901  1  
   3901  1  
   3915  2  
   3915  2  
   3916  1  
   3916  1  
   3974  2  
   3974  2  
   4001  1  
   4001  1  
   4015  1  
   4015  1  
   4066  2  
   4066  2  
   4093  1  
   4093  1  
   4110  1  
   4110  1  
   4116  2  
   4116  2  
   4182  1  
   4182  1  
   4208  1  
   4208  1  
   4218  2  
   4218  2  
   4243  3  
   4243  3  
   4244  3  
   4244  3  
   4265  2  
   4265  2  
   4284  1  
   4284  1  
   4306  1  
   4306  1  
   4368  2  
   4368  2  
   4393  1  
   4393  1  
   4414  1  
   4414  1  
   4417  2  
   4417  2  
   4496  1  
   4496  1  
   4519  1  
   4519  1  
   4521  2  
   4521  2  
   4566  2  
   4566  2  
   4612  1  
   4612  1  
   4631  1  
   4631  1  
   4675  2  
   4675  2  
   4720  2  
   4720  2  
   4721  1  
   4721  1  
   4735  3  
   4735  3  
   4736  3  
   4736  3  
   4748  1  
   4748  1  
   4837  2  
   4837  2  
   4843  1  
   4843  1  
   4869  1  
   4869  1  
   4888  2  
   4888  2  
   4971  1  
   4971  1  
   5000  1  
   5000  1  
   5001  2  
   5001  2  
   5050  2  
   5050  2  
   5096  1  
   5096  1  
   5124  1  
   5124  1  
   5160  2  
   5160  2  
   5214  2  
   5214  2  
   5225  1  
   5225  1  
   5255  1  
   5255  1  
   5260  3  
   5260  3  
   5261  3  
   5261  3  
   5326  2  
   5326  2  
   5367  1  
   5367  1  
   5385  2  
   5385  2  
   5396  1  
   5396  1  
   5501  2  
   5501  2  
   5505  1  
   5505  1  
   5537  1  
   5537  1  
   5555  2  
   5555  2  
   5644  1  
   5644  1  
   5670  2  
   5670  2  
   5674  1  
   5674  1  
   5723  2  
   5723  2  
   5790  1  
   5790  1  
   5804  3  
   5804  3  
   5805  3  
   5805  3  
   5819  1  
   5819  1  
   5838  2  
   5838  2  
   5892  2  
   5892  2  
   5937  1  
   5937  1  
   5971  1  
   5971  1  
   6020  2  
   6020  2  
   6072  2  
   6072  2  
   6090  1  
   6090  1  
   6126  1  
   6126  1  
   6199  2  
   6199  2  
   6253  1  
   6253  1  
   6255  2  
   6255  2  
   6281  1  
   6281  1  
   6366  3  
   6366  3  
   6367  3  
   6367  3  
   6379  2  
   6379  2  
   6415  1  
   6415  1  
   6433  2  
   6433  2  
   6439  1  
   6439  1  
   6558  2  
   6558  2  
   6573  1  
   6573  1  
   6603  1  
   6603  1  
   6610  2  
   6610  2  
   6735  1  
   6735  1  
   6738  2  
   6738  2  
   6767  1  
   6767  1  
   6787  2  
   6787  2  
   6896  1  
   6896  1  
   6920  2  
   6920  2  
   6933  1  
   6933  1  
   6938  3  
   6938  3  
   6939  3  
   6939  3  
   6977  2  
   6977  2  
   7073  1  
   7073  1  
   7109  1  
   7109  1  
   7112  2  
   7112  2  
   7172  2  
   7172  2  
   7252  1  
   7252  1  
   7283  1  
   7283  1  
   7302  2  
   7302  2  
   7359  2  
   7359  2  
   7425  1  
   7425  1  
   7465  1  
   7465  1  
   7493  2  
   7493  2  
   7539  3  
   7539  3  
   7540  3  
   7540  3  
   7550  2  
   7550  2  
   7614  1  
   7614  1  
   7655  1  
   7655  1  
   7691  2  
   7691  2  
   7746  2  
   7746  2  
   7794  1  
   7794  1  
   7835  1  
   7835  1  
   7881  2  
   7881  2  
   7939  2  
   7939  2  
   7976  1  
   7976  1  
   8020  1  
   8020  1  
   8068  2  
   8068  2  
   8128  2  
   8128  2  
   8139  3  
   8139  3  
   8140  3  
   8140  3  
   8165  1  
   8165  1  
   8199  1  
   8199  1  
   8266  2  
   8266  2  
   8326  2  
   8326  2  
   8353  1  
   8353  1  
   8388  1  
   8388  1  
   8461  2  
   8461  2  
   8523  2  
   8523  2  
   8543  1  
   8543  1  
   8584  1  
   8584  1  
   8662  2  
   8662  2  
   8720  2  
   8720  2  
   8737  1  
   8737  1  
   8760  3  
   8760  3  
   8761  3  
   8761  3  
   8781  1  
   8781  1  
   8862  2  
   8862  2  
   8924  2  
   8924  2  
   8937  1  
   8937  1  
   8979  1  
   8979  1  
   9061  2  
   9061  2  
   9126  2  
   9126  2  
   9135  1  
   9135  1  
   9177  1  
   9177  1  
   9261  2  
   9261  2  
   9322  2  
   9322  2  
   9332  1  
   9332  1  
   9369  1  
   9369  1  
   9385  3  
   9385  3  
   9386  3  
   9386  3  
   9466  2  
   9466  2  
   9525  2  
   9525  2  
   9535  1  
   9535  1  
   9576  1  
   9576  1  
   9666  2  
   9666  2  
   9727  2  
   9727  2  
   9737  1  
   9737  1  
   9778  1  
   9778  1  
   9870  2  
   9870  2  
   9934  2  
   9934  2  
   9944  1  
   9944  1  
   9988  1  
   9988  1  
   10025  3  
   10025  3  
   10026  3  
   10026  3  
   10086  2  
   10086  2  
   10147  2  
   10147  2  
   10161  1  
   10161  1  
   10198  1  
   10198  1  
   10290  2  
   10290  2  
   10355  2  
   10355  2  
   10368  1  
   10368  1  
   10407  1  
   10407  1  
   10490  2  
   10490  2  
   10555  2  
   10555  2  
   10569  1  
   10569  1  
   10615  1  
   10615  1  
   10661  3  
   10661  3  
   10662  3  
   10662  3  
   10698  2  
   10698  2  
   10766  2  
   10766  2  
   10785  1  
   10785  1  
   10828  1  
   10828  1  
   10913  2  
   10913  2  
   10976  2  
   10976  2  
   10996  1  
   10996  1  
   11043  1  
   11043  1  
   11127  2  
   11127  2  
   11189  2  
   11189  2  
   11210  1  
   11210  1  
   11259  1  
   11259  1  
   11324  3  
   11324  3  
   11325  3  
   11325  3  
   11333  2  
   11333  2  
   11407  2  
   11407  2  
   11432  1  
   11432  1  
   11482  1  
   11482  1  
   11551  2  
   11551  2  
   11619  2  
   11619  2  
   11655  1  
   11655  1  
   11700  1  
   11700  1  
   11768  2  
   11768  2  
   11836  2  
   11836  2  
   11878  1  
   11878  1  
   11921  1  
   11921  1  
   11979  2  
   11979  2  
   11993  3  
   11993  3  
   11994  3  
   11994  3  
   12045  2  
   12045  2  
   12095  1  
   12095  1  
   12140  1  
   12140  1  
   12189  2  
   12189  2  
   12261  2  
   12261  2  
   12320  1  
   12320  1  
   12368  1  
   12368  1  
   12410  2  
   12410  2  
   12477  2  
   12477  2  
   12545  1  
   12545  1  
   12589  1  
   12589  1  
   12619  2  
   12619  2  
   12670  3  
   12670  3  
   12671  3  
   12671  3  
   12696  2  
   12696  2  
   12776  1  
   12776  1  
   12818  1  
   12818  1  
   12852  2  
   12852  2  
   12920  2  
   12920  2  
   12999  1  
   12999  1  
   13049  1  
   13049  1  
   13075  2  
   13075  2  
   13139  2  
   13139  2  
   13228  1  
   13228  1  
   13293  1  
   13293  1  
   13304  2  
   13304  2  
   13384  3  
   13384  3  
   13385  3  
   13385  3  
   13391  4  
   13391  4  
   13392  2  
   13392  2  
   13409  4  
   13412  4  
   13430  4  
   13432  4  
   13444  4  
   13445  4  
   13460  4  
   13461  4  
   13476  4  
   13480  4  
   13502  4  
   13503  4  
   13526  4  
   13529  4  
   13543  4  
   13547  4  
   13566  4  
   13570  4  
   13576  1  
   13576  1  
   13584  4  
   13588  4  
   13609  4  
   13610  4  
   13627  4  
   13632  4  
   13647  4  
   13653  4  
   13668  4  
   13669  1  
   13669  1  
   13677  2  
   13677  2  
   13678  4  
   13691  4  
   13695  4  
   13709  4  
   13715  4  
   13727  4  
   13733  4  
   13747  4  
   13754  4  
   13765  4  
   13769  4  
   13785  4  
   13793  4  
   13795  2  
   13795  2  
   13811  4  
   13819  4  
   13827  4  
   13837  4  
   13851  4  
   13861  4  
   13871  4  
   13880  4  
   13892  4  
   13901  4  
   13922  4  
   13931  4  
   13948  4  
   13955  4  
   13965  4  
   13976  4  
   13986  4  
   13997  4  
   14006  4  
   14016  4  
   14021  1  
   14021  1  
   14027  4  
   14040  4  
   14046  4  
   14060  4  
   14068  4  
   14084  4  
   14089  4  
   14100  2  
   14100  2  
   14104  4  
   14110  4  
   14112  1  
   14112  1  
   14130  4  
   14138  4  
   14152  4  
   14161  4  
   14179  4  
   14183  4  
   14199  4  
   14202  4  
   14222  4  
   14229  4  
   14235  2  
   14235  2  
   14240  4  
   14240  4  
   14247  4  
   14261  4  
   14267  4  
   14285  4  
   14291  4  
   14305  4  
   14314  4  
   14334  4  
   14342  4  
   14357  4  
   14365  4  
   14379  4  
   14385  4  
   14399  4  
   14413  4  
   14421  4  
   14438  4  
   14446  4  
   14459  4  
   14466  4  
   14479  4  
   14490  4  
   14495  1  
   14495  1  
   14509  4  
   14515  4  
   14527  4  
   14534  4  
   14547  4  
   14554  4  
   14557  2  
   14557  2  
   14569  4  
   14576  4  
   14591  1  
   14591  1  
   14594  4  
   14601  4  
   14615  4  
   14622  4  
   14637  4  
   14641  4  
   14662  4  
   14663  4  
   14688  4  
   14691  4  
   14700  2  
   14700  2  
   14712  4  
   14714  4  
   14739  4  
   14740  4  
   14755  3  
   14755  3  
   14756  3  
   14756  3  
   14763  4  
   14766  4  
   14782  4  
   14783  4  
   14808  4  
   14809  4  
   14833  4  
   14834  4  
   14858  4  
   14860  4  
   14875  4  
   14877  4  
   14898  4  
   14900  4  
   14922  4  
   14924  4  
   14942  4  
   14948  4  
   14966  4  
   14973  4  
   14976  1  
   14976  1  
   14993  4  
   14996  4  
   15011  4  
   15016  4  
   15024  2  
   15024  2  
   15036  4  
   15043  4  
   15061  4  
   15066  4  
   15078  1  
   15078  1  
   15079  4  
   15085  4  
   15102  4  
   15108  4  
   15120  4  
   15130  4  
   15147  4  
   15155  4  
   15162  2  
   15162  2  
   15171  4  
   15179  4  
   15191  4  
   15202  4  
   15213  4  
   15225  4  
   15229  4  
   15244  4  
   15255  4  
   15271  4  
   15281  4  
   15301  4  
   15307  4  
   15319  4  
   15326  4  
   15342  4  
   15347  4  
   15360  4  
   15364  4  
   15383  4  
   15385  4  
   15407  4  
   15413  4  
   15435  4  
   15438  4  
   15452  1  
   15452  1  
   15456  4  
   15458  4  
   15473  2  
   15473  2  
   15474  4  
   15477  4  
   15502  4  
   15503  4  
   15524  4  
   15526  4  
   15544  4  
   15546  1  
   15546  1  
   15547  4  
   15572  4  
   15573  4  
   15598  4  
   15599  4  
   15623  2  
   15623  2  
   15624  4  
   15626  4  
   15643  4  
   15646  4  
   15667  4  
   15672  4  
   15689  4  
   15693  4  
   15713  4  
   15719  4  
   15736  4  
   15741  4  
   15761  4  
   15768  4  
   15788  4  
   15792  4  
   15805  4  
   15812  4  
   15829  4  
   15834  4  
   15842  4  
   15852  4  
   15868  4  
   15876  4  
   15893  4  
   15901  4  
   15909  4  
   15915  4  
   15919  1  
   15919  1  
   15928  2  
   15928  2  
   15936  4  
   15943  4  
   15953  4  
   15964  4  
   15978  4  
   15991  4  
   16006  4  
   16017  4  
   16021  1  
   16021  1  
   16027  4  
   16044  4  
   16053  4  
   16068  4  
   16072  2  
   16072  2  
   16077  4  
   16092  4  
   16100  4  
   16112  4  
   16115  4  
   16131  4  
   16137  4  
   16153  4  
   16159  4  
   16165  3  
   16165  3  
   16166  3  
   16166  3  
   16183  4  
   16185  4  
   16206  4  
   16209  4  
   16226  4  
   16231  4  
   16250  4  
   16254  4  
   16272  4  
   16274  4  
   16299  4  
   16301  4  
   16316  4  
   16317  4  
   16342  4  
   16343  4  
   16368  4  
   16369  4  
   16382  2  
   16382  2  
   16392  4  
   16393  4  
   16397  1  
   16397  1  
   16413  4  
   16414  4  
   16431  4  
   16433  4  
   16453  4  
   16455  4  
   16481  4  
   16484  4  
   16492  1  
   16492  1  
   16511  4  
   16512  4  
   16529  2  
   16529  2  
   16535  4  
   16536  4  
   16554  4  
   16560  4  
   16577  4  
   16580  4  
   16594  4  
   16598  4  
   16617  4  
   16620  4  
   16636  4  
   16646  4  
   16658  4  
   16667  4  
   16679  4  
   16688  4  
   16704  4  
   16712  4  
   16728  4  
   16739  4  
   16752  4  
   16760  4  
   16774  4  
   16784  4  
   16798  4  
   16813  4  
   16821  4  
   16828  2  
   16828  2  
   16833  4  
   16841  4  
   16857  4  
   16860  1  
   16860  1  
   16864  4  
   16877  4  
   16886  4  
   16901  4  
   16911  4  
   16924  4  
   16934  4  
   16945  4  
   16951  1  
   16951  1  
   16952  4  
   16957  2  
   16957  2  
   16975  4  
   16981  4  
   16996  4  
   17004  4  
   17023  4  
   17029  4  
   17050  4  
   17056  4  
   17073  4  
   17077  4  
   17098  4  
   17103  4  
   17123  4  
   17128  4  
   17145  4  
   17148  4  
   17163  4  
   17166  4  
   17190  4  
   17191  4  
   17211  4  
   17213  4  
   17236  4  
   17238  4  
   17263  4  
   17265  4  
   17281  2  
   17281  2  
   17287  4  
   17288  4  
   17309  4  
   17311  4  
   17333  1  
   17333  1  
   17334  4  
   17335  4  
   17355  4  
   17356  4  
   17374  4  
   17377  4  
   17394  4  
   17396  4  
   17405  2  
   17405  2  
   17419  4  
   17424  1  
   17424  1  
   17425  4  
   17446  4  
   17453  4  
   17467  4  
   17472  4  
   17494  4  
   17500  4  
   17515  4  
   17519  4  
   17529  4  
   17539  4  
   17561  4  
   17567  3  
   17567  3  
   17568  3  
   17568  3  
   17573  4  
   17587  4  
   17595  4  
   17610  4  
   17616  4  
   17631  4  
   17635  4  
   17647  4  
   17660  4  
   17676  4  
   17691  4  
   17701  4  
   17710  4  
   17723  2  
   17723  2  
   17725  4  
   17737  4  
   17746  4  
   17759  4  
   17769  4  
   17788  4  
   17798  4  
   17800  1  
   17800  1  
   17810  4  
   17818  4  
   17831  4  
   17840  4  
   17852  4  
   17856  2  
   17856  2  
   17858  4  
   17876  4  
   17887  4  
   17891  1  
   17891  1  
   17906  4  
   17912  4  
   17928  4  
   17932  4  
   17949  4  
   17957  4  
   17974  4  
   17974  4  
   17980  4  
   17995  4  
   18001  4  
   18011  4  
   18020  4  
   18028  4  
   18044  4  
   18057  4  
   18075  4  
   18078  4  
   18094  4  
   18098  4  
   18118  4  
   18121  4  
   18141  4  
   18144  4  
   18170  4  
   18171  5  
   18171  5  
   18172  4  
   18173  2  
   18173  2  
   18190  4  
   18191  5  
   18197  5  
   18198  4  
   18214  4  
   18215  5  
   18223  5  
   18224  4  
   18241  4  
   18242  5  
   18254  4  
   18257  5  
   18269  4  
   18270  5  
   18284  1  
   18284  1  
   18286  4  
   18289  5  
   18298  4  
   18299  5  
   18314  4  
   18317  5  
   18323  4  
   18326  5  
   18339  2  
   18339  2  
   18344  4  
   18348  5  
   18353  4  
   18354  5  
   18378  4  
   18382  5  
   18383  4  
   18384  5  
   18410  4  
   18411  4  
   18412  5  
   18413  1  
   18413  1  
   18416  5  
   18439  5  
   18440  4  
   18443  4  
   18447  5  
   18467  5  
   18468  4  
   18473  4  
   18477  5  
   18496  5  
   18497  4  
   18505  4  
   18508  5  
   18530  5  
   18532  4  
   18536  4  
   18545  5  
   18553  5  
   18556  4  
   18564  4  
   18572  5  
   18578  5  
   18580  4  
   18594  4  
   18601  5  
   18604  5  
   18606  4  
   18633  4  
   18636  5  
   18637  4  
   18638  5  
   18657  4  
   18660  5  
   18661  4  
   18667  5  
   18689  4  
   18690  5  
   18691  4  
   18698  5  
   18712  5  
   18716  4  
   18717  4  
   18733  5  
   18746  5  
   18748  4  
   18749  2  
   18749  2  
   18751  4  
   18764  5  
   18772  5  
   18776  4  
   18783  4  
   18799  5  
   18806  5  
   18808  4  
   18815  4  
   18830  5  
   18833  5  
   18834  4  
   18847  4  
   18861  5  
   18863  5  
   18867  4  
   18882  4  
   18893  5  
   18896  4  
   18897  5  
   18902  1  
   18902  1  
   18911  4  
   18918  5  
   18922  4  
   18926  5  
   18932  2  
   18932  2  
   18939  4  
   18944  5  
   18945  4  
   18953  5  
   18964  4  
   18965  5  
   18967  4  
   18976  5  
   18989  5  
   18991  4  
   18994  4  
   19013  5  
   19017  1  
   19017  1  
   19025  5  
   19029  4  
   19029  4  
   19043  5  
   19048  5  
   19071  5  
   19072  5  
   19092  5  
   19093  5  
   19111  5  
   19119  5  
   19133  5  
   19140  5  
   19155  5  
   19160  3  
   19160  3  
   19161  3  
   19161  3  
   19166  5  
   19180  5  
   19193  5  
   19200  5  
   19209  5  
   19217  5  
   19217  5  
   19237  5  
   19240  5  
   19258  2  
   19258  2  
   19262  5  
   19265  5  
   19284  5  
   19285  5  
   19308  5  
   19313  5  
   19339  5  
   19341  5  
   19361  5  
   19365  5  
   19388  5  
   19389  5  
   19391  1  
   19391  1  
   19397  2  
   19397  2  
   19407  5  
   19410  5  
   19430  5  
   19431  5  
   19451  5  
   19453  5  
   19476  5  
   19477  5  
   19482  1  
   19482  1  
   19505  5  
   19508  5  
   19526  5  
   19528  5  
   19557  5  
   19559  5  
   19578  5  
   19581  5  
   19596  5  
   19598  5  
   19622  5  
   19627  5  
   19640  5  
   19645  5  
   19659  5  
   19669  5  
   19689  5  
   19696  5  
   19698  2  
   19698  2  
   19719  5  
   19720  5  
   19740  5  
   19746  5  
   19758  5  
   19761  5  
   19780  5  
   19787  5  
   19804  5  
   19812  5  
   19834  2  
   19834  2  
   19835  5  
   19845  5  
   19847  1  
   19847  1  
   19855  5  
   19863  5  
   19875  5  
   19883  5  
   19900  5  
   19912  5  
   19923  5  
   19934  5  
   19935  1  
   19935  1  
   19950  5  
   19964  5  
   19975  5  
   19981  5  
   19995  5  
   20008  5  
   20019  5  
   20031  5  
   20045  5  
   20060  5  
   20070  5  
   20086  5  
   20094  5  
   20105  5  
   20116  5  
   20135  5  
   20137  2  
   20137  2  
   20146  5  
   20160  5  
   20170  5  
   20188  5  
   20194  5  
   20211  5  
   20217  5  
   20231  5  
   20236  5  
   20256  5  
   20263  5  
   20271  2  
   20271  2  
   20283  5  
   20287  5  
   20301  1  
   20301  1  
   20306  5  
   20308  5  
   20320  5  
   20326  5  
   20350  5  
   20353  5  
   20371  5  
   20374  5  
   20392  1  
   20392  1  
   20401  5  
   20403  5  
   20423  5  
   20426  5  
   20447  5  
   20448  5  
   20471  5  
   20473  5  
   20498  5  
   20499  5  
   20527  5  
   20528  5  
   20539  3  
   20539  3  
   20540  3  
   20540  3  
   20548  5  
   20549  5  
   20573  5  
   20574  2  
   20574  2  
   20575  5  
   20594  5  
   20596  5  
   20619  5  
   20622  5  
   20646  5  
   20648  5  
   20670  5  
   20674  5  
   20692  5  
   20694  5  
   20704  2  
   20704  2  
   20714  5  
   20718  5  
   20737  5  
   20742  5  
   20762  1  
   20762  1  
   20766  5  
   20771  5  
   20784  5  
   20790  5  
   20806  5  
   20811  5  
   20822  5  
   20829  5  
   20836  1  
   20836  1  
   20846  5  
   20855  5  
   20874  5  
   20882  5  
   20903  5  
   20908  5  
   20922  5  
   20931  5  
   20946  5  
   20962  5  
   20974  5  
   20981  5  
   20998  5  
   21002  2  
   21002  2  
   21010  5  
   21018  5  
   21031  5  
   21045  5  
   21055  5  
   21073  5  
   21086  5  
   21097  5  
   21106  5  
   21118  5  
   21134  5  
   21136  2  
   21136  2  
   21148  5  
   21158  5  
   21163  5  
   21180  5  
   21190  5  
   21203  1  
   21203  1  
   21210  5  
   21217  5  
   21233  5  
   21242  5  
   21256  5  
   21262  5  
   21275  5  
   21290  5  
   21296  1  
   21296  1  
   21303  5  
   21310  5  
   21324  5  
   21329  5  
   21343  5  
   21348  5  
   21367  5  
   21374  5  
   21390  5  
   21394  5  
   21415  5  
   21420  5  
   21427  2  
   21427  2  
   21449  5  
   21454  5  
   21470  5  
   21474  5  
   21492  5  
   21494  5  
   21519  5  
   21521  5  
   21541  5  
   21542  5  
   21561  2  
   21561  2  
   21564  5  
   21567  5  
   21596  5  
   21597  5  
   21615  5  
   21616  5  
   21643  5  
   21644  5  
   21646  1  
   21646  1  
   21671  5  
   21672  5  
   21699  5  
   21701  5  
   21722  5  
   21726  5  
   21742  1  
   21742  1  
   21744  5  
   21749  5  
   21771  5  
   21772  5  
   21791  5  
   21795  5  
   21814  5  
   21818  5  
   21836  5  
   21841  5  
   21863  5  
   21864  2  
   21864  2  
   21871  5  
   21888  3  
   21888  3  
   21889  3  
   21889  3  
   21892  5  
   21895  5  
   21912  5  
   21915  5  
   21941  5  
   21947  5  
   21962  5  
   21966  5  
   21982  5  
   21990  5  
   21995  2  
   21995  2  
   22014  5  
   22017  5  
   22036  5  
   22040  5  
   22059  5  
   22067  5  
   22085  5  
   22097  5  
   22099  1  
   22099  1  
   22109  5  
   22121  5  
   22137  5  
   22146  5  
   22161  5  
   22170  5  
   22185  5  
   22192  1  
   22192  1  
   22196  5  
   22207  5  
   22219  5  
   22229  5  
   22240  5  
   22258  5  
   22265  5  
   22275  5  
   22289  5  
   22297  2  
   22297  2  
   22305  5  
   22320  5  
   22333  5  
   22343  5  
   22349  5  
   22361  5  
   22373  5  
   22388  5  
   22394  5  
   22411  5  
   22421  5  
   22423  2  
   22423  2  
   22441  5  
   22450  5  
   22465  5  
   22474  5  
   22489  5  
   22498  5  
   22515  5  
   22527  5  
   22548  5  
   22549  1  
   22549  1  
   22556  5  
   22572  5  
   22578  5  
   22594  5  
   22598  5  
   22614  5  
   22617  5  
   22636  1  
   22636  1  
   22646  5  
   22652  5  
   22671  5  
   22676  5  
   22700  5  
   22704  5  
   22722  5  
   22726  5  
   22731  2  
   22731  2  
   22748  5  
   22749  5  
   22767  5  
   22771  5  
   22794  5  
   22796  5  
   22815  5  
   22817  5  
   22845  5  
   22848  5  
   22865  2  
   22865  2  
   22877  5  
   22878  5  
   22903  5  
   22904  5  
   22928  5  
   22929  5  
   22953  5  
   22956  5  
   22973  5  
   22976  5  
   22992  1  
   22992  1  
   22993  5  
   22997  5  
   23023  5  
   23025  5  
   23052  5  
   23054  5  
   23073  5  
   23076  5  
   23093  1  
   23093  1  
   23101  5  
   23102  5  
   23120  5  
   23126  5  
   23150  5  
   23152  5  
   23165  2  
   23165  2  
   23169  5  
   23173  5  
   23194  5  
   23197  5  
   23213  5  
   23218  5  
   23236  5  
   23242  3  
   23242  3  
   23243  3  
   23243  3  
   23249  5  
   23264  5  
   23273  5  
   23273  5  
   23296  5  
   23297  2  
   23297  2  
   23300  5  
   23318  5  
   23322  5  
   23340  5  
   23345  5  
   23355  5  
   23374  5  
   23376  5  
   23395  5  
   23396  5  
   23416  5  
   23422  5  
   23434  5  
   23441  1  
   23441  1  
   23445  5  
   23455  5  
   23472  5  
   23474  5  
   23493  5  
   23494  5  
   23513  5  
   23518  5  
   23530  5  
   23531  1  
   23531  1  
   23545  5  
   23552  5  
   23562  5  
   23567  5  
   23584  5  
   23587  5  
   23588  2  
   23588  2  
   23601  5  
   23611  5  
   23620  5  
   23633  5  
   23644  5  
   23660  5  
   23664  5  
   23680  5  
   23681  5  
   23709  5  
   23715  5  
   23721  2  
   23721  2  
   23727  5  
   23741  5  
   23749  5  
   23765  5  
   23767  5  
   23788  5  
   23789  5  
   23803  5  
   23814  5  
   23822  5  
   23835  5  
   23845  5  
   23855  5  
   23856  5  
   23875  1  
   23875  1  
   23882  5  
   23884  5  
   23900  5  
   23906  5  
   23913  5  
   23923  5  
   23929  5  
   23943  5  
   23944  5  
   23952  1  
   23952  1  
   23965  5  
   23968  5  
   23976  5  
   23983  5  
   23988  2  
   23988  2  
   23998  5  
   24006  5  
   24009  5  
   24026  5  
   24026  5  
   24094  2  
   24094  2  
   24190  1  
   24190  1  
   24232  1  
   24232  1  
   24248  2  
   24248  2  
   24329  2  
   24329  2  
   24341  3  
   24341  3  
   24342  3  
   24342  3  
   24422  1  
   24422  1  
   24467  1  
   24467  1  
   24480  2  
   24480  2  
   24553  2  
   24553  2  
   24649  1  
   24649  1  
   24694  1  
   24694  1  
   24698  2  
   24698  2  
   24768  2  
   24768  2  
   24873  1  
   24873  1  
   24913  2  
   24913  2  
   24915  1  
   24915  1  
   24993  2  
   24993  2  
   25041  3  
   25041  3  
   25042  3  
   25042  3  
   25100  1  
   25100  1  
   25135  2  
   25135  2  
   25142  1  
   25142  1  
   25219  2  
   25219  2  
   25317  1  
   25317  1  
   25352  2  
   25352  2  
   25370  1  
   25370  1  
   25433  2  
   25433  2  
   25544  1  
   25544  1  
   25571  2  
   25571  2  
   25596  1  
   25596  1  
   25661  2  
   25661  2  
   25731  3  
   25731  3  
   25732  3  
   25732  3  
   25767  1  
   25767  1  
   25802  2  
   25802  2  
   25817  1  
   25817  1  
   25880  2  
   25880  2  
   25994  1  
   25994  1  
   26024  2  
   26024  2  
   26047  1  
   26047  1  
   26096  2  
   26096  2  
   26210  1  
   26210  1  
   26239  2  
   26239  2  
   26270  1  
   26270  1  
   26316  2  
   26316  2  
   26431  3  
   26431  3  
   26432  3  
   26432  3  
   26439  1  
   26439  1  
   26461  2  
   26461  2  
   26489  1  
   26489  1  
   26535  2  
   26535  2  
   26657  1  
   26657  1  
   26679  2  
   26679  2  
   26703  1  
   26703  1  
   26747  2  
   26747  2  
   26881  1  
   26881  1  
   26898  2  
   26898  2  
   26918  1  
   26918  1  
   26963  2  
   26963  2  
   27092  1  
   27092  1  
   27119  2  
   27119  2  
   27133  3  
   27133  3  
   27134  3  
   27134  3  
   27141  1  
   27141  1  
   27177  2  
   27177  2  
   27310  1  
   27310  1  
   27332  2  
   27332  2  
   27356  1  
   27356  1  
   27394  2  
   27394  2  
   27524  1  
   27524  1  
   27545  2  
   27545  2  
   27565  1  
   27565  1  
   27608  2  
   27608  2  
   27733  1  
   27733  1  
   27755  2  
   27755  2  
   27781  1  
   27781  1  
   27816  2  
   27816  2  
   27817  3  
   27817  3  
   27818  3  
   27818  3  
   27944  1  
   27944  1  
   27978  2  
   27978  2  
   27993  1  
   27993  1  
   28032  2  
   28032  2  
   28151  1  
   28151  1  
   28185  2  
   28185  2  
   28202  1  
   28202  1  
   28244  2  
   28244  2  
   28366  1  
   28366  1  
   28401  2  
   28401  2  
   28412  1  
   28412  1  
   28459  2  
   28459  2  
   28499  3  
   28499  3  
   28500  3  
   28500  3  
   28565  1  
   28565  1  
   28609  2  
   28609  2  
   28617  1  
   28617  1  
   28671  2  
   28671  2  
   28760  1  
   28760  1  
   28813  1  
   28813  1  
   28817  2  
   28817  2  
   28879  2  
   28879  2  
   28967  1  
   28967  1  
   29005  1  
   29005  1  
   29019  2  
   29019  2  
   29089  2  
   29089  2  
   29165  1  
   29165  1  
   29181  3  
   29181  3  
   29182  3  
   29182  3  
   29203  1  
   29203  1  
   29220  2  
   29220  2  
   29299  2  
   29299  2  
   29372  1  
   29372  1  
   29407  1  
   29407  1  
   29423  2  
   29423  2  
   29504  2  
   29504  2  
   29573  1  
   29573  1  
   29605  1  
   29605  1  
   29633  2  
   29633  2  
   29707  2  
   29707  2  
   29769  1  
   29769  1  
   29804  1  
   29804  1  
   29842  2  
   29842  2  
   29851  3  
   29851  3  
   29852  3  
   29852  3  
   29909  2  
   29909  2  
   29958  1  
   29958  1  
   30003  1  
   30003  1  
   30050  2  
   30050  2  
   30096  2  
   30096  2  
   30142  1  
   30142  1  
   30188  1  
   30188  1  
   30259  2  
   30259  2  
   30304  2  
   30304  2  
   30322  1  
   30322  1  
   30372  1  
   30372  1  
   30459  2  
   30459  2  
   30511  2  
   30511  2  
   30515  1  
   30515  1  
   30516  3  
   30516  3  
   30517  3  
   30517  3  
   30541  1  
   30541  1  
   30652  2  
   30652  2  
   30699  1  
   30699  1  
   30710  2  
   30710  2  
   30736  1  
   30736  1  
   30848  2  
   30848  2  
   30879  1  
   30879  1  
   30906  2  
   30906  2  
   30917  1  
   30917  1  
   31053  2  
   31053  2  
   31060  1  
   31060  1  
   31100  1  
   31100  1  
   31103  2  
   31103  2  
   31164  3  
   31164  3  
   31165  3  
   31165  3  
   31240  1  
   31240  1  
   31244  2  
   31244  2  
   31282  1  
   31282  1  
   31301  2  
   31301  2  
   31402  1  
   31402  1  
   31425  2  
   31425  2  
   31456  1  
   31456  1  
   31501  2  
   31501  2  
   31582  1  
   31582  1  
   31608  1  
   31608  1  
   31616  2  
   31616  2  
   31685  2  
   31685  2  
   31753  1  
   31753  1  
   31783  1  
   31783  1  
   31805  3  
   31805  3  
   31806  3  
   31806  3  
   31812  2  
   31812  2  
   31872  2  
   31872  2  
   31923  1  
   31923  1  
   31962  1  
   31962  1  
   32007  2  
   32007  2  
   32057  2  
   32057  2  
   32086  1  
   32086  1  
   32127  1  
   32127  1  
   32200  2  
   32200  2  
   32253  2  
   32253  2  
   32255  1  
   32255  1  
   32290  1  
   32290  1  
   32385  2  
   32385  2  
   32423  1  
   32423  1  
   32448  2  
   32448  2  
   32449  3  
   32449  3  
   32450  3  
   32450  3  
   32457  1  
   32457  1  
   32574  2  
   32574  2  
   32579  1  
   32579  1  
   32611  1  
   32611  1  
   32627  2  
   32627  2  
   32727  1  
   32727  1  
   32760  2  
   32760  2  
   32771  1  
   32771  1  
   32811  2  
   32811  2  
   32892  1  
   32892  1  
   32919  1  
   32919  1  
   32935  2  
   32935  2  
   32993  2  
   32993  2  
   33040  1  
   33040  1  
   33068  3  
   33068  3  
   33069  3  
   33069  3  
   33079  1  
   33079  1  
   33120  2  
   33120  2  
   33172  2  
   33172  2  
   33188  1  
   33188  1  
   33221  1  
   33221  1  
   33302  2  
   33302  2  
   33331  1  
   33331  1  
   33349  2  
   33349  2  
   33360  1  
   33360  1  
   33486  2  
   33486  2  
   33494  1  
   33494  1  
   33524  1  
   33524  1  
   33542  2  
   33542  2  
   33630  1  
   33630  1  
   33661  1  
   33661  1  
   33662  2  
   33662  2  
   33677  3  
   33677  3  
   33678  3  
   33678  3  
   33718  2  
   33718  2  
   33774  1  
   33774  1  
   33791  1  
   33791  1  
   33835  2  
   33835  2  
   33888  2  
   33888  2  
   33909  1  
   33909  1  
   33941  1  
   33941  1  
   34010  2  
   34010  2  
   34040  1  
   34040  1  
   34058  2  
   34058  2  
   34069  1  
   34069  1  
   34177  1  
   34177  1  
   34180  2  
   34180  2  
   34200  1  
   34200  1  
   34230  2  
   34230  2  
   34265  3  
   34265  3  
   34266  3  
   34266  3  
   34301  1  
   34301  1  
   34337  1  
   34337  1  
   34359  2  
   34359  2  
   34401  2  
   34401  2  
   34419  1  
   34419  1  
   34455  1  
   34455  1  
   34509  2  
   34509  2  
   34560  1  
   34560  1  
   34572  2  
   34572  2  
   34585  1  
   34585  1  
   34671  1  
   34671  1  
   34677  2  
   34677  2  
   34701  1  
   34701  1  
   34732  2  
   34732  2  
   34801  1  
   34801  1  
   34818  1  
   34818  1  
   34841  3  
   34841  3  
   34842  3  
   34842  3  
   34846  2  
   34846  2  
   34898  2  
   34898  2  
   34912  1  
   34912  1  
   34939  1  
   34939  1  
   35018  2  
   35018  2  
   35029  1  
   35029  1  
   35048  1  
   35048  1  
   35059  2  
   35059  2  
   35133  1  
   35133  1  
   35168  1  
   35168  1  
   35175  2  
   35175  2  
   35220  2  
   35220  2  
   35250  1  
   35250  1  
   35266  1  
   35266  1  
   35328  2  
   35328  2  
   35354  1  
   35354  1  
   35382  1  
   35382  1  
   35384  2  
   35384  2  
   35409  3  
   35409  3  
   35410  3  
   35410  3  
   35465  1  
   35465  1  
   35485  1  
   35485  1  
   35491  2  
   35491  2  
   35534  2  
   35534  2  
   35567  1  
   35567  1  
   35597  1  
   35597  1  
   35653  2  
   35653  2  
   35673  1  
   35673  1  
   35694  1  
   35694  1  
   35705  2  
   35705  2  
   35764  1  
   35764  1  
   35786  1  
   35786  1  
   35810  2  
   35810  2  
   35859  2  
   35859  2  
   35869  1  
   35869  1  
   35887  1  
   35887  1  
   35956  1  
   35956  1  
   35962  2  
   35962  2  
   35971  3  
   35971  3  
   35972  3  
   35972  3  
   35979  1  
   35979  1  
   36012  2  
   36012  2  
   36053  1  
   36053  1  
   36078  1  
   36078  1  
   36124  2  
   36124  2  
   36144  1  
   36144  1  
   36163  1  
   36163  1  
   36170  2  
   36170  2  
   36232  1  
   36232  1  
   36252  1  
   36252  1  
   36280  2  
   36280  2  
   36321  1  
   36321  1  
   36323  2  
   36323  2  
   36337  1  
   36337  1  
   36411  1  
   36411  1  
   36428  1  
   36428  1  
   36434  2  
   36434  2  
   36480  2  
   36480  2  
   36488  1  
   36488  1  
   36507  1  
   36507  1  
   36526  3  
   36526  3  
   36527  3  
   36527  3  
   36565  1  
   36565  1  
   36575  1  
   36575  1  
   36579  2  
   36579  2  
   36635  2  
   36635  2  
   36649  1  
   36649  1  
   36663  1  
   36663  1  
   36716  1  
   36716  1  
   36735  1  
   36735  1  
   36740  2  
   36740  2  
   36778  2  
   36778  2  
   36790  1  
   36790  1  
   36803  1  
   36803  1  
   36861  1  
   36861  1  
   36883  1  
   36883  1  
   36893  2  
   36893  2  
   36927  1  
   36927  1  
   36928  2  
   36928  2  
   36937  1  
   36937  1  
   36989  1  
   36989  1  
   37002  1  
   37002  1  
   37029  2  
   37029  2  
   37053  1  
   37053  1  
   37067  1  
   37067  1  
   37072  3  
   37072  3  
   37073  3  
   37073  3  
   37085  2  
   37085  2  
   37119  1  
   37119  1  
   37127  1  
   37127  1  
   37163  1  
   37163  1  
   37170  2  
   37170  2  
   37172  1  
   37172  1  
   37220  2  
   37220  2  
   37223  1  
   37223  1  
   37231  1  
   37231  1  
   37279  1  
   37279  1  
   37286  1  
   37286  1  
   37309  2  
   37309  2  
   37316  1  
   37316  1  
   37333  1  
   37333  1  
   37355  2  
   37355  2  
   37366  1  
   37366  1  
   37382  1  
   37382  1  
   37414  1  
   37414  1  
   37427  1  
   37427  1  
   37462  2  
   37462  2  
   37464  1  
   37464  1  
   37472  1  
   37472  1  
   37495  1  
   37495  1  
   37496  2  
   37496  2  
   37506  1  
   37506  1  
   37526  1  
   37526  1  
   37537  1  
   37537  1  
   37570  1  
   37570  1  
   37579  1  
   37579  1  
   37583  3  
   37583  3  
   37584  3  
   37584  3  
   37596  2  
   37596  2  
   37611  1  
   37611  1  
   37615  1  
   37615  1  
   37640  1  
   37640  1  
   37642  2  
   37642  2  
   37651  1  
   37651  1  
   37674  1  
   37674  1  
   37681  1  
   37681  1  
   37693  1  
   37693  1  
   37697  1  
   37697  1  
   37710  1  
   37710  1  
   37718  1  
   37718  1  
   37726  2  
   37726  2  
   37731  1  
   37731  1  
   37737  1  
   37737  1  
   37746  1  
   37746  1  
   37751  1  
   37751  1  
   37766  2  
   37766  2  
   37769  1  
   37769  1  
   37771  1  
   37771  1  
   37783  1  
   37783  1  
   37788  1  
   37788  1  
   37798  1  
   37798  1  
   37800  1  
   37800  1  
   37803  1  
   37803  1  
   37805  1  
   37805  1  
   37814  1  
   37814  1  
   37818  1  
   37818  1  
   37827  1  
   37827  1  
   37828  1  
   37828  1  
   37830  1  
   37830  1  
   37831  1  
   37831  1  
   37834  1  
   37834  1  
   37861  2  
   37861  2  
   37899  2  
   37899  2  
   37988  2  
   37988  2  
   38025  2  
   38025  2  
   38067  3  
   38067  3  
   38068  3  
   38068  3  
   38117  2  
   38117  2  
   38161  2  
   38161  2  
   38243  2  
   38243  2  
   38280  2  
   38280  2  
   38375  2  
   38375  2  
   38405  2  
   38405  2  
   38487  2  
   38487  2  
   38535  2  
   38535  2  
   38554  3  
   38554  3  
   38555  3  
   38555  3  
   38615  2  
   38615  2  
   38652  2  
   38652  2  
   38741  2  
   38741  2  
   38782  2  
   38782  2  
   38853  2  
   38853  2  
   38900  2  
   38900  2  
   38981  2  
   38981  2  
   39012  2  
   39012  2  
   39015  3  
   39015  3  
   39016  3  
   39016  3  
   39101  2  
   39101  2  
   39136  2  
   39136  2  
   39209  2  
   39209  2  
   39243  2  
   39243  2  
   39323  2  
   39323  2  
   39356  2  
   39356  2  
   39431  2  
   39431  2  
   39467  3  
   39467  3  
   39468  3  
   39468  3  
   39470  2  
   39470  2  
   39543  2  
   39543  2  
   39576  2  
   39576  2  
   39649  2  
   39649  2  
   39682  2  
   39682  2  
   39753  2  
   39753  2  
   39783  2  
   39783  2  
   39850  2  
   39850  2  
   39885  2  
   39885  2  
   39894  3  
   39894  3  
   39895  3  
   39895  3  
   39957  2  
   39957  2  
   39992  2  
   39992  2  
   40059  2  
   40059  2  
   40088  2  
   40088  2  
   40152  2  
   40152  2  
   40179  2  
   40179  2  
   40250  2  
   40250  2  
   40282  2  
   40282  2  
   40297  3  
   40297  3  
   40298  3  
   40298  3  
   40342  2  
   40342  2  
   40364  2  
   40364  2  
   40444  2  
   40444  2  
   40466  2  
   40466  2  
   40520  2  
   40520  2  
   40545  2  
   40545  2  
   40614  2  
   40614  2  
   40643  2  
   40643  2  
   40679  3  
   40679  3  
   40680  3  
   40680  3  
   40698  2  
   40698  2  
   40726  2  
   40726  2  
   40779  2  
   40779  2  
   40803  2  
   40803  2  
   40870  2  
   40870  2  
   40895  2  
   40895  2  
   40942  2  
   40942  2  
   40965  2  
   40965  2  
   41026  2  
   41026  2  
   41037  3  
   41037  3  
   41038  3  
   41038  3  
   41053  2  
   41053  2  
   41101  2  
   41101  2  
   41127  2  
   41127  2  
   41189  2  
   41189  2  
   41206  2  
   41206  2  
   41256  2  
   41256  2  
   41276  2  
   41276  2  
   41332  2  
   41332  2  
   41356  2  
   41356  2  
   41385  3  
   41385  3  
   41386  3  
   41386  3  
   41405  2  
   41405  2  
   41426  2  
   41426  2  
   41482  2  
   41482  2  
   41498  2  
   41498  2  
   41553  2  
   41553  2  
   41575  2  
   41575  2  
   41622  2  
   41622  2  
   41639  2  
   41639  2  
   41682  2  
   41682  2  
   41705  2  
   41705  2  
   41719  3  
   41719  3  
   41720  3  
   41720  3  
   41758  2  
   41758  2  
   41772  2  
   41772  2  
   41814  2  
   41814  2  
   41838  2  
   41838  2  
   41879  2  
   41879  2  
   41897  2  
   41897  2  
   41932  2  
   41932  2  
   41944  2  
   41944  2  
   41992  2  
   41992  2  
   42010  2  
   42010  2  
   42025  3  
   42025  3  
   42026  3  
   42026  3  
   42054  2  
   42054  2  
   42070  2  
   42070  2  
   42105  2  
   42105  2  
   42125  2  
   42125  2  
   42166  2  
   42166  2  
   42185  2  
   42185  2  
   42216  2  
   42216  2  
   42229  2  
   42229  2  
   42265  2  
   42265  2  
   42282  2  
   42282  2  
   42312  3  
   42312  3  
   42313  3  
   42313  3  
   42321  2  
   42321  2  
   42336  2  
   42336  2  
   42365  2  
   42365  2  
   42382  2  
   42382  2  
   42416  2  
   42416  2  
   42437  2  
   42437  2  
   42464  2  
   42464  2  
   42471  2  
   42471  2  
   42509  2  
   42509  2  
   42522  2  
   42522  2  
   42557  2  
   42557  2  
   42571  2  
   42571  2  
   42579  3  
   42579  3  
   42580  3  
   42580  3  
   42599  2  
   42599  2  
   42607  2  
   42607  2  
   42640  2  
   42640  2  
   42652  2  
   42652  2  
   42688  2  
   42688  2  
   42697  2  
   42697  2  
   42718  2  
   42718  2  
   42734  2  
   42734  2  
   42762  2  
   42762  2  
   42773  2  
   42773  2  
   42804  2  
   42804  2  
   42811  2  
   42811  2  
   42825  3  
   42825  3  
   42826  3  
   42826  3  
   42833  2  
   42833  2  
   42842  2  
   42842  2  
   42865  2  
   42865  2  
   42878  2  
   42878  2  
   42907  2  
   42907  2  
   42915  2  
   42915  2  
   42932  2  
   42932  2  
   42942  2  
   42942  2  
   42963  2  
   42963  2  
   42972  2  
   42972  2  
   42998  2  
   42998  2  
   43013  2  
   43013  2  
   43025  2  
   43025  2  
   43035  2  
   43035  2  
   43042  3  
   43042  3  
   43043  3  
   43043  3  
   43054  2  
   43054  2  
   43059  2  
   43059  2  
   43077  2  
   43077  2  
   43084  2  
   43084  2  
   43106  2  
   43106  2  
   43119  2  
   43119  2  
   43133  2  
   43133  2  
   43140  2  
   43140  2  
   43152  2  
   43152  2  
   43159  2  
   43159  2  
   43172  2  
   43172  2  
   43184  2  
   43184  2  
   43204  2  
   43204  2  
   43209  2  
   43209  2  
   43217  2  
   43217  2  
   43223  2  
   43223  2  
   43232  3  
   43232  3  
   43233  3  
   43233  3  
   43235  2  
   43235  2  
   43239  2  
   43239  2  
   43251  2  
   43251  2  
   43258  2  
   43258  2  
   43271  2  
   43271  2  
   43282  2  
   43282  2  
   43297  2  
   43297  2  
   43300  2  
   43300  2  
   43307  2  
   43307  2  
   43309  2  
   43309  2  
   43318  2  
   43318  2  
   43320  2  
   43320  2  
   43331  2  
   43331  2  
   43340  2  
   43340  2  
   43348  2  
   43348  2  
   43355  2  
   43355  2  
   43369  2  
   43369  2  
   43372  2  
   43372  2  
   43377  2  
   43377  2  
   43379  2  
   43379  2  
   43384  2  
   43384  2  
   43387  2  
   43387  2  
   43393  3  
   43393  3  
   43394  3  
   43394  3  
   43397  2  
   43397  2  
   43398  2  
   43398  2  
   43403  2  
   43403  2  
   43406  2  
   43406  2  
   43413  2  
   43413  2  
   43415  2  
   43415  2  
   43422  2  
   43422  2  
   43425  2  
   43425  2  
   43437  2  
   43437  2  
   43439  2  
   43439  2  
   43444  2  
   43444  2  
   43445  2  
   43445  2  
   43449  2  
   43449  2  
   43451  2  
   43451  2  
   43452  2  
   43452  2  
   43455  2  
   43455  2  
   43457  2  
   43457  2  
   43458  2  
   43458  2  
   43462  2  
   43462  2  
   43463  2  
   43463  2  
   43466  2  
   43466  2  
   43467  2  
   43467  2  
   43468  2  
   43468  2  
   43471  2  
   43471  2  
   43474  2  
   43474  2  
   43475  2  
   43475  2  
   43477  2  
   43477  2  
   43480  2  
   43480  2  
   43481  2  
   43481  2  
   43483  2  
   43483  2  
   43484  2  
   43484  2  
   43485  2  
   43485  2  
   43486  2  
   43486  2  
   43487  2  
   43487  2  
   43488  2  
   43488  2  
   43489  2  
   43489  2  
   43490  2  
   43490  2  
   43491  2  
   43491  2  
   43492  2  
   43492  2  
   43493  2  
   43493  2  
   43494  2  
   43494  2  
   43495  2  
   43495  2  
   43496  2  
   43496  2  
   43510  3  
   43510  3  
   43511  3  
   43511  3  
   43571  3  
   43571  3  
   43572  3  
   43572  3  
   43601  3  
   43601  3  
   43602  3  
   43602  3  
   43630  3  
   43630  3  
   43631  3  
   43631  3  
   43641  3  
   43641  3  
   43642  3  
   43642  3  
   43658  3  
   43658  3  
   43659  3  
   43659  3  
   43668  3  
   43668  3  
   43669  3  
   43669  3  
   43674  3  
   43674  3  
   43675  3  
   43675  3  
   43686  3  
   43686  3  
   43687  3  
   43687  3  
   43697  3  
   43697  3  
   43698  3  
   43698  3  
   43703  3  
   43703  3  
   43704  3  
   43704  3  
   43710  3  
   43710  3  
   43711  3  
   43711  3  
   43716  3  
   43716  3  
   43717  3  
   43717  3  
   43722  3  
   43722  3  
   43723  3  
   43723  3  
   43730  3  
   43730  3  
   43731  3  
   43731  3  
   43736  3  
   43736  3  
   43737  3  
   43737  3  
   43743  3  
   43743  3  
   43744  3  
   43744  3  
   43748  3  
   43748  3  
   43749  3  
   43749  3  
   43754  3  
   43754  3  
   43755  3  
   43755  3  
   43761  3  
   43761  3  
   43762  3  
   43762  3  
   43771  3  
   43771  3  
   43772  3  
   43772  3  
   43775  3  
   43775  3  
   43776  3  
   43776  3  
   43779  3  
   43779  3  
   43780  3  
   43780  3  
   43785  3  
   43785  3  
   43786  3  
   43786  3  
   43789  3  
   43789  3  
   43790  3  
   43790  3  
   43795  3  
   43795  3  
   43796  3  
   43796  3  
   43803  3  
   43803  3  
   43804  3  
   43804  3  
   43811  3  
   43811  3  
   43812  3  
   43812  3  
   43817  3  
   43817  3  
   43818  3  
   43818  3  
   43819  3  
   43819  3  
   43820  3  
   43820  3  
   43821  3  
   43821  3  
   43822  3  
   43822  3  
   43823  3  
   43823  3  
   43824  3  
   43824  3  
   43825  3  
   43825  3  
   43826  3  
   43826  3  
   43827  3  
   43827  3  
   43828  3  
   43828  3  
   43829  3  
   43829  3  
   43830  3  
   43830  3  
   43831  3  
   43831  3  
   43832  3  
   43832  3  
   43833  3  
   43833  3  
   43834  3  
   43834  3  
   43835  3  
   43835  3  
   43836  3  
   43836  3  
   43837  3  
   43837  3  
   43838  3  
   43838  3  
   43839  3  
   43839  3  
   43840  3  
   43840  3  
   43841  3  
   43841  3  
  END_ON_NODES
