  ON_NODES
   1  3  
   3  3  
   4  3  
   13  3  
   14  3  
   51  2  
   53  2  
   56  2  
   57  2  
   58  2  
   60  2  
   62  2  
   64  2  
   66  2  
   67  2  
   70  2  
   72  2  
   78  2  
   84  2  
   88  2  
   92  2  
   102  2  
   106  3  
   107  3  
   109  2  
   116  2  
   123  2  
   136  2  
   142  2  
   151  2  
   161  2  
   173  2  
   181  2  
   196  2  
   204  2  
   221  2  
   235  2  
   248  2  
   263  2  
   284  2  
   294  2  
   317  2  
   330  2  
   351  2  
   369  2  
   391  2  
   408  2  
   435  2  
   453  2  
   481  2  
   501  2  
   518  3  
   519  3  
   524  2  
   546  2  
   577  2  
   605  2  
   629  2  
   658  2  
   686  2  
   713  2  
   750  2  
   779  2  
   812  2  
   843  2  
   880  2  
   912  2  
   955  2  
   982  2  
   1026  2  
   1051  2  
   1108  2  
   1133  2  
   1169  3  
   1170  3  
   1185  2  
   1215  2  
   1259  2  
   1296  2  
   1344  2  
   1381  2  
   1431  2  
   1469  2  
   1521  2  
   1563  2  
   1616  2  
   1651  2  
   1669  1  
   1672  1  
   1673  1  
   1678  1  
   1679  1  
   1684  1  
   1689  1  
   1701  1  
   1704  1  
   1709  2  
   1715  1  
   1722  1  
   1735  1  
   1740  1  
   1743  2  
   1755  1  
   1764  1  
   1787  1  
   1796  1  
   1800  2  
   1813  1  
   1827  1  
   1840  2  
   1850  1  
   1864  1  
   1889  1  
   1894  2  
   1911  1  
   1931  1  
   1940  2  
   1953  1  
   1979  1  
   1983  3  
   1984  3  
   2001  2  
   2004  1  
   2024  1  
   2038  2  
   2051  1  
   2083  1  
   2101  2  
   2112  1  
   2143  2  
   2149  1  
   2170  1  
   2210  2  
   2211  1  
   2230  1  
   2247  2  
   2274  1  
   2298  1  
   2314  2  
   2343  1  
   2356  2  
   2378  1  
   2418  1  
   2429  2  
   2450  1  
   2470  2  
   2495  1  
   2527  1  
   2542  2  
   2578  1  
   2585  2  
   2614  1  
   2655  2  
   2667  1  
   2703  1  
   2704  2  
   2757  1  
   2773  2  
   2796  1  
   2820  2  
   2853  1  
   2884  1  
   2898  2  
   2941  2  
   2943  1  
   2968  3  
   2969  3  
   2987  1  
   3021  2  
   3046  1  
   3066  2  
   3088  1  
   3145  2  
   3149  1  
   3189  1  
   3192  2  
   3253  1  
   3272  2  
   3299  1  
   3318  2  
   3371  1  
   3402  2  
   3419  1  
   3449  2  
   3490  1  
   3529  1  
   3534  2  
   3589  2  
   3608  1  
   3650  1  
   3673  2  
   3718  1  
   3721  2  
   3778  1  
   3813  2  
   3850  1  
   3866  2  
   3907  1  
   3951  2  
   3982  1  
   4009  2  
   4033  1  
   4092  2  
   4094  3  
   4095  3  
   4111  1  
   4152  2  
   4172  1  
   4239  2  
   4249  1  
   4289  2  
   4300  1  
   4381  2  
   4386  1  
   4434  2  
   4436  1  
   4523  1  
   4524  2  
   4576  1  
   4581  2  
   4660  1  
   4667  2  
   4716  1  
   4725  2  
   4801  1  
   4817  2  
   4864  1  
   4873  2  
   4950  1  
   4965  2  
   5014  1  
   5022  2  
   5097  1  
   5116  2  
   5164  1  
   5175  2  
   5246  1  
   5272  2  
   5310  1  
   5316  3  
   5317  3  
   5323  2  
   5395  1  
   5412  2  
   5452  1  
   5467  2  
   5545  1  
   5561  2  
   5607  1  
   5622  2  
   5700  1  
   5716  2  
   5758  1  
   5780  2  
   5860  1  
   5875  2  
   5934  1  
   5950  2  
   6024  1  
   6042  2  
   6098  1  
   6110  2  
   6187  1  
   6205  2  
   6263  1  
   6272  2  
   6357  1  
   6366  2  
   6429  1  
   6432  2  
   6528  1  
   6530  2  
   6592  2  
   6593  1  
   6649  3  
   6650  3  
   6693  2  
   6697  1  
   6760  2  
   6767  1  
   6858  2  
   6866  1  
   6924  2  
   6934  1  
   7019  2  
   7030  1  
   7083  2  
   7104  1  
   7187  2  
   7206  1  
   7254  2  
   7276  1  
   7348  2  
   7380  1  
   7416  2  
   7451  1  
   7514  2  
   7554  1  
   7585  2  
   7624  1  
   7679  2  
   7727  1  
   7756  2  
   7799  1  
   7855  2  
   7908  1  
   7921  2  
   7972  1  
   8020  2  
   8031  3  
   8032  3  
   8081  1  
   8089  2  
   8153  1  
   8189  2  
   8255  1  
   8258  2  
   8328  1  
   8360  2  
   8428  2  
   8436  1  
   8509  1  
   8533  2  
   8606  2  
   8620  1  
   8691  1  
   8708  2  
   8778  2  
   8801  1  
   8864  1  
   8876  2  
   8951  2  
   8976  1  
   9041  1  
   9045  2  
   9121  2  
   9152  1  
   9214  2  
   9220  1  
   9281  2  
   9326  1  
   9385  2  
   9396  1  
   9454  2  
   9456  3  
   9457  3  
   9507  1  
   9571  2  
   9581  1  
   9628  2  
   9681  1  
   9742  2  
   9755  1  
   9794  2  
   9864  1  
   9909  2  
   9932  1  
   9961  2  
   10039  1  
   10070  2  
   10100  1  
   10119  2  
   10212  1  
   10232  2  
   10267  1  
   10285  2  
   10387  1  
   10402  2  
   10441  1  
   10460  2  
   10556  1  
   10567  2  
   10615  1  
   10633  2  
   10726  1  
   10732  2  
   10795  1  
   10806  2  
   10879  3  
   10880  3  
   10896  1  
   10900  2  
   10968  1  
   10971  2  
   11061  2  
   11062  1  
   11138  2  
   11142  1  
   11226  2  
   11235  1  
   11307  2  
   11313  1  
   11393  2  
   11401  1  
   11473  2  
   11480  1  
   11561  2  
   11575  1  
   11641  2  
   11649  1  
   11722  2  
   11739  1  
   11802  2  
   11818  1  
   11883  2  
   11905  1  
   11969  2  
   11982  1  
   12054  2  
   12077  1  
   12129  2  
   12149  1  
   12219  2  
   12236  1  
   12289  2  
   12290  3  
   12291  3  
   12302  1  
   12374  2  
   12390  1  
   12445  2  
   12459  1  
   12532  2  
   12541  1  
   12594  2  
   12607  1  
   12685  2  
   12698  1  
   12745  2  
   12757  1  
   12844  2  
   12850  1  
   12902  2  
   12912  1  
   12995  2  
   13007  1  
   13059  2  
   13063  1  
   13144  2  
   13146  1  
   13214  1  
   13215  2  
   13301  1  
   13303  2  
   13364  1  
   13369  2  
   13449  1  
   13458  2  
   13510  1  
   13521  2  
   13598  1  
   13610  2  
   13626  3  
   13627  3  
   13666  1  
   13680  2  
   13747  1  
   13770  2  
   13797  1  
   13826  2  
   13884  1  
   13916  2  
   13944  1  
   13974  2  
   14024  1  
   14071  2  
   14087  1  
   14125  2  
   14161  1  
   14217  2  
   14220  1  
   14274  2  
   14294  1  
   14356  1  
   14362  2  
   14421  2  
   14438  1  
   14487  1  
   14511  2  
   14568  2  
   14571  1  
   14623  1  
   14658  2  
   14699  1  
   14716  2  
   14754  1  
   14801  2  
   14832  1  
   14859  2  
   14889  1  
   14938  3  
   14939  3  
   14949  2  
   14964  1  
   15008  2  
   15018  1  
   15087  1  
   15096  2  
   15139  1  
   15152  2  
   15218  1  
   15237  2  
   15263  1  
   15301  2  
   15338  1  
   15373  2  
   15380  1  
   15438  2  
   15459  1  
   15509  1  
   15523  2  
   15571  1  
   15577  2  
   15618  1  
   15659  2  
   15688  1  
   15705  2  
   15724  1  
   15793  2  
   15796  1  
   15838  1  
   15847  2  
   15907  1  
   15924  2  
   15947  1  
   15980  2  
   16006  1  
   16055  1  
   16063  2  
   16106  2  
   16109  1  
   16155  1  
   16189  3  
   16190  3  
   16193  2  
   16209  1  
   16241  2  
   16255  1  
   16315  1  
   16321  2  
   16350  1  
   16370  2  
   16407  1  
   16448  2  
   16449  1  
   16499  2  
   16502  1  
   16538  1  
   16567  2  
   16592  1  
   16620  2  
   16628  1  
   16676  1  
   16689  2  
   16708  1  
   16742  2  
   16765  1  
   16794  1  
   16812  2  
   16850  1  
   16859  2  
   16877  1  
   16924  1  
   16928  2  
   16956  1  
   16974  2  
   16996  1  
   17028  1  
   17042  2  
   17077  1  
   17096  2  
   17102  1  
   17144  1  
   17164  2  
   17174  1  
   17208  2  
   17222  1  
   17245  1  
   17275  2  
   17284  1  
   17307  1  
   17316  3  
   17317  3  
   17321  2  
   17346  1  
   17373  1  
   17391  2  
   17413  1  
   17434  2  
   17440  1  
   17473  1  
   17497  1  
   17501  2  
   17533  1  
   17550  2  
   17560  1  
   17592  1  
   17615  2  
   17617  1  
   17647  1  
   17655  2  
   17671  1  
   17702  1  
   17723  1  
   17725  2  
   17752  1  
   17765  2  
   17767  1  
   17796  1  
   17819  1  
   17836  2  
   17847  1  
   17866  1  
   17876  2  
   17888  1  
   17907  1  
   17928  1  
   17941  2  
   17945  1  
   17971  1  
   17990  1  
   17996  2  
   18011  1  
   18023  1  
   18039  1  
   18051  2  
   18053  1  
   18074  1  
   18085  1  
   18091  2  
   18102  1  
   18111  1  
   18128  1  
   18140  1  
   18152  1  
   18157  2  
   18165  1  
   18173  1  
   18179  1  
   18185  1  
   18189  2  
   18194  1  
   18205  1  
   18210  1  
   18220  1  
   18229  1  
   18235  1  
   18238  1  
   18246  1  
   18249  1  
   18250  2  
   18253  1  
   18256  1  
   18259  1  
   18261  1  
   18264  1  
   18266  1  
   18268  1  
   18288  2  
   18344  2  
   18360  3  
   18361  3  
   18381  2  
   18445  2  
   18487  2  
   18543  2  
   18582  2  
   18631  2  
   18668  2  
   18729  2  
   18757  2  
   18816  2  
   18849  2  
   18900  2  
   18932  2  
   18990  2  
   19020  2  
   19068  2  
   19107  2  
   19150  2  
   19185  2  
   19232  2  
   19265  2  
   19282  3  
   19283  3  
   19313  2  
   19349  2  
   19389  2  
   19422  2  
   19469  2  
   19497  2  
   19542  2  
   19574  2  
   19616  2  
   19642  2  
   19686  2  
   19713  2  
   19754  2  
   19777  2  
   19818  2  
   19851  2  
   19882  2  
   19907  2  
   19954  2  
   19979  2  
   20009  2  
   20031  2  
   20065  3  
   20066  3  
   20073  2  
   20098  2  
   20132  2  
   20151  2  
   20189  2  
   20215  2  
   20246  2  
   20270  2  
   20301  2  
   20326  2  
   20358  2  
   20379  2  
   20407  2  
   20430  2  
   20458  2  
   20479  2  
   20508  2  
   20525  2  
   20550  2  
   20569  2  
   20603  2  
   20621  2  
   20641  2  
   20655  2  
   20687  2  
   20705  2  
   20728  3  
   20729  3  
   20734  2  
   20745  2  
   20763  2  
   20786  2  
   20811  2  
   20824  2  
   20842  2  
   20854  2  
   20880  2  
   20898  2  
   20920  2  
   20928  2  
   20943  2  
   20955  2  
   20983  2  
   20997  2  
   21014  2  
   21022  2  
   21036  2  
   21049  2  
   21072  2  
   21083  2  
   21098  2  
   21107  2  
   21120  2  
   21130  2  
   21153  2  
   21160  2  
   21172  2  
   21182  2  
   21194  2  
   21202  2  
   21215  2  
   21227  2  
   21239  3  
   21240  3  
   21245  2  
   21251  2  
   21261  2  
   21266  2  
   21273  2  
   21281  2  
   21294  2  
   21301  2  
   21318  2  
   21321  2  
   21329  2  
   21333  2  
   21341  2  
   21345  2  
   21354  2  
   21359  2  
   21375  2  
   21381  2  
   21385  2  
   21389  2  
   21393  2  
   21395  2  
   21399  2  
   21402  2  
   21407  2  
   21411  2  
   21418  2  
   21421  2  
   21427  2  
   21436  2  
   21438  2  
   21440  2  
   21443  2  
   21445  2  
   21446  2  
   21447  2  
   21448  2  
   21452  2  
   21453  2  
   21456  2  
   21457  2  
   21459  2  
   21462  2  
   21463  2  
   21464  2  
   21465  2  
   21466  2  
   21469  2  
   21472  2  
   21473  2  
   21474  2  
   21475  2  
   21477  2  
   21479  2  
   21480  2  
   21482  2  
   21483  2  
   21484  2  
   21485  2  
   21528  3  
   21529  3  
   21586  3  
   21587  3  
   21604  3  
   21605  3  
   21619  3  
   21620  3  
   21624  3  
   21625  3  
   21629  3  
   21630  3  
   21634  3  
   21635  3  
   21636  3  
   21637  3  
   21638  3  
   21639  3  
   21640  3  
   21641  3  
   21642  3  
   21643  3  
   21644  3  
  END_ON_NODES
  ON_BOUNDARIES, UNKNOWN
 71  2  21604 21619  1  
 72  2  21587 21604  1  
 73  2  21619 21624  1  
 74  2  21635 21630  1  
 75  2  9457 8032  1  
 76  2  21528 21587  1  
 77  2  6649 8031  1  
 78  2  17316 18360  1  
 79  2  21637 21635  1  
 80  2  4094 5316  1  
 81  2  5317 4095  1  
 82  2  19283 18361  1  
 83  2  20066 19283  1  
 84  2  20728 21239  1  
 85  2  6650 5317  1  
 86  2  8032 6650  1  
 87  2  13627 12291  1  
 88  2  21640 21642  1  
 89  2  16189 17316  1  
 90  2  21629 21634  1  
 91  2  21634 21636  1  
 92  2  21624 21629  1  
 93  2  4095 2969  1  
 94  2  21630 21625  1  
 95  2  14938 16189  1  
 96  2  13626 14938  1  
 97  2  3 14  1  
 98  2  20065 20728  1  
 99  2  19282 20065  1  
 100  2  16190 14939  1  
 101  2  21641 21639  1  
 102  2  4 1  1  
 103  2  21586 21529  1  
 104  2  2968 4094  1  
 105  2  1983 2968  1  
 106  2  10880 9457  1  
 107  2  12291 10880  1  
 108  2  18360 19282  1  
 109  2  106 518  1  
 110  2  14 106  1  
 111  2  1170 519  1  
 112  2  8031 9456  1  
 113  2  9456 10879  1  
 114  2  21239 21528  1  
 115  2  21636 21638  1  
 116  2  21638 21640  1  
 117  2  21240 20729  1  
 118  2  20729 20066  1  
 119  2  2969 1984  1  
 120  2  5316 6649  1  
 121  2  21620 21605  1  
 122  2  21625 21620  1  
 123  2  21605 21586  1  
 124  2  1169 1983  1  
 125  2  518 1169  1  
 126  2  21644 21643  1  
 127  2  21643 21641  1  
 128  2  18361 17317  1  
 129  2  107 13  1  
 130  2  13 4  1  
 131  2  10879 12290  1  
 132  2  14939 13627  1  
 133  2  21639 21637  1  
 134  2  1 3  1  
 135  2  21529 21240  1  
 136  2  21642 21644  1  
 137  2  519 107  1  
 138  2  1984 1170  1  
 139  2  17317 16190  1  
 140  2  12290 13626  1  
  END_ON_BOUNDARIES
