  ON_NODES
   1  3  
   1  3  
   1  3  
   1  3  
   2  3  
   2  3  
   2  3  
   2  3  
   3  3  
   3  3  
   3  3  
   3  3  
   5  3  
   5  3  
   5  3  
   5  3  
   6  3  
   6  3  
   6  3  
   6  3  
   8  3  
   8  3  
   8  3  
   8  3  
   10  3  
   10  3  
   10  3  
   10  3  
   13  3  
   13  3  
   13  3  
   13  3  
   15  3  
   15  3  
   15  3  
   15  3  
   17  3  
   17  3  
   17  3  
   17  3  
   21  3  
   21  3  
   21  3  
   21  3  
   23  3  
   23  3  
   23  3  
   23  3  
   26  3  
   26  3  
   26  3  
   26  3  
   27  3  
   27  3  
   27  3  
   27  3  
   32  3  
   32  3  
   32  3  
   32  3  
   33  3  
   33  3  
   33  3  
   33  3  
   37  3  
   37  3  
   37  3  
   37  3  
   38  3  
   38  3  
   38  3  
   38  3  
   44  3  
   44  3  
   44  3  
   44  3  
   45  3  
   45  3  
   45  3  
   45  3  
   52  3  
   52  3  
   52  3  
   52  3  
   53  3  
   53  3  
   53  3  
   53  3  
   60  3  
   60  3  
   60  3  
   60  3  
   62  3  
   62  3  
   62  3  
   62  3  
   75  3  
   75  3  
   75  3  
   75  3  
   82  3  
   82  3  
   82  3  
   82  3  
   107  3  
   107  3  
   107  3  
   107  3  
   143  2  
   143  2  
   143  2  
   143  2  
   143  2  
   143  2  
   145  2  
   145  2  
   145  2  
   145  2  
   145  2  
   145  2  
   147  2  
   147  2  
   147  2  
   149  2  
   149  2  
   149  2  
   149  2  
   149  2  
   149  2  
   151  2  
   151  2  
   151  2  
   151  2  
   151  2  
   151  2  
   153  2  
   153  2  
   153  2  
   156  2  
   156  2  
   156  2  
   156  2  
   156  2  
   156  2  
   158  2  
   158  2  
   158  2  
   160  3  
   160  3  
   160  3  
   160  3  
   163  2  
   163  2  
   163  2  
   164  2  
   164  2  
   164  2  
   164  2  
   164  2  
   164  2  
   167  2  
   167  2  
   167  2  
   169  2  
   169  2  
   169  2  
   169  2  
   169  2  
   169  2  
   171  2  
   171  2  
   171  2  
   176  2  
   176  2  
   176  2  
   177  2  
   177  2  
   177  2  
   189  2  
   189  2  
   189  2  
   191  2  
   191  2  
   191  2  
   191  2  
   191  2  
   191  2  
   198  2  
   198  2  
   198  2  
   202  2  
   202  2  
   202  2  
   204  2  
   204  2  
   204  2  
   213  2  
   213  2  
   213  2  
   219  2  
   219  2  
   219  2  
   220  2  
   220  2  
   220  2  
   220  2  
   220  2  
   220  2  
   223  2  
   223  2  
   223  2  
   223  2  
   223  2  
   223  2  
   228  2  
   228  2  
   228  2  
   231  2  
   231  2  
   231  2  
   235  2  
   235  2  
   235  2  
   238  2  
   238  2  
   238  2  
   238  2  
   238  2  
   238  2  
   242  2  
   242  2  
   242  2  
   242  2  
   242  2  
   242  2  
   245  2  
   245  2  
   245  2  
   248  2  
   248  2  
   248  2  
   254  2  
   254  2  
   254  2  
   263  2  
   263  2  
   263  2  
   268  2  
   268  2  
   268  2  
   272  2  
   272  2  
   272  2  
   286  2  
   286  2  
   286  2  
   289  2  
   289  2  
   289  2  
   292  2  
   292  2  
   292  2  
   298  2  
   298  2  
   298  2  
   298  2  
   298  2  
   298  2  
   303  2  
   303  2  
   303  2  
   303  2  
   303  2  
   303  2  
   305  2  
   305  2  
   305  2  
   313  3  
   313  3  
   313  3  
   313  3  
   315  2  
   315  2  
   315  2  
   315  2  
   315  2  
   315  2  
   319  2  
   319  2  
   319  2  
   319  2  
   319  2  
   319  2  
   326  2  
   326  2  
   326  2  
   338  2  
   338  2  
   338  2  
   340  2  
   340  2  
   340  2  
   351  2  
   351  2  
   351  2  
   360  2  
   360  2  
   360  2  
   363  2  
   363  2  
   363  2  
   363  2  
   363  2  
   363  2  
   381  2  
   381  2  
   381  2  
   383  2  
   383  2  
   383  2  
   383  2  
   383  2  
   383  2  
   399  2  
   399  2  
   399  2  
   399  2  
   399  2  
   399  2  
   408  2  
   408  2  
   408  2  
   408  2  
   408  2  
   408  2  
   416  2  
   416  2  
   416  2  
   438  2  
   438  2  
   438  2  
   438  2  
   438  2  
   438  2  
   444  2  
   444  2  
   444  2  
   444  2  
   444  2  
   444  2  
   446  3  
   446  3  
   446  3  
   446  3  
   460  2  
   460  2  
   460  2  
   465  2  
   465  2  
   465  2  
   488  2  
   488  2  
   488  2  
   488  2  
   488  2  
   488  2  
   494  2  
   494  2  
   494  2  
   522  2  
   522  2  
   522  2  
   523  2  
   523  2  
   523  2  
   523  2  
   523  2  
   523  2  
   540  3  
   540  3  
   540  3  
   540  3  
   555  2  
   555  2  
   555  2  
   555  2  
   555  2  
   555  2  
   563  2  
   563  2  
   563  2  
   563  2  
   563  2  
   563  2  
   599  2  
   599  2  
   599  2  
   613  2  
   613  2  
   613  2  
   613  2  
   613  2  
   613  2  
   642  2  
   642  2  
   642  2  
   642  2  
   642  2  
   642  2  
   645  2  
   645  2  
   645  2  
   677  2  
   677  2  
   677  2  
   677  2  
   677  2  
   677  2  
   697  2  
   697  2  
   697  2  
   704  1  
   704  1  
   704  1  
   704  1  
   704  1  
   704  1  
   704  1  
   704  1  
   706  1  
   706  1  
   706  1  
   706  1  
   708  1  
   708  1  
   708  1  
   708  1  
   708  1  
   708  1  
   708  1  
   708  1  
   709  1  
   709  1  
   709  1  
   709  1  
   710  1  
   710  1  
   710  1  
   710  1  
   710  1  
   710  1  
   710  1  
   710  1  
   711  1  
   711  1  
   711  1  
   711  1  
   711  1  
   711  1  
   711  1  
   711  1  
   716  1  
   716  1  
   716  1  
   716  1  
   718  1  
   718  1  
   718  1  
   718  1  
   718  1  
   718  1  
   718  1  
   718  1  
   720  1  
   720  1  
   720  1  
   720  1  
   724  1  
   724  1  
   724  1  
   724  1  
   725  1  
   725  1  
   725  1  
   725  1  
   725  1  
   725  1  
   725  1  
   725  1  
   728  1  
   728  1  
   728  1  
   728  1  
   734  1  
   734  1  
   734  1  
   734  1  
   734  1  
   734  1  
   734  1  
   734  1  
   735  1  
   735  1  
   735  1  
   735  1  
   740  2  
   740  2  
   740  2  
   740  2  
   740  2  
   740  2  
   747  1  
   747  1  
   747  1  
   747  1  
   749  1  
   749  1  
   749  1  
   749  1  
   750  3  
   750  3  
   750  3  
   750  3  
   760  1  
   760  1  
   760  1  
   760  1  
   766  1  
   766  1  
   766  1  
   766  1  
   766  1  
   766  1  
   766  1  
   766  1  
   774  1  
   774  1  
   774  1  
   774  1  
   782  1  
   782  1  
   782  1  
   782  1  
   783  1  
   783  1  
   783  1  
   783  1  
   788  2  
   788  2  
   788  2  
   788  2  
   788  2  
   788  2  
   794  1  
   794  1  
   794  1  
   794  1  
   800  1  
   800  1  
   800  1  
   800  1  
   803  1  
   803  1  
   803  1  
   803  1  
   803  1  
   803  1  
   803  1  
   803  1  
   807  1  
   807  1  
   807  1  
   807  1  
   814  1  
   814  1  
   814  1  
   814  1  
   814  1  
   814  1  
   814  1  
   814  1  
   818  1  
   818  1  
   818  1  
   818  1  
   818  1  
   818  1  
   818  1  
   818  1  
   822  1  
   822  1  
   822  1  
   822  1  
   822  1  
   822  1  
   822  1  
   822  1  
   828  1  
   828  1  
   828  1  
   828  1  
   832  1  
   832  1  
   832  1  
   832  1  
   836  1  
   836  1  
   836  1  
   836  1  
   843  2  
   843  2  
   843  2  
   845  1  
   845  1  
   845  1  
   845  1  
   859  1  
   859  1  
   859  1  
   859  1  
   861  1  
   861  1  
   861  1  
   861  1  
   869  1  
   869  1  
   869  1  
   869  1  
   875  1  
   875  1  
   875  1  
   875  1  
   883  1  
   883  1  
   883  1  
   883  1  
   884  2  
   884  2  
   884  2  
   889  1  
   889  1  
   889  1  
   889  1  
   905  1  
   905  1  
   905  1  
   905  1  
   914  1  
   914  1  
   914  1  
   914  1  
   914  1  
   914  1  
   914  1  
   914  1  
   920  1  
   920  1  
   920  1  
   920  1  
   920  1  
   920  1  
   920  1  
   920  1  
   927  3  
   927  3  
   927  3  
   927  3  
   935  1  
   935  1  
   935  1  
   935  1  
   935  1  
   935  1  
   935  1  
   935  1  
   936  1  
   936  1  
   936  1  
   936  1  
   936  1  
   936  1  
   936  1  
   936  1  
   940  2  
   940  2  
   940  2  
   950  1  
   950  1  
   950  1  
   950  1  
   961  1  
   961  1  
   961  1  
   961  1  
   963  2  
   963  2  
   963  2  
   963  2  
   963  2  
   963  2  
   968  1  
   968  1  
   968  1  
   968  1  
   991  1  
   991  1  
   991  1  
   991  1  
   995  1  
   995  1  
   995  1  
   995  1  
   1012  2  
   1012  2  
   1012  2  
   1012  2  
   1012  2  
   1012  2  
   1023  1  
   1023  1  
   1023  1  
   1023  1  
   1023  1  
   1023  1  
   1023  1  
   1023  1  
   1028  1  
   1028  1  
   1028  1  
   1028  1  
   1028  1  
   1028  1  
   1028  1  
   1028  1  
   1044  1  
   1044  1  
   1044  1  
   1044  1  
   1051  1  
   1051  1  
   1051  1  
   1051  1  
   1051  1  
   1051  1  
   1051  1  
   1051  1  
   1057  2  
   1057  2  
   1057  2  
   1057  2  
   1057  2  
   1057  2  
   1071  2  
   1071  2  
   1071  2  
   1072  1  
   1072  1  
   1072  1  
   1072  1  
   1072  1  
   1072  1  
   1072  1  
   1072  1  
   1100  1  
   1100  1  
   1100  1  
   1100  1  
   1104  1  
   1104  1  
   1104  1  
   1104  1  
   1104  1  
   1104  1  
   1104  1  
   1104  1  
   1126  1  
   1126  1  
   1126  1  
   1126  1  
   1144  2  
   1144  2  
   1144  2  
   1144  2  
   1144  2  
   1144  2  
   1147  1  
   1147  1  
   1147  1  
   1147  1  
   1153  1  
   1153  1  
   1153  1  
   1153  1  
   1153  1  
   1153  1  
   1153  1  
   1153  1  
   1181  2  
   1181  2  
   1181  2  
   1181  2  
   1181  2  
   1181  2  
   1198  1  
   1198  1  
   1198  1  
   1198  1  
   1199  1  
   1199  1  
   1199  1  
   1199  1  
   1199  1  
   1199  1  
   1199  1  
   1199  1  
   1212  2  
   1212  2  
   1212  2  
   1230  1  
   1230  1  
   1230  1  
   1230  1  
   1263  1  
   1263  1  
   1263  1  
   1263  1  
   1263  1  
   1263  1  
   1263  1  
   1263  1  
   1265  1  
   1265  1  
   1265  1  
   1265  1  
   1272  2  
   1272  2  
   1272  2  
   1279  2  
   1279  2  
   1279  2  
   1305  1  
   1305  1  
   1305  1  
   1305  1  
   1305  1  
   1305  1  
   1305  1  
   1305  1  
   1333  1  
   1333  1  
   1333  1  
   1333  1  
   1337  2  
   1337  2  
   1337  2  
   1337  2  
   1337  2  
   1337  2  
   1345  1  
   1345  1  
   1345  1  
   1345  1  
   1345  1  
   1345  1  
   1345  1  
   1345  1  
   1360  3  
   1360  3  
   1360  3  
   1360  3  
   1375  2  
   1375  2  
   1375  2  
   1375  2  
   1375  2  
   1375  2  
   1387  2  
   1387  2  
   1387  2  
   1387  2  
   1387  2  
   1387  2  
   1397  1  
   1397  1  
   1397  1  
   1397  1  
   1403  1  
   1403  1  
   1403  1  
   1403  1  
   1403  1  
   1403  1  
   1403  1  
   1403  1  
   1448  1  
   1448  1  
   1448  1  
   1448  1  
   1448  1  
   1448  1  
   1448  1  
   1448  1  
   1452  3  
   1452  3  
   1452  3  
   1452  3  
   1478  1  
   1478  1  
   1478  1  
   1478  1  
   1489  2  
   1489  2  
   1489  2  
   1489  2  
   1489  2  
   1489  2  
   1494  1  
   1494  1  
   1494  1  
   1494  1  
   1506  2  
   1506  2  
   1506  2  
   1532  1  
   1532  1  
   1532  1  
   1532  1  
   1561  1  
   1561  1  
   1561  1  
   1561  1  
   1561  1  
   1561  1  
   1561  1  
   1561  1  
   1570  1  
   1570  1  
   1570  1  
   1570  1  
   1570  1  
   1570  1  
   1570  1  
   1570  1  
   1581  2  
   1581  2  
   1581  2  
   1606  1  
   1606  1  
   1606  1  
   1606  1  
   1606  1  
   1606  1  
   1606  1  
   1606  1  
   1612  1  
   1612  1  
   1612  1  
   1612  1  
   1648  2  
   1648  2  
   1648  2  
   1648  2  
   1648  2  
   1648  2  
   1658  1  
   1658  1  
   1658  1  
   1658  1  
   1674  1  
   1674  1  
   1674  1  
   1674  1  
   1674  1  
   1674  1  
   1674  1  
   1674  1  
   1678  2  
   1678  2  
   1678  2  
   1678  2  
   1678  2  
   1678  2  
   1702  1  
   1702  1  
   1702  1  
   1702  1  
   1743  1  
   1743  1  
   1743  1  
   1743  1  
   1745  1  
   1745  1  
   1745  1  
   1745  1  
   1751  2  
   1751  2  
   1751  2  
   1751  2  
   1751  2  
   1751  2  
   1771  2  
   1771  2  
   1771  2  
   1790  1  
   1790  1  
   1790  1  
   1790  1  
   1827  1  
   1827  1  
   1827  1  
   1827  1  
   1829  1  
   1829  1  
   1829  1  
   1829  1  
   1846  1  
   1846  1  
   1846  1  
   1846  1  
   1857  2  
   1857  2  
   1857  2  
   1875  1  
   1875  1  
   1875  1  
   1875  1  
   1895  1  
   1895  1  
   1895  1  
   1895  1  
   1908  2  
   1908  2  
   1908  2  
   1908  2  
   1908  2  
   1908  2  
   1911  1  
   1911  1  
   1911  1  
   1911  1  
   1911  1  
   1911  1  
   1911  1  
   1911  1  
   1912  1  
   1912  1  
   1912  1  
   1912  1  
   1912  1  
   1912  1  
   1912  1  
   1912  1  
   1925  1  
   1925  1  
   1925  1  
   1925  1  
   1925  1  
   1925  1  
   1925  1  
   1925  1  
   1946  1  
   1946  1  
   1946  1  
   1946  1  
   1962  1  
   1962  1  
   1962  1  
   1962  1  
   1977  1  
   1977  1  
   1977  1  
   1977  1  
   1988  2  
   1988  2  
   1988  2  
   1999  1  
   1999  1  
   1999  1  
   1999  1  
   2006  1  
   2006  1  
   2006  1  
   2006  1  
   2031  1  
   2031  1  
   2031  1  
   2031  1  
   2061  1  
   2061  1  
   2061  1  
   2061  1  
   2061  1  
   2061  1  
   2061  1  
   2061  1  
   2069  1  
   2069  1  
   2069  1  
   2069  1  
   2069  1  
   2069  1  
   2069  1  
   2069  1  
   2094  2  
   2094  2  
   2094  2  
   2104  1  
   2104  1  
   2104  1  
   2104  1  
   2116  2  
   2116  2  
   2116  2  
   2116  2  
   2116  2  
   2116  2  
   2133  3  
   2133  3  
   2133  3  
   2133  3  
   2140  1  
   2140  1  
   2140  1  
   2140  1  
   2150  1  
   2150  1  
   2150  1  
   2150  1  
   2162  3  
   2162  3  
   2162  3  
   2162  3  
   2187  1  
   2187  1  
   2187  1  
   2187  1  
   2229  1  
   2229  1  
   2229  1  
   2229  1  
   2234  1  
   2234  1  
   2234  1  
   2234  1  
   2254  2  
   2254  2  
   2254  2  
   2254  2  
   2254  2  
   2254  2  
   2270  1  
   2270  1  
   2270  1  
   2270  1  
   2284  2  
   2284  2  
   2284  2  
   2284  2  
   2284  2  
   2284  2  
   2305  1  
   2305  1  
   2305  1  
   2305  1  
   2305  1  
   2305  1  
   2305  1  
   2305  1  
   2326  1  
   2326  1  
   2326  1  
   2326  1  
   2326  1  
   2326  1  
   2326  1  
   2326  1  
   2328  1  
   2328  1  
   2328  1  
   2328  1  
   2328  1  
   2328  1  
   2328  1  
   2328  1  
   2358  1  
   2358  1  
   2358  1  
   2358  1  
   2386  1  
   2386  1  
   2386  1  
   2386  1  
   2419  2  
   2419  2  
   2419  2  
   2422  1  
   2422  1  
   2422  1  
   2422  1  
   2424  1  
   2424  1  
   2424  1  
   2424  1  
   2459  2  
   2459  2  
   2459  2  
   2463  1  
   2463  1  
   2463  1  
   2463  1  
   2463  1  
   2463  1  
   2463  1  
   2463  1  
   2508  1  
   2508  1  
   2508  1  
   2508  1  
   2517  1  
   2517  1  
   2517  1  
   2517  1  
   2517  1  
   2517  1  
   2517  1  
   2517  1  
   2554  2  
   2554  2  
   2554  2  
   2554  2  
   2554  2  
   2554  2  
   2564  1  
   2564  1  
   2564  1  
   2564  1  
   2622  1  
   2622  1  
   2622  1  
   2622  1  
   2634  1  
   2634  1  
   2634  1  
   2634  1  
   2651  2  
   2651  2  
   2651  2  
   2651  2  
   2651  2  
   2651  2  
   2681  1  
   2681  1  
   2681  1  
   2681  1  
   2681  1  
   2681  1  
   2681  1  
   2681  1  
   2719  1  
   2719  1  
   2719  1  
   2719  1  
   2719  1  
   2719  1  
   2719  1  
   2719  1  
   2756  1  
   2756  1  
   2756  1  
   2756  1  
   2756  1  
   2756  1  
   2756  1  
   2756  1  
   2776  1  
   2776  1  
   2776  1  
   2776  1  
   2781  2  
   2781  2  
   2781  2  
   2781  2  
   2781  2  
   2781  2  
   2786  2  
   2786  2  
   2786  2  
   2836  1  
   2836  1  
   2836  1  
   2836  1  
   2856  1  
   2856  1  
   2856  1  
   2856  1  
   2900  1  
   2900  1  
   2900  1  
   2900  1  
   2917  2  
   2917  2  
   2917  2  
   2917  2  
   2917  2  
   2917  2  
   2927  2  
   2927  2  
   2927  2  
   2956  3  
   2956  3  
   2956  3  
   2956  3  
   2962  1  
   2962  1  
   2962  1  
   2962  1  
   2979  1  
   2979  1  
   2979  1  
   2979  1  
   3018  3  
   3018  3  
   3018  3  
   3018  3  
   3065  1  
   3065  1  
   3065  1  
   3065  1  
   3065  1  
   3065  1  
   3065  1  
   3065  1  
   3068  1  
   3068  1  
   3068  1  
   3068  1  
   3068  1  
   3068  1  
   3068  1  
   3068  1  
   3072  2  
   3072  2  
   3072  2  
   3072  2  
   3072  2  
   3072  2  
   3088  2  
   3088  2  
   3088  2  
   3146  1  
   3146  1  
   3146  1  
   3146  1  
   3213  1  
   3213  1  
   3213  1  
   3213  1  
   3213  1  
   3213  1  
   3213  1  
   3213  1  
   3220  1  
   3220  1  
   3220  1  
   3220  1  
   3220  1  
   3220  1  
   3220  1  
   3220  1  
   3250  2  
   3250  2  
   3250  2  
   3251  2  
   3251  2  
   3251  2  
   3251  2  
   3251  2  
   3251  2  
   3316  1  
   3316  1  
   3316  1  
   3316  1  
   3349  1  
   3349  1  
   3349  1  
   3349  1  
   3411  1  
   3411  1  
   3411  1  
   3411  1  
   3411  1  
   3411  1  
   3411  1  
   3411  1  
   3438  2  
   3438  2  
   3438  2  
   3481  1  
   3481  1  
   3481  1  
   3481  1  
   3481  1  
   3481  1  
   3481  1  
   3481  1  
   3519  1  
   3519  1  
   3519  1  
   3519  1  
   3525  2  
   3525  2  
   3525  2  
   3525  2  
   3525  2  
   3525  2  
   3617  2  
   3617  2  
   3617  2  
   3617  2  
   3617  2  
   3617  2  
   3620  1  
   3620  1  
   3620  1  
   3620  1  
   3620  1  
   3620  1  
   3620  1  
   3620  1  
   3651  1  
   3651  1  
   3651  1  
   3651  1  
   3651  1  
   3651  1  
   3651  1  
   3651  1  
   3749  2  
   3749  2  
   3749  2  
   3749  2  
   3749  2  
   3749  2  
   3762  1  
   3762  1  
   3762  1  
   3762  1  
   3762  1  
   3762  1  
   3762  1  
   3762  1  
   3787  3  
   3787  3  
   3787  3  
   3787  3  
   3790  2  
   3790  2  
   3790  2  
   3799  1  
   3799  1  
   3799  1  
   3799  1  
   3799  1  
   3799  1  
   3799  1  
   3799  1  
   3877  1  
   3877  1  
   3877  1  
   3877  1  
   3945  1  
   3945  1  
   3945  1  
   3945  1  
   3950  3  
   3950  3  
   3950  3  
   3950  3  
   3953  2  
   3953  2  
   3953  2  
   3961  2  
   3961  2  
   3961  2  
   3961  2  
   3961  2  
   3961  2  
   3986  1  
   3986  1  
   3986  1  
   3986  1  
   4089  1  
   4089  1  
   4089  1  
   4089  1  
   4094  1  
   4094  1  
   4094  1  
   4094  1  
   4094  1  
   4094  1  
   4094  1  
   4094  1  
   4125  2  
   4125  2  
   4125  2  
   4125  2  
   4125  2  
   4125  2  
   4150  2  
   4150  2  
   4150  2  
   4150  2  
   4150  2  
   4150  2  
   4195  1  
   4195  1  
   4195  1  
   4195  1  
   4195  1  
   4195  1  
   4195  1  
   4195  1  
   4245  1  
   4245  1  
   4245  1  
   4245  1  
   4281  2  
   4281  2  
   4281  2  
   4281  2  
   4281  2  
   4281  2  
   4299  1  
   4299  1  
   4299  1  
   4299  1  
   4357  2  
   4357  2  
   4357  2  
   4402  1  
   4402  1  
   4402  1  
   4402  1  
   4403  1  
   4403  1  
   4403  1  
   4403  1  
   4403  1  
   4403  1  
   4403  1  
   4403  1  
   4500  1  
   4500  1  
   4500  1  
   4500  1  
   4500  1  
   4500  1  
   4500  1  
   4500  1  
   4525  2  
   4525  2  
   4525  2  
   4525  2  
   4525  2  
   4525  2  
   4569  1  
   4569  1  
   4569  1  
   4569  1  
   4569  1  
   4569  1  
   4569  1  
   4569  1  
   4573  2  
   4573  2  
   4573  2  
   4573  2  
   4573  2  
   4573  2  
   4654  1  
   4654  1  
   4654  1  
   4654  1  
   4654  1  
   4654  1  
   4654  1  
   4654  1  
   4656  3  
   4656  3  
   4656  3  
   4656  3  
   4693  1  
   4693  1  
   4693  1  
   4693  1  
   4731  2  
   4731  2  
   4731  2  
   4732  2  
   4732  2  
   4732  2  
   4732  2  
   4732  2  
   4732  2  
   4744  1  
   4744  1  
   4744  1  
   4744  1  
   4822  1  
   4822  1  
   4822  1  
   4822  1  
   4822  1  
   4822  1  
   4822  1  
   4822  1  
   4846  1  
   4846  1  
   4846  1  
   4846  1  
   4846  1  
   4846  1  
   4846  1  
   4846  1  
   4877  2  
   4877  2  
   4877  2  
   4885  2  
   4885  2  
   4885  2  
   4885  2  
   4885  2  
   4885  2  
   4933  3  
   4933  3  
   4933  3  
   4933  3  
   4945  1  
   4945  1  
   4945  1  
   4945  1  
   4973  1  
   4973  1  
   4973  1  
   4973  1  
   5027  2  
   5027  2  
   5027  2  
   5027  2  
   5027  2  
   5027  2  
   5067  2  
   5067  2  
   5067  2  
   5084  1  
   5084  1  
   5084  1  
   5084  1  
   5084  1  
   5084  1  
   5084  1  
   5084  1  
   5117  1  
   5117  1  
   5117  1  
   5117  1  
   5117  1  
   5117  1  
   5117  1  
   5117  1  
   5148  4  
   5148  4  
   5155  2  
   5155  2  
   5155  2  
   5186  4  
   5197  1  
   5197  1  
   5197  1  
   5197  1  
   5197  1  
   5197  1  
   5197  1  
   5197  1  
   5232  4  
   5242  2  
   5242  2  
   5242  2  
   5242  2  
   5242  2  
   5242  2  
   5269  2  
   5269  2  
   5269  2  
   5272  4  
   5272  4  
   5274  4  
   5306  1  
   5306  1  
   5306  1  
   5306  1  
   5306  1  
   5306  1  
   5306  1  
   5306  1  
   5329  1  
   5329  1  
   5329  1  
   5329  1  
   5366  2  
   5366  2  
   5366  2  
   5392  4  
   5400  4  
   5402  2  
   5402  2  
   5402  2  
   5452  1  
   5452  1  
   5452  1  
   5452  1  
   5458  2  
   5458  2  
   5458  2  
   5458  2  
   5458  2  
   5458  2  
   5470  1  
   5470  1  
   5470  1  
   5470  1  
   5525  4  
   5530  4  
   5569  2  
   5569  2  
   5569  2  
   5569  2  
   5569  2  
   5569  2  
   5573  2  
   5573  2  
   5573  2  
   5573  2  
   5573  2  
   5573  2  
   5609  1  
   5609  1  
   5609  1  
   5609  1  
   5609  1  
   5609  1  
   5609  1  
   5609  1  
   5617  1  
   5617  1  
   5617  1  
   5617  1  
   5617  1  
   5617  1  
   5617  1  
   5617  1  
   5619  3  
   5619  3  
   5619  3  
   5619  3  
   5639  2  
   5639  2  
   5639  2  
   5639  2  
   5639  2  
   5639  2  
   5661  4  
   5669  4  
   5743  2  
   5743  2  
   5743  2  
   5748  1  
   5748  1  
   5748  1  
   5748  1  
   5760  1  
   5760  1  
   5760  1  
   5760  1  
   5785  4  
   5797  4  
   5863  2  
   5863  2  
   5863  2  
   5877  1  
   5877  1  
   5877  1  
   5877  1  
   5877  1  
   5877  1  
   5877  1  
   5877  1  
   5878  2  
   5878  2  
   5878  2  
   5878  2  
   5878  2  
   5878  2  
   5899  1  
   5899  1  
   5899  1  
   5899  1  
   5911  4  
   5921  4  
   5992  2  
   5992  2  
   5992  2  
   6026  1  
   6026  1  
   6026  1  
   6026  1  
   6030  1  
   6030  1  
   6030  1  
   6030  1  
   6030  1  
   6030  1  
   6030  1  
   6030  1  
   6041  4  
   6044  3  
   6044  3  
   6044  3  
   6044  3  
   6049  4  
   6118  2  
   6118  2  
   6118  2  
   6131  1  
   6131  1  
   6131  1  
   6131  1  
   6131  1  
   6131  1  
   6131  1  
   6131  1  
   6147  2  
   6147  2  
   6147  2  
   6147  2  
   6147  2  
   6147  2  
   6171  4  
   6177  4  
   6177  4  
   6178  1  
   6178  1  
   6178  1  
   6178  1  
   6178  1  
   6178  1  
   6178  1  
   6178  1  
   6207  1  
   6207  1  
   6207  1  
   6207  1  
   6207  1  
   6207  1  
   6207  1  
   6207  1  
   6220  4  
   6259  4  
   6301  4  
   6301  4  
   6312  2  
   6312  2  
   6312  2  
   6318  1  
   6318  1  
   6318  1  
   6318  1  
   6331  1  
   6331  1  
   6331  1  
   6331  1  
   6371  2  
   6371  2  
   6371  2  
   6371  2  
   6371  2  
   6371  2  
   6436  1  
   6436  1  
   6436  1  
   6436  1  
   6474  2  
   6474  2  
   6474  2  
   6479  1  
   6479  1  
   6479  1  
   6479  1  
   6479  1  
   6479  1  
   6479  1  
   6479  1  
   6553  1  
   6553  1  
   6553  1  
   6553  1  
   6567  2  
   6567  2  
   6567  2  
   6606  1  
   6606  1  
   6606  1  
   6606  1  
   6631  3  
   6631  3  
   6631  3  
   6631  3  
   6653  2  
   6653  2  
   6653  2  
   6653  2  
   6653  2  
   6653  2  
   6679  1  
   6679  1  
   6679  1  
   6679  1  
   6679  1  
   6679  1  
   6679  1  
   6679  1  
   6723  1  
   6723  1  
   6723  1  
   6723  1  
   6723  1  
   6723  1  
   6723  1  
   6723  1  
   6774  2  
   6774  2  
   6774  2  
   6774  2  
   6774  2  
   6774  2  
   6790  2  
   6790  2  
   6790  2  
   6790  2  
   6790  2  
   6790  2  
   6834  1  
   6834  1  
   6834  1  
   6834  1  
   6878  1  
   6878  1  
   6878  1  
   6878  1  
   6967  2  
   6967  2  
   6967  2  
   6967  2  
   6967  2  
   6967  2  
   6976  2  
   6976  2  
   6976  2  
   6984  1  
   6984  1  
   6984  1  
   6984  1  
   7039  1  
   7039  1  
   7039  1  
   7039  1  
   7039  1  
   7039  1  
   7039  1  
   7039  1  
   7134  1  
   7134  1  
   7134  1  
   7134  1  
   7134  1  
   7134  1  
   7134  1  
   7134  1  
   7156  2  
   7156  2  
   7156  2  
   7162  1  
   7162  1  
   7162  1  
   7162  1  
   7182  3  
   7182  3  
   7182  3  
   7182  3  
   7185  2  
   7185  2  
   7185  2  
   7185  2  
   7185  2  
   7185  2  
   7233  1  
   7233  1  
   7233  1  
   7233  1  
   7233  1  
   7233  1  
   7233  1  
   7233  1  
   7295  1  
   7295  1  
   7295  1  
   7295  1  
   7295  1  
   7295  1  
   7295  1  
   7295  1  
   7348  2  
   7348  2  
   7348  2  
   7348  2  
   7348  2  
   7348  2  
   7383  2  
   7383  2  
   7383  2  
   7412  1  
   7412  1  
   7412  1  
   7412  1  
   7425  1  
   7425  1  
   7425  1  
   7425  1  
   7425  1  
   7425  1  
   7425  1  
   7425  1  
   7529  1  
   7529  1  
   7529  1  
   7529  1  
   7529  1  
   7529  1  
   7529  1  
   7529  1  
   7561  2  
   7561  2  
   7561  2  
   7561  2  
   7561  2  
   7561  2  
   7584  2  
   7584  2  
   7584  2  
   7584  2  
   7584  2  
   7584  2  
   7599  1  
   7599  1  
   7599  1  
   7599  1  
   7653  3  
   7653  3  
   7653  3  
   7653  3  
   7655  1  
   7655  1  
   7655  1  
   7655  1  
   7748  2  
   7748  2  
   7748  2  
   7754  2  
   7754  2  
   7754  2  
   7784  1  
   7784  1  
   7784  1  
   7784  1  
   7784  1  
   7784  1  
   7784  1  
   7784  1  
   7788  1  
   7788  1  
   7788  1  
   7788  1  
   7904  1  
   7904  1  
   7904  1  
   7904  1  
   7904  1  
   7904  1  
   7904  1  
   7904  1  
   7924  2  
   7924  2  
   7924  2  
   7924  2  
   7924  2  
   7924  2  
   7945  2  
   7945  2  
   7945  2  
   7945  2  
   7945  2  
   7945  2  
   7980  1  
   7980  1  
   7980  1  
   7980  1  
   7980  1  
   7980  1  
   7980  1  
   7980  1  
   7986  1  
   7986  1  
   7986  1  
   7986  1  
   7986  1  
   7986  1  
   7986  1  
   7986  1  
   8083  1  
   8083  1  
   8083  1  
   8083  1  
   8107  2  
   8107  2  
   8107  2  
   8114  2  
   8114  2  
   8114  2  
   8148  1  
   8148  1  
   8148  1  
   8148  1  
   8179  1  
   8179  1  
   8179  1  
   8179  1  
   8179  1  
   8179  1  
   8179  1  
   8179  1  
   8248  2  
   8248  2  
   8248  2  
   8285  2  
   8285  2  
   8285  2  
   8285  2  
   8285  2  
   8285  2  
   8300  1  
   8300  1  
   8300  1  
   8300  1  
   8308  1  
   8308  1  
   8308  1  
   8308  1  
   8308  1  
   8308  1  
   8308  1  
   8308  1  
   8325  3  
   8325  3  
   8325  3  
   8325  3  
   8354  2  
   8354  2  
   8354  2  
   8421  1  
   8421  1  
   8421  1  
   8421  1  
   8421  1  
   8421  1  
   8421  1  
   8421  1  
   8430  1  
   8430  1  
   8430  1  
   8430  1  
   8461  2  
   8461  2  
   8461  2  
   8466  2  
   8466  2  
   8466  2  
   8537  1  
   8537  1  
   8537  1  
   8537  1  
   8544  1  
   8544  1  
   8544  1  
   8544  1  
   8544  1  
   8544  1  
   8544  1  
   8544  1  
   8548  2  
   8548  2  
   8548  2  
   8548  2  
   8548  2  
   8548  2  
   8613  2  
   8613  2  
   8613  2  
   8615  1  
   8615  1  
   8615  1  
   8615  1  
   8641  2  
   8641  2  
   8641  2  
   8641  2  
   8641  2  
   8641  2  
   8654  1  
   8654  1  
   8654  1  
   8654  1  
   8665  2  
   8665  2  
   8665  2  
   8678  1  
   8678  1  
   8678  1  
   8678  1  
   8712  3  
   8712  3  
   8712  3  
   8712  3  
   8729  2  
   8729  2  
   8729  2  
   8729  2  
   8729  2  
   8729  2  
   8732  1  
   8732  1  
   8732  1  
   8732  1  
   8772  1  
   8772  1  
   8772  1  
   8772  1  
   8786  2  
   8786  2  
   8786  2  
   8786  2  
   8786  2  
   8786  2  
   8788  1  
   8788  1  
   8788  1  
   8788  1  
   8826  1  
   8826  1  
   8826  1  
   8826  1  
   8832  2  
   8832  2  
   8832  2  
   8857  1  
   8857  1  
   8857  1  
   8857  1  
   8860  2  
   8860  2  
   8860  2  
   8884  1  
   8884  1  
   8884  1  
   8884  1  
   8905  1  
   8905  1  
   8905  1  
   8905  1  
   8905  1  
   8905  1  
   8905  1  
   8905  1  
   8909  1  
   8909  1  
   8909  1  
   8909  1  
   8909  1  
   8909  1  
   8909  1  
   8909  1  
   8920  1  
   8920  1  
   8920  1  
   8920  1  
   8920  1  
   8920  1  
   8920  1  
   8920  1  
   8939  1  
   8939  1  
   8939  1  
   8939  1  
   8953  2  
   8953  2  
   8953  2  
   8957  1  
   8957  1  
   8957  1  
   8957  1  
   8957  1  
   8957  1  
   8957  1  
   8957  1  
   8980  1  
   8980  1  
   8980  1  
   8980  1  
   9008  1  
   9008  1  
   9008  1  
   9008  1  
   9026  1  
   9026  1  
   9026  1  
   9026  1  
   9046  1  
   9046  1  
   9046  1  
   9046  1  
   9051  2  
   9051  2  
   9051  2  
   9051  2  
   9051  2  
   9051  2  
   9062  2  
   9062  2  
   9062  2  
   9086  1  
   9086  1  
   9086  1  
   9086  1  
   9126  1  
   9126  1  
   9126  1  
   9126  1  
   9141  1  
   9141  1  
   9141  1  
   9141  1  
   9165  2  
   9165  2  
   9165  2  
   9180  1  
   9180  1  
   9180  1  
   9180  1  
   9240  1  
   9240  1  
   9240  1  
   9240  1  
   9240  1  
   9240  1  
   9240  1  
   9240  1  
   9244  1  
   9244  1  
   9244  1  
   9244  1  
   9258  2  
   9258  2  
   9258  2  
   9291  2  
   9291  2  
   9291  2  
   9325  1  
   9325  1  
   9325  1  
   9325  1  
   9356  1  
   9356  1  
   9356  1  
   9356  1  
   9356  1  
   9356  1  
   9356  1  
   9356  1  
   9414  1  
   9414  1  
   9414  1  
   9414  1  
   9426  2  
   9426  2  
   9426  2  
   9426  2  
   9426  2  
   9426  2  
   9439  1  
   9439  1  
   9439  1  
   9439  1  
   9455  2  
   9455  2  
   9455  2  
   9455  2  
   9455  2  
   9455  2  
   9524  1  
   9524  1  
   9524  1  
   9524  1  
   9524  1  
   9524  1  
   9524  1  
   9524  1  
   9524  1  
   9539  1  
   9539  1  
   9539  1  
   9539  1  
   9539  1  
   9539  1  
   9539  1  
   9539  1  
   9564  2  
   9564  2  
   9564  2  
   9587  3  
   9587  3  
   9587  3  
   9587  3  
   9621  2  
   9621  2  
   9621  2  
   9621  2  
   9621  2  
   9621  2  
   9628  1  
   9628  1  
   9628  1  
   9628  1  
   9628  1  
   9706  1  
   9706  1  
   9706  1  
   9706  1  
   9706  1  
   9706  1  
   9706  1  
   9706  1  
   9707  2  
   9707  2  
   9707  2  
   9707  2  
   9707  2  
   9707  2  
   9735  1  
   9735  1  
   9735  1  
   9735  1  
   9735  1  
   9735  1  
   9735  1  
   9735  1  
   9735  1  
   9735  1  
   9793  2  
   9793  2  
   9793  2  
   9793  2  
   9793  2  
   9793  2  
   9817  3  
   9817  3  
   9817  3  
   9817  3  
   9842  1  
   9842  1  
   9842  1  
   9842  1  
   9847  2  
   9847  2  
   9847  2  
   9858  1  
   9858  1  
   9858  1  
   9858  1  
   9858  1  
   9858  1  
   9858  1  
   9858  1  
   9858  1  
   9858  1  
   9937  1  
   9937  1  
   9937  1  
   9937  1  
   9937  1  
   9982  1  
   9982  1  
   9982  1  
   9982  1  
   9988  2  
   9988  2  
   9988  2  
   10019  1  
   10019  1  
   10019  1  
   10019  1  
   10019  1  
   10035  2  
   10035  2  
   10035  2  
   10035  2  
   10035  2  
   10035  2  
   10105  1  
   10105  1  
   10105  1  
   10105  1  
   10105  1  
   10105  1  
   10105  1  
   10105  1  
   10105  1  
   10105  1  
   10123  1  
   10123  1  
   10123  1  
   10123  1  
   10123  1  
   10123  1  
   10123  1  
   10123  1  
   10138  2  
   10138  2  
   10138  2  
   10138  2  
   10138  2  
   10138  2  
   10203  1  
   10203  1  
   10203  1  
   10203  1  
   10203  1  
   10230  2  
   10230  2  
   10230  2  
   10230  2  
   10230  2  
   10230  2  
   10273  1  
   10273  1  
   10273  1  
   10273  1  
   10297  1  
   10297  1  
   10297  1  
   10297  1  
   10297  1  
   10310  2  
   10310  2  
   10310  2  
   10376  1  
   10376  1  
   10376  1  
   10376  1  
   10376  1  
   10385  2  
   10385  2  
   10385  2  
   10428  1  
   10428  1  
   10428  1  
   10428  1  
   10428  1  
   10428  1  
   10428  1  
   10428  1  
   10455  1  
   10455  1  
   10455  1  
   10455  1  
   10455  1  
   10455  1  
   10455  1  
   10455  1  
   10455  1  
   10455  1  
   10487  2  
   10487  2  
   10487  2  
   10487  2  
   10487  2  
   10487  2  
   10507  1  
   10507  1  
   10507  1  
   10507  1  
   10507  1  
   10507  1  
   10507  1  
   10507  1  
   10507  1  
   10507  1  
   10546  2  
   10546  2  
   10546  2  
   10546  2  
   10546  2  
   10546  2  
   10572  1  
   10572  1  
   10572  1  
   10572  1  
   10614  1  
   10614  1  
   10614  1  
   10614  1  
   10614  1  
   10614  1  
   10614  1  
   10614  1  
   10614  1  
   10614  1  
   10614  1  
   10657  2  
   10657  2  
   10657  2  
   10690  1  
   10690  1  
   10690  1  
   10690  1  
   10690  1  
   10690  1  
   10693  2  
   10693  2  
   10693  2  
   10711  3  
   10711  3  
   10711  3  
   10711  3  
   10720  1  
   10720  1  
   10720  1  
   10720  1  
   10720  1  
   10720  1  
   10720  1  
   10720  1  
   10769  1  
   10769  1  
   10769  1  
   10769  1  
   10769  1  
   10769  1  
   10827  3  
   10827  3  
   10827  3  
   10827  3  
   10832  2  
   10832  2  
   10832  2  
   10832  2  
   10832  2  
   10832  2  
   10835  2  
   10835  2  
   10835  2  
   10835  2  
   10835  2  
   10835  2  
   10847  1  
   10847  1  
   10847  1  
   10847  1  
   10869  1  
   10869  1  
   10869  1  
   10869  1  
   10869  1  
   10869  1  
   10869  1  
   10869  1  
   10869  1  
   10869  1  
   10869  1  
   10869  1  
   10973  1  
   10973  1  
   10973  1  
   10973  1  
   10983  2  
   10983  2  
   10983  2  
   10983  2  
   10983  2  
   10983  2  
   11006  1  
   11006  1  
   11006  1  
   11006  1  
   11006  1  
   11006  1  
   11006  1  
   11006  1  
   11006  1  
   11006  1  
   11006  1  
   11006  1  
   11039  2  
   11039  2  
   11039  2  
   11083  1  
   11083  1  
   11083  1  
   11083  1  
   11083  1  
   11083  1  
   11099  1  
   11099  1  
   11099  1  
   11099  1  
   11099  1  
   11099  1  
   11099  1  
   11099  1  
   11145  2  
   11145  2  
   11145  2  
   11145  2  
   11145  2  
   11145  2  
   11159  1  
   11159  1  
   11159  1  
   11159  1  
   11159  1  
   11159  1  
   11234  1  
   11234  1  
   11234  1  
   11234  1  
   11234  1  
   11234  1  
   11234  1  
   11234  1  
   11234  1  
   11234  1  
   11234  1  
   11234  1  
   11238  2  
   11238  2  
   11238  2  
   11238  2  
   11238  2  
   11238  2  
   11274  1  
   11274  1  
   11274  1  
   11274  1  
   11274  1  
   11274  1  
   11274  1  
   11274  1  
   11321  1  
   11321  1  
   11321  1  
   11321  1  
   11321  1  
   11321  1  
   11337  2  
   11337  2  
   11337  2  
   11337  2  
   11337  2  
   11337  2  
   11392  1  
   11392  1  
   11392  1  
   11392  1  
   11405  1  
   11405  1  
   11405  1  
   11405  1  
   11405  1  
   11405  1  
   11465  2  
   11465  2  
   11465  2  
   11465  2  
   11465  2  
   11465  2  
   11503  1  
   11503  1  
   11503  1  
   11503  1  
   11503  1  
   11503  1  
   11503  1  
   11503  1  
   11503  1  
   11503  1  
   11503  1  
   11503  1  
   11505  2  
   11505  2  
   11505  2  
   11505  2  
   11505  2  
   11505  2  
   11508  1  
   11508  1  
   11508  1  
   11508  1  
   11595  1  
   11595  1  
   11595  1  
   11595  1  
   11595  1  
   11595  1  
   11595  1  
   11595  1  
   11595  1  
   11595  1  
   11595  1  
   11595  1  
   11607  1  
   11607  1  
   11607  1  
   11607  1  
   11617  2  
   11617  2  
   11617  2  
   11671  1  
   11671  1  
   11671  1  
   11671  1  
   11671  1  
   11671  1  
   11671  1  
   11671  1  
   11671  1  
   11671  1  
   11671  1  
   11671  1  
   11693  2  
   11693  2  
   11693  2  
   11703  1  
   11703  1  
   11703  1  
   11703  1  
   11703  1  
   11703  1  
   11703  1  
   11703  1  
   11738  2  
   11738  2  
   11738  2  
   11738  2  
   11738  2  
   11738  2  
   11757  1  
   11757  1  
   11757  1  
   11757  1  
   11757  1  
   11757  1  
   11774  1  
   11774  1  
   11774  1  
   11774  1  
   11774  1  
   11774  1  
   11774  1  
   11774  1  
   11798  3  
   11798  3  
   11798  3  
   11798  3  
   11799  3  
   11799  3  
   11799  3  
   11799  3  
   11823  3  
   11823  3  
   11823  3  
   11823  3  
   11842  1  
   11842  1  
   11842  1  
   11842  1  
   11842  1  
   11842  1  
   11857  2  
   11857  2  
   11857  2  
   11863  1  
   11863  1  
   11863  1  
   11863  1  
   11889  3  
   11889  3  
   11889  3  
   11889  3  
   11911  2  
   11911  2  
   11911  2  
   11911  2  
   11911  2  
   11911  2  
   11925  1  
   11925  1  
   11925  1  
   11925  1  
   11925  1  
   11925  1  
   11946  1  
   11946  1  
   11946  1  
   11946  1  
   11966  2  
   11966  2  
   11966  2  
   11991  3  
   11991  3  
   11991  3  
   11991  3  
   12004  1  
   12004  1  
   12004  1  
   12004  1  
   12004  1  
   12004  1  
   12028  1  
   12028  1  
   12028  1  
   12028  1  
   12058  2  
   12058  2  
   12058  2  
   12058  2  
   12058  2  
   12058  2  
   12075  2  
   12075  2  
   12075  2  
   12075  2  
   12075  2  
   12075  2  
   12093  1  
   12093  1  
   12093  1  
   12093  1  
   12093  1  
   12093  1  
   12093  1  
   12093  1  
   12093  1  
   12093  1  
   12093  1  
   12093  1  
   12095  1  
   12095  1  
   12095  1  
   12095  1  
   12095  1  
   12095  1  
   12095  1  
   12095  1  
   12143  3  
   12143  3  
   12143  3  
   12143  3  
   12157  2  
   12157  2  
   12157  2  
   12157  2  
   12157  2  
   12157  2  
   12191  1  
   12191  1  
   12191  1  
   12191  1  
   12202  1  
   12202  1  
   12202  1  
   12202  1  
   12202  1  
   12202  1  
   12210  2  
   12210  2  
   12210  2  
   12264  2  
   12264  2  
   12264  2  
   12264  2  
   12264  2  
   12264  2  
   12284  1  
   12284  1  
   12284  1  
   12284  1  
   12284  1  
   12284  1  
   12284  1  
   12284  1  
   12318  1  
   12318  1  
   12318  1  
   12318  1  
   12318  1  
   12318  1  
   12318  1  
   12318  1  
   12318  1  
   12318  1  
   12318  1  
   12318  1  
   12325  3  
   12325  3  
   12325  3  
   12325  3  
   12331  1  
   12331  1  
   12331  1  
   12331  1  
   12331  1  
   12331  1  
   12331  1  
   12331  1  
   12373  2  
   12373  2  
   12373  2  
   12373  2  
   12373  2  
   12373  2  
   12390  2  
   12390  2  
   12390  2  
   12412  1  
   12412  1  
   12412  1  
   12412  1  
   12412  1  
   12412  1  
   12415  1  
   12415  1  
   12415  1  
   12415  1  
   12501  1  
   12501  1  
   12501  1  
   12501  1  
   12501  1  
   12501  1  
   12512  1  
   12512  1  
   12512  1  
   12512  1  
   12513  2  
   12513  2  
   12513  2  
   12513  2  
   12513  2  
   12513  2  
   12529  2  
   12529  2  
   12529  2  
   12529  2  
   12529  2  
   12529  2  
   12552  3  
   12552  3  
   12552  3  
   12552  3  
   12594  1  
   12594  1  
   12594  1  
   12594  1  
   12594  1  
   12594  1  
   12594  1  
   12594  1  
   12594  1  
   12594  1  
   12594  1  
   12594  1  
   12615  1  
   12615  1  
   12615  1  
   12615  1  
   12635  2  
   12635  2  
   12635  2  
   12635  2  
   12635  2  
   12635  2  
   12676  2  
   12676  2  
   12676  2  
   12676  2  
   12676  2  
   12676  2  
   12692  1  
   12692  1  
   12692  1  
   12692  1  
   12692  1  
   12692  1  
   12729  1  
   12729  1  
   12729  1  
   12729  1  
   12783  2  
   12783  2  
   12783  2  
   12794  1  
   12794  1  
   12794  1  
   12794  1  
   12794  1  
   12794  1  
   12798  2  
   12798  2  
   12798  2  
   12810  3  
   12810  3  
   12810  3  
   12810  3  
   12856  1  
   12856  1  
   12856  1  
   12856  1  
   12856  1  
   12856  1  
   12856  1  
   12856  1  
   12884  3  
   12884  3  
   12884  3  
   12884  3  
   12893  1  
   12893  1  
   12893  1  
   12893  1  
   12893  1  
   12893  1  
   12893  1  
   12893  1  
   12893  1  
   12893  1  
   12893  1  
   12893  1  
   12894  2  
   12894  2  
   12894  2  
   12894  2  
   12894  2  
   12894  2  
   12956  2  
   12956  2  
   12956  2  
   12972  1  
   12972  1  
   12972  1  
   12972  1  
   12972  1  
   12972  1  
   12972  1  
   12972  1  
   12993  1  
   12993  1  
   12993  1  
   12993  1  
   12993  1  
   12993  1  
   12993  1  
   12993  1  
   12993  1  
   12993  1  
   12993  1  
   12993  1  
   13014  2  
   13014  2  
   13014  2  
   13083  3  
   13083  3  
   13083  3  
   13083  3  
   13085  1  
   13085  1  
   13085  1  
   13085  1  
   13085  1  
   13085  1  
   13108  1  
   13108  1  
   13108  1  
   13108  1  
   13126  2  
   13126  2  
   13126  2  
   13126  2  
   13126  2  
   13126  2  
   13134  2  
   13134  2  
   13134  2  
   13134  2  
   13134  2  
   13134  2  
   13186  1  
   13186  1  
   13186  1  
   13186  1  
   13186  1  
   13186  1  
   13186  1  
   13186  1  
   13186  1  
   13186  1  
   13186  1  
   13186  1  
   13218  2  
   13218  2  
   13218  2  
   13218  2  
   13218  2  
   13218  2  
   13254  1  
   13254  1  
   13254  1  
   13254  1  
   13264  1  
   13264  1  
   13264  1  
   13264  1  
   13264  1  
   13264  1  
   13301  2  
   13301  2  
   13301  2  
   13301  2  
   13301  2  
   13301  2  
   13323  2  
   13323  2  
   13323  2  
   13323  2  
   13323  2  
   13323  2  
   13345  1  
   13345  1  
   13345  1  
   13345  1  
   13345  1  
   13345  1  
   13393  3  
   13393  3  
   13393  3  
   13393  3  
   13396  1  
   13396  1  
   13396  1  
   13396  1  
   13396  1  
   13396  1  
   13396  1  
   13396  1  
   13423  2  
   13423  2  
   13423  2  
   13432  1  
   13432  1  
   13432  1  
   13432  1  
   13432  1  
   13432  1  
   13432  1  
   13432  1  
   13432  1  
   13432  1  
   13432  1  
   13432  1  
   13532  1  
   13532  1  
   13532  1  
   13532  1  
   13532  1  
   13532  1  
   13532  1  
   13532  1  
   13532  1  
   13532  1  
   13532  1  
   13532  1  
   13540  2  
   13540  2  
   13540  2  
   13541  2  
   13541  2  
   13541  2  
   13544  1  
   13544  1  
   13544  1  
   13544  1  
   13544  1  
   13544  1  
   13544  1  
   13544  1  
   13605  1  
   13605  1  
   13605  1  
   13605  1  
   13605  1  
   13605  1  
   13654  2  
   13654  2  
   13654  2  
   13654  2  
   13654  2  
   13654  2  
   13668  1  
   13668  1  
   13668  1  
   13668  1  
   13673  1  
   13673  1  
   13673  1  
   13673  1  
   13673  1  
   13673  1  
   13730  3  
   13730  3  
   13730  3  
   13730  3  
   13751  1  
   13751  1  
   13751  1  
   13751  1  
   13751  1  
   13751  1  
   13751  1  
   13751  1  
   13751  1  
   13751  1  
   13751  1  
   13751  1  
   13759  2  
   13759  2  
   13759  2  
   13760  2  
   13760  2  
   13760  2  
   13760  2  
   13760  2  
   13760  2  
   13809  1  
   13809  1  
   13809  1  
   13809  1  
   13824  1  
   13824  1  
   13824  1  
   13824  1  
   13824  1  
   13824  1  
   13856  2  
   13856  2  
   13856  2  
   13856  2  
   13856  2  
   13856  2  
   13871  3  
   13871  3  
   13871  3  
   13871  3  
   13879  1  
   13879  1  
   13879  1  
   13879  1  
   13879  1  
   13879  1  
   13932  1  
   13932  1  
   13932  1  
   13932  1  
   13932  1  
   13932  1  
   13942  1  
   13942  1  
   13942  1  
   13942  1  
   13942  1  
   13942  1  
   13942  1  
   13942  1  
   13945  2  
   13945  2  
   13945  2  
   13945  2  
   13945  2  
   13945  2  
   13969  1  
   13969  1  
   13969  1  
   13969  1  
   13969  1  
   13969  1  
   13980  2  
   13980  2  
   13980  2  
   14002  1  
   14002  1  
   14002  1  
   14002  1  
   14002  1  
   14002  1  
   14033  1  
   14033  1  
   14033  1  
   14033  1  
   14033  1  
   14033  1  
   14056  1  
   14056  1  
   14056  1  
   14056  1  
   14056  1  
   14056  1  
   14075  1  
   14075  1  
   14075  1  
   14075  1  
   14075  1  
   14075  1  
   14075  1  
   14075  1  
   14075  1  
   14075  1  
   14075  1  
   14075  1  
   14098  1  
   14098  1  
   14098  1  
   14098  1  
   14098  1  
   14098  1  
   14098  1  
   14098  1  
   14098  1  
   14098  1  
   14098  1  
   14098  1  
   14113  1  
   14113  1  
   14113  1  
   14113  1  
   14113  1  
   14113  1  
   14113  1  
   14113  1  
   14113  1  
   14113  1  
   14113  1  
   14113  1  
   14114  1  
   14114  1  
   14114  1  
   14114  1  
   14114  1  
   14114  1  
   14114  1  
   14114  1  
   14115  2  
   14115  2  
   14115  2  
   14115  2  
   14115  2  
   14115  2  
   14116  3  
   14116  3  
   14116  3  
   14116  3  
   14141  1  
   14141  1  
   14141  1  
   14141  1  
   14141  1  
   14141  1  
   14168  1  
   14168  1  
   14168  1  
   14168  1  
   14168  1  
   14168  1  
   14173  2  
   14173  2  
   14173  2  
   14204  1  
   14204  1  
   14204  1  
   14204  1  
   14204  1  
   14204  1  
   14241  1  
   14241  1  
   14241  1  
   14241  1  
   14241  1  
   14241  1  
   14256  1  
   14256  1  
   14256  1  
   14256  1  
   14258  2  
   14258  2  
   14258  2  
   14291  1  
   14291  1  
   14291  1  
   14291  1  
   14291  1  
   14291  1  
   14346  1  
   14346  1  
   14346  1  
   14346  1  
   14346  1  
   14346  1  
   14371  2  
   14371  2  
   14371  2  
   14371  2  
   14371  2  
   14371  2  
   14386  1  
   14386  1  
   14386  1  
   14386  1  
   14391  2  
   14391  2  
   14391  2  
   14391  2  
   14391  2  
   14391  2  
   14423  1  
   14423  1  
   14423  1  
   14423  1  
   14423  1  
   14423  1  
   14423  1  
   14423  1  
   14423  1  
   14423  1  
   14423  1  
   14423  1  
   14492  2  
   14492  2  
   14492  2  
   14492  2  
   14492  2  
   14492  2  
   14493  1  
   14493  1  
   14493  1  
   14493  1  
   14493  1  
   14493  1  
   14512  3  
   14512  3  
   14512  3  
   14512  3  
   14515  1  
   14515  1  
   14515  1  
   14515  1  
   14515  1  
   14515  1  
   14515  1  
   14515  1  
   14565  1  
   14565  1  
   14565  1  
   14565  1  
   14565  1  
   14565  1  
   14582  2  
   14582  2  
   14582  2  
   14584  2  
   14584  2  
   14584  2  
   14584  2  
   14584  2  
   14584  2  
   14638  1  
   14638  1  
   14638  1  
   14638  1  
   14638  1  
   14638  1  
   14638  1  
   14638  1  
   14638  1  
   14638  1  
   14638  1  
   14638  1  
   14640  1  
   14640  1  
   14640  1  
   14640  1  
   14640  1  
   14640  1  
   14640  1  
   14640  1  
   14672  2  
   14672  2  
   14672  2  
   14672  2  
   14672  2  
   14672  2  
   14732  1  
   14732  1  
   14732  1  
   14732  1  
   14732  1  
   14732  1  
   14732  1  
   14732  1  
   14732  1  
   14732  1  
   14732  1  
   14732  1  
   14770  1  
   14770  1  
   14770  1  
   14770  1  
   14781  2  
   14781  2  
   14781  2  
   14783  2  
   14783  2  
   14783  2  
   14803  1  
   14803  1  
   14803  1  
   14803  1  
   14803  1  
   14803  1  
   14846  3  
   14846  3  
   14846  3  
   14846  3  
   14881  1  
   14881  1  
   14881  1  
   14881  1  
   14881  1  
   14881  1  
   14881  1  
   14881  1  
   14881  1  
   14881  1  
   14881  1  
   14881  1  
   14882  2  
   14882  2  
   14882  2  
   14882  2  
   14882  2  
   14882  2  
   14900  1  
   14900  1  
   14900  1  
   14900  1  
   14909  3  
   14909  3  
   14909  3  
   14909  3  
   14954  1  
   14954  1  
   14954  1  
   14954  1  
   14954  1  
   14954  1  
   14968  2  
   14968  2  
   14968  2  
   14968  2  
   14968  2  
   14968  2  
   14969  2  
   14969  2  
   14969  2  
   14969  2  
   14969  2  
   14969  2  
   15019  1  
   15019  1  
   15019  1  
   15019  1  
   15019  1  
   15019  1  
   15019  1  
   15019  1  
   15038  1  
   15038  1  
   15038  1  
   15038  1  
   15038  1  
   15038  1  
   15038  1  
   15038  1  
   15038  1  
   15038  1  
   15038  1  
   15038  1  
   15058  2  
   15058  2  
   15058  2  
   15088  1  
   15088  1  
   15088  1  
   15088  1  
   15088  1  
   15088  1  
   15088  1  
   15088  1  
   15123  2  
   15123  2  
   15123  2  
   15123  2  
   15123  2  
   15123  2  
   15145  2  
   15145  2  
   15145  2  
   15145  2  
   15145  2  
   15145  2  
   15147  1  
   15147  1  
   15147  1  
   15147  1  
   15147  1  
   15147  1  
   15147  1  
   15147  1  
   15147  1  
   15147  1  
   15147  1  
   15147  1  
   15176  1  
   15176  1  
   15176  1  
   15176  1  
   15220  2  
   15220  2  
   15220  2  
   15241  1  
   15241  1  
   15241  1  
   15241  1  
   15241  1  
   15241  1  
   15250  1  
   15250  1  
   15250  1  
   15250  1  
   15264  2  
   15264  2  
   15264  2  
   15289  2  
   15289  2  
   15289  2  
   15301  3  
   15301  3  
   15301  3  
   15301  3  
   15304  1  
   15304  1  
   15304  1  
   15304  1  
   15331  1  
   15331  1  
   15331  1  
   15331  1  
   15331  1  
   15331  1  
   15331  1  
   15331  1  
   15331  1  
   15331  1  
   15331  1  
   15331  1  
   15350  1  
   15350  1  
   15350  1  
   15350  1  
   15351  2  
   15351  2  
   15351  2  
   15390  1  
   15390  1  
   15390  1  
   15390  1  
   15391  2  
   15391  2  
   15391  2  
   15408  2  
   15408  2  
   15408  2  
   15408  2  
   15408  2  
   15408  2  
   15412  1  
   15412  1  
   15412  1  
   15412  1  
   15412  1  
   15412  1  
   15424  1  
   15424  1  
   15424  1  
   15424  1  
   15450  2  
   15450  2  
   15450  2  
   15450  2  
   15450  2  
   15450  2  
   15455  1  
   15455  1  
   15455  1  
   15455  1  
   15479  1  
   15479  1  
   15479  1  
   15479  1  
   15479  1  
   15479  1  
   15479  1  
   15479  1  
   15487  1  
   15487  1  
   15487  1  
   15487  1  
   15487  1  
   15487  1  
   15492  2  
   15492  2  
   15492  2  
   15492  2  
   15492  2  
   15492  2  
   15504  1  
   15504  1  
   15504  1  
   15504  1  
   15516  1  
   15516  1  
   15516  1  
   15516  1  
   15539  1  
   15539  1  
   15539  1  
   15539  1  
   15539  1  
   15539  1  
   15539  1  
   15539  1  
   15541  2  
   15541  2  
   15541  2  
   15541  2  
   15541  2  
   15541  2  
   15558  1  
   15558  1  
   15558  1  
   15558  1  
   15558  1  
   15558  1  
   15558  1  
   15558  1  
   15565  1  
   15565  1  
   15565  1  
   15565  1  
   15565  1  
   15565  1  
   15572  2  
   15572  2  
   15572  2  
   15581  1  
   15581  1  
   15581  1  
   15581  1  
   15597  1  
   15597  1  
   15597  1  
   15597  1  
   15623  1  
   15623  1  
   15623  1  
   15623  1  
   15625  1  
   15625  1  
   15625  1  
   15625  1  
   15625  1  
   15625  1  
   15637  2  
   15637  2  
   15637  2  
   15657  1  
   15657  1  
   15657  1  
   15657  1  
   15672  1  
   15672  1  
   15672  1  
   15672  1  
   15672  1  
   15672  1  
   15672  1  
   15672  1  
   15672  1  
   15672  1  
   15672  1  
   15693  1  
   15693  1  
   15693  1  
   15693  1  
   15706  1  
   15706  1  
   15706  1  
   15706  1  
   15706  1  
   15706  1  
   15706  1  
   15706  1  
   15706  1  
   15706  1  
   15706  1  
   15717  2  
   15717  2  
   15717  2  
   15732  2  
   15732  2  
   15732  2  
   15732  2  
   15732  2  
   15732  2  
   15742  1  
   15742  1  
   15742  1  
   15742  1  
   15746  1  
   15746  1  
   15746  1  
   15746  1  
   15746  1  
   15746  1  
   15746  1  
   15746  1  
   15746  1  
   15746  1  
   15746  1  
   15746  1  
   15786  1  
   15786  1  
   15786  1  
   15786  1  
   15786  1  
   15786  1  
   15793  1  
   15793  1  
   15793  1  
   15793  1  
   15795  3  
   15795  3  
   15795  3  
   15795  3  
   15803  2  
   15803  2  
   15803  2  
   15803  2  
   15803  2  
   15803  2  
   15808  3  
   15808  3  
   15808  3  
   15808  3  
   15836  1  
   15836  1  
   15836  1  
   15836  1  
   15836  1  
   15836  1  
   15846  2  
   15846  2  
   15846  2  
   15849  1  
   15849  1  
   15849  1  
   15849  1  
   15890  1  
   15890  1  
   15890  1  
   15890  1  
   15890  1  
   15890  1  
   15900  2  
   15900  2  
   15900  2  
   15927  1  
   15927  1  
   15927  1  
   15927  1  
   15934  2  
   15934  2  
   15934  2  
   15951  1  
   15951  1  
   15951  1  
   15951  1  
   15951  1  
   15951  1  
   15981  2  
   15981  2  
   15981  2  
   15981  2  
   15981  2  
   15981  2  
   16005  2  
   16005  2  
   16005  2  
   16018  1  
   16018  1  
   16018  1  
   16018  1  
   16018  1  
   16018  1  
   16018  1  
   16018  1  
   16025  1  
   16025  1  
   16025  1  
   16025  1  
   16025  1  
   16025  1  
   16025  1  
   16025  1  
   16025  1  
   16025  1  
   16025  1  
   16025  1  
   16073  2  
   16073  2  
   16073  2  
   16078  2  
   16078  2  
   16078  2  
   16078  2  
   16078  2  
   16078  2  
   16106  1  
   16106  1  
   16106  1  
   16106  1  
   16106  1  
   16106  1  
   16117  2  
   16117  2  
   16117  2  
   16117  2  
   16117  2  
   16117  2  
   16125  1  
   16125  1  
   16125  1  
   16125  1  
   16125  1  
   16125  1  
   16125  1  
   16125  1  
   16166  2  
   16166  2  
   16166  2  
   16166  2  
   16166  2  
   16166  2  
   16186  1  
   16186  1  
   16186  1  
   16186  1  
   16186  1  
   16186  1  
   16196  2  
   16196  2  
   16196  2  
   16196  2  
   16196  2  
   16196  2  
   16203  2  
   16203  2  
   16203  2  
   16203  2  
   16203  2  
   16203  2  
   16223  1  
   16223  1  
   16223  1  
   16223  1  
   16240  3  
   16240  3  
   16240  3  
   16240  3  
   16267  2  
   16267  2  
   16267  2  
   16269  2  
   16269  2  
   16269  2  
   16270  1  
   16270  1  
   16270  1  
   16270  1  
   16270  1  
   16270  1  
   16270  1  
   16270  1  
   16270  1  
   16270  1  
   16270  1  
   16317  1  
   16317  1  
   16317  1  
   16317  1  
   16331  1  
   16331  1  
   16331  1  
   16331  1  
   16331  1  
   16331  1  
   16331  1  
   16331  1  
   16331  1  
   16331  1  
   16335  2  
   16335  2  
   16335  2  
   16337  2  
   16337  2  
   16337  2  
   16337  2  
   16337  2  
   16337  2  
   16409  2  
   16409  2  
   16409  2  
   16410  1  
   16410  1  
   16410  1  
   16410  1  
   16410  1  
   16410  1  
   16410  1  
   16410  1  
   16429  1  
   16429  1  
   16429  1  
   16429  1  
   16429  1  
   16429  1  
   16429  1  
   16429  1  
   16429  1  
   16429  1  
   16449  2  
   16449  2  
   16449  2  
   16449  2  
   16449  2  
   16449  2  
   16490  1  
   16490  1  
   16490  1  
   16490  1  
   16497  1  
   16497  1  
   16497  1  
   16497  1  
   16497  1  
   16501  2  
   16501  2  
   16501  2  
   16531  2  
   16531  2  
   16531  2  
   16558  1  
   16558  1  
   16558  1  
   16558  1  
   16558  1  
   16570  1  
   16570  1  
   16570  1  
   16570  1  
   16609  2  
   16609  2  
   16609  2  
   16609  2  
   16609  2  
   16609  2  
   16615  2  
   16615  2  
   16615  2  
   16615  2  
   16615  2  
   16615  2  
   16620  1  
   16620  1  
   16620  1  
   16620  1  
   16620  1  
   16620  1  
   16620  1  
   16620  1  
   16620  1  
   16620  1  
   16622  3  
   16622  3  
   16622  3  
   16622  3  
   16646  1  
   16646  1  
   16646  1  
   16646  1  
   16646  1  
   16646  1  
   16646  1  
   16646  1  
   16673  3  
   16673  3  
   16673  3  
   16673  3  
   16674  2  
   16674  2  
   16674  2  
   16697  1  
   16697  1  
   16697  1  
   16697  1  
   16697  1  
   16731  2  
   16731  2  
   16731  2  
   16760  2  
   16760  2  
   16760  2  
   16760  2  
   16760  2  
   16760  2  
   16764  1  
   16764  1  
   16764  1  
   16764  1  
   16764  1  
   16764  1  
   16764  1  
   16764  1  
   16764  1  
   16764  1  
   16768  1  
   16768  1  
   16768  1  
   16768  1  
   16768  1  
   16768  1  
   16768  1  
   16768  1  
   16788  2  
   16788  2  
   16788  2  
   16827  2  
   16827  2  
   16827  2  
   16827  2  
   16827  2  
   16827  2  
   16834  1  
   16834  1  
   16834  1  
   16834  1  
   16834  1  
   16848  1  
   16848  1  
   16848  1  
   16848  1  
   16861  2  
   16861  2  
   16861  2  
   16861  2  
   16861  2  
   16861  2  
   16900  2  
   16900  2  
   16900  2  
   16900  2  
   16900  2  
   16900  2  
   16907  2  
   16907  2  
   16907  2  
   16917  1  
   16917  1  
   16917  1  
   16917  1  
   16917  1  
   16917  1  
   16917  1  
   16917  1  
   16917  1  
   16917  1  
   16921  1  
   16921  1  
   16921  1  
   16921  1  
   16943  2  
   16943  2  
   16943  2  
   16976  1  
   16976  1  
   16976  1  
   16976  1  
   16979  1  
   16979  1  
   16979  1  
   16979  1  
   16979  1  
   16990  2  
   16990  2  
   16990  2  
   17040  1  
   17040  1  
   17040  1  
   17040  1  
   17040  1  
   17040  1  
   17040  1  
   17040  1  
   17045  2  
   17045  2  
   17045  2  
   17045  2  
   17045  2  
   17045  2  
   17047  2  
   17047  2  
   17047  2  
   17054  1  
   17054  1  
   17054  1  
   17054  1  
   17054  1  
   17097  3  
   17097  3  
   17097  3  
   17097  3  
   17104  1  
   17104  1  
   17104  1  
   17104  1  
   17104  1  
   17104  1  
   17104  1  
   17104  1  
   17109  2  
   17109  2  
   17109  2  
   17109  2  
   17109  2  
   17109  2  
   17119  1  
   17119  1  
   17119  1  
   17119  1  
   17119  1  
   17119  1  
   17119  1  
   17119  1  
   17119  1  
   17119  1  
   17144  1  
   17144  1  
   17144  1  
   17144  1  
   17144  1  
   17144  1  
   17144  1  
   17144  1  
   17171  2  
   17171  2  
   17171  2  
   17172  2  
   17172  2  
   17172  2  
   17194  1  
   17194  1  
   17194  1  
   17194  1  
   17194  1  
   17194  1  
   17194  1  
   17194  1  
   17194  1  
   17194  1  
   17201  1  
   17201  1  
   17201  1  
   17201  1  
   17227  2  
   17227  2  
   17227  2  
   17259  1  
   17259  1  
   17259  1  
   17259  1  
   17259  1  
   17259  1  
   17259  1  
   17259  1  
   17259  1  
   17259  1  
   17266  1  
   17266  1  
   17266  1  
   17266  1  
   17281  2  
   17281  2  
   17281  2  
   17281  2  
   17281  2  
   17281  2  
   17297  2  
   17297  2  
   17297  2  
   17297  2  
   17297  2  
   17297  2  
   17325  1  
   17325  1  
   17325  1  
   17325  1  
   17325  1  
   17331  1  
   17331  1  
   17331  1  
   17331  1  
   17347  2  
   17347  2  
   17347  2  
   17359  2  
   17359  2  
   17359  2  
   17359  2  
   17359  2  
   17359  2  
   17363  3  
   17363  3  
   17363  3  
   17363  3  
   17390  1  
   17390  1  
   17390  1  
   17390  1  
   17390  1  
   17409  1  
   17409  1  
   17409  1  
   17409  1  
   17409  1  
   17409  1  
   17409  1  
   17409  1  
   17421  2  
   17421  2  
   17421  2  
   17421  2  
   17421  2  
   17421  2  
   17427  2  
   17427  2  
   17427  2  
   17427  2  
   17427  2  
   17427  2  
   17453  1  
   17453  1  
   17453  1  
   17453  1  
   17453  1  
   17453  1  
   17453  1  
   17453  1  
   17453  1  
   17453  1  
   17480  1  
   17480  1  
   17480  1  
   17480  1  
   17498  2  
   17498  2  
   17498  2  
   17501  3  
   17501  3  
   17501  3  
   17501  3  
   17502  2  
   17502  2  
   17502  2  
   17515  1  
   17515  1  
   17515  1  
   17515  1  
   17515  1  
   17550  1  
   17550  1  
   17550  1  
   17550  1  
   17558  1  
   17558  1  
   17558  1  
   17558  1  
   17558  1  
   17565  2  
   17565  2  
   17565  2  
   17570  2  
   17570  2  
   17570  2  
   17570  2  
   17570  2  
   17570  2  
   17594  1  
   17594  1  
   17594  1  
   17594  1  
   17594  1  
   17624  1  
   17624  1  
   17624  1  
   17624  1  
   17624  1  
   17629  1  
   17629  1  
   17629  1  
   17629  1  
   17629  1  
   17629  1  
   17629  1  
   17629  1  
   17633  2  
   17633  2  
   17633  2  
   17654  1  
   17654  1  
   17654  1  
   17654  1  
   17654  1  
   17671  1  
   17671  1  
   17671  1  
   17671  1  
   17671  1  
   17692  2  
   17692  2  
   17692  2  
   17692  2  
   17692  2  
   17692  2  
   17694  1  
   17694  1  
   17694  1  
   17694  1  
   17694  1  
   17695  1  
   17695  1  
   17695  1  
   17695  1  
   17695  1  
   17695  1  
   17695  1  
   17695  1  
   17707  2  
   17707  2  
   17707  2  
   17707  2  
   17707  2  
   17707  2  
   17717  1  
   17717  1  
   17717  1  
   17717  1  
   17717  1  
   17740  1  
   17740  1  
   17740  1  
   17740  1  
   17740  1  
   17759  1  
   17759  1  
   17759  1  
   17759  1  
   17759  1  
   17759  1  
   17759  1  
   17759  1  
   17759  1  
   17759  1  
   17763  1  
   17763  1  
   17763  1  
   17763  1  
   17763  1  
   17763  1  
   17763  1  
   17763  1  
   17763  1  
   17763  1  
   17769  1  
   17769  1  
   17769  1  
   17769  1  
   17769  1  
   17769  1  
   17769  1  
   17769  1  
   17769  1  
   17769  1  
   17796  1  
   17796  1  
   17796  1  
   17796  1  
   17796  1  
   17813  2  
   17813  2  
   17813  2  
   17818  1  
   17818  1  
   17818  1  
   17818  1  
   17818  1  
   17835  1  
   17835  1  
   17835  1  
   17835  1  
   17835  1  
   17841  2  
   17841  2  
   17841  2  
   17850  1  
   17850  1  
   17850  1  
   17850  1  
   17850  1  
   17850  1  
   17850  1  
   17850  1  
   17853  1  
   17853  1  
   17853  1  
   17853  1  
   17853  1  
   17881  1  
   17881  1  
   17881  1  
   17881  1  
   17881  1  
   17884  2  
   17884  2  
   17884  2  
   17884  2  
   17884  2  
   17884  2  
   17907  1  
   17907  1  
   17907  1  
   17907  1  
   17907  1  
   17920  2  
   17920  2  
   17920  2  
   17920  2  
   17920  2  
   17920  2  
   17922  2  
   17922  2  
   17922  2  
   17922  2  
   17922  2  
   17922  2  
   17931  1  
   17931  1  
   17931  1  
   17931  1  
   17942  1  
   17942  1  
   17942  1  
   17942  1  
   17942  1  
   17977  1  
   17977  1  
   17977  1  
   17977  1  
   17977  1  
   17986  2  
   17986  2  
   17986  2  
   17999  1  
   17999  1  
   17999  1  
   17999  1  
   18008  2  
   18008  2  
   18008  2  
   18017  3  
   18017  3  
   18017  3  
   18017  3  
   18023  1  
   18023  1  
   18023  1  
   18023  1  
   18023  1  
   18055  2  
   18055  2  
   18055  2  
   18067  1  
   18067  1  
   18067  1  
   18067  1  
   18067  1  
   18067  1  
   18067  1  
   18067  1  
   18083  1  
   18083  1  
   18083  1  
   18083  1  
   18083  1  
   18083  1  
   18083  1  
   18083  1  
   18083  1  
   18083  1  
   18089  2  
   18089  2  
   18089  2  
   18089  2  
   18089  2  
   18089  2  
   18125  2  
   18125  2  
   18125  2  
   18127  1  
   18127  1  
   18127  1  
   18127  1  
   18136  1  
   18136  1  
   18136  1  
   18136  1  
   18136  1  
   18147  2  
   18147  2  
   18147  2  
   18147  2  
   18147  2  
   18147  2  
   18148  3  
   18148  3  
   18148  3  
   18148  3  
   18196  1  
   18196  1  
   18196  1  
   18196  1  
   18196  1  
   18198  1  
   18198  1  
   18198  1  
   18198  1  
   18212  2  
   18212  2  
   18212  2  
   18212  2  
   18212  2  
   18212  2  
   18230  2  
   18230  2  
   18230  2  
   18230  2  
   18230  2  
   18230  2  
   18252  1  
   18252  1  
   18252  1  
   18252  1  
   18252  1  
   18252  1  
   18252  1  
   18252  1  
   18252  1  
   18252  1  
   18254  1  
   18254  1  
   18254  1  
   18254  1  
   18254  1  
   18254  1  
   18254  1  
   18254  1  
   18285  2  
   18285  2  
   18285  2  
   18290  2  
   18290  2  
   18290  2  
   18301  1  
   18301  1  
   18301  1  
   18301  1  
   18301  1  
   18301  1  
   18301  1  
   18301  1  
   18321  1  
   18321  1  
   18321  1  
   18321  1  
   18321  1  
   18321  1  
   18321  1  
   18321  1  
   18321  1  
   18321  1  
   18338  2  
   18338  2  
   18338  2  
   18339  1  
   18339  1  
   18339  1  
   18339  1  
   18339  1  
   18339  1  
   18339  1  
   18339  1  
   18340  2  
   18340  2  
   18340  2  
   18374  1  
   18374  1  
   18374  1  
   18374  1  
   18374  1  
   18395  2  
   18395  2  
   18395  2  
   18396  2  
   18396  2  
   18396  2  
   18396  2  
   18396  2  
   18396  2  
   18403  1  
   18403  1  
   18403  1  
   18403  1  
   18405  3  
   18405  3  
   18405  3  
   18405  3  
   18433  1  
   18433  1  
   18433  1  
   18433  1  
   18433  1  
   18433  1  
   18433  1  
   18433  1  
   18433  1  
   18433  1  
   18441  2  
   18441  2  
   18441  2  
   18442  2  
   18442  2  
   18442  2  
   18442  2  
   18442  2  
   18442  2  
   18470  1  
   18470  1  
   18470  1  
   18470  1  
   18472  2  
   18472  2  
   18472  2  
   18472  2  
   18472  2  
   18472  2  
   18481  2  
   18481  2  
   18481  2  
   18500  1  
   18500  1  
   18500  1  
   18500  1  
   18500  1  
   18512  2  
   18512  2  
   18512  2  
   18517  2  
   18517  2  
   18517  2  
   18541  2  
   18541  2  
   18541  2  
   18544  1  
   18544  1  
   18544  1  
   18544  1  
   18544  1  
   18544  1  
   18544  1  
   18544  1  
   18553  2  
   18553  2  
   18553  2  
   18566  2  
   18566  2  
   18566  2  
   18571  1  
   18571  1  
   18571  1  
   18571  1  
   18571  1  
   18571  1  
   18571  1  
   18571  1  
   18571  1  
   18571  1  
   18588  2  
   18588  2  
   18588  2  
   18598  2  
   18598  2  
   18598  2  
   18598  2  
   18598  2  
   18598  2  
   18607  1  
   18607  1  
   18607  1  
   18607  1  
   18608  2  
   18608  2  
   18608  2  
   18608  2  
   18608  2  
   18608  2  
   18621  2  
   18621  2  
   18621  2  
   18634  1  
   18634  1  
   18634  1  
   18634  1  
   18634  1  
   18636  2  
   18636  2  
   18636  2  
   18636  2  
   18636  2  
   18636  2  
   18646  2  
   18646  2  
   18646  2  
   18646  2  
   18646  2  
   18646  2  
   18654  2  
   18654  2  
   18654  2  
   18659  1  
   18659  1  
   18659  1  
   18659  1  
   18668  2  
   18668  2  
   18668  2  
   18687  2  
   18687  2  
   18687  2  
   18693  1  
   18693  1  
   18693  1  
   18693  1  
   18693  1  
   18693  1  
   18693  1  
   18693  1  
   18693  1  
   18693  1  
   18700  1  
   18700  1  
   18700  1  
   18700  1  
   18713  2  
   18713  2  
   18713  2  
   18714  2  
   18714  2  
   18714  2  
   18730  1  
   18730  1  
   18730  1  
   18730  1  
   18748  2  
   18748  2  
   18748  2  
   18764  1  
   18764  1  
   18764  1  
   18764  1  
   18773  1  
   18773  1  
   18773  1  
   18773  1  
   18773  1  
   18774  2  
   18774  2  
   18774  2  
   18777  2  
   18777  2  
   18777  2  
   18791  1  
   18791  1  
   18791  1  
   18791  1  
   18791  1  
   18791  1  
   18791  1  
   18791  1  
   18803  3  
   18803  3  
   18803  3  
   18803  3  
   18807  1  
   18807  1  
   18807  1  
   18807  1  
   18807  1  
   18807  1  
   18807  1  
   18807  1  
   18825  2  
   18825  2  
   18825  2  
   18837  1  
   18837  1  
   18837  1  
   18837  1  
   18837  1  
   18837  1  
   18837  1  
   18837  1  
   18839  2  
   18839  2  
   18839  2  
   18839  2  
   18839  2  
   18839  2  
   18842  3  
   18842  3  
   18842  3  
   18842  3  
   18848  1  
   18848  1  
   18848  1  
   18848  1  
   18848  1  
   18848  1  
   18848  1  
   18848  1  
   18848  1  
   18848  1  
   18856  1  
   18856  1  
   18856  1  
   18856  1  
   18878  2  
   18878  2  
   18878  2  
   18878  2  
   18878  2  
   18878  2  
   18882  1  
   18882  1  
   18882  1  
   18882  1  
   18884  2  
   18884  2  
   18884  2  
   18904  1  
   18904  1  
   18904  1  
   18904  1  
   18904  1  
   18911  1  
   18911  1  
   18911  1  
   18911  1  
   18918  2  
   18918  2  
   18918  2  
   18927  2  
   18927  2  
   18927  2  
   18943  1  
   18943  1  
   18943  1  
   18943  1  
   18943  1  
   18944  1  
   18944  1  
   18944  1  
   18944  1  
   18950  2  
   18950  2  
   18950  2  
   18974  2  
   18974  2  
   18974  2  
   18977  1  
   18977  1  
   18977  1  
   18977  1  
   18977  1  
   18992  2  
   18992  2  
   18992  2  
   18994  1  
   18994  1  
   18994  1  
   18994  1  
   18998  2  
   18998  2  
   18998  2  
   19013  1  
   19013  1  
   19013  1  
   19013  1  
   19013  1  
   19019  2  
   19019  2  
   19019  2  
   19036  2  
   19036  2  
   19036  2  
   19046  1  
   19046  1  
   19046  1  
   19046  1  
   19046  1  
   19059  2  
   19059  2  
   19059  2  
   19078  2  
   19078  2  
   19078  2  
   19078  2  
   19078  2  
   19078  2  
   19081  1  
   19081  1  
   19081  1  
   19081  1  
   19081  1  
   19081  1  
   19081  1  
   19081  1  
   19086  2  
   19086  2  
   19086  2  
   19086  2  
   19086  2  
   19086  2  
   19093  1  
   19093  1  
   19093  1  
   19093  1  
   19093  1  
   19103  2  
   19103  2  
   19103  2  
   19105  2  
   19105  2  
   19105  2  
   19105  2  
   19105  2  
   19105  2  
   19117  2  
   19117  2  
   19117  2  
   19123  1  
   19123  1  
   19123  1  
   19123  1  
   19123  1  
   19137  2  
   19137  2  
   19137  2  
   19148  1  
   19148  1  
   19148  1  
   19148  1  
   19148  1  
   19166  2  
   19166  2  
   19166  2  
   19174  1  
   19174  1  
   19174  1  
   19174  1  
   19174  1  
   19206  1  
   19206  1  
   19206  1  
   19206  1  
   19206  1  
   19206  1  
   19206  1  
   19206  1  
   19206  1  
   19206  1  
   19212  1  
   19212  1  
   19212  1  
   19212  1  
   19212  1  
   19212  1  
   19212  1  
   19212  1  
   19212  1  
   19212  1  
   19218  1  
   19218  1  
   19218  1  
   19218  1  
   19218  1  
   19218  1  
   19218  1  
   19218  1  
   19218  1  
   19218  1  
   19227  2  
   19227  2  
   19227  2  
   19244  1  
   19244  1  
   19244  1  
   19244  1  
   19244  1  
   19260  2  
   19260  2  
   19260  2  
   19263  1  
   19263  1  
   19263  1  
   19263  1  
   19263  1  
   19269  2  
   19269  2  
   19269  2  
   19272  1  
   19272  1  
   19272  1  
   19272  1  
   19283  1  
   19283  1  
   19283  1  
   19283  1  
   19283  1  
   19305  1  
   19305  1  
   19305  1  
   19305  1  
   19305  1  
   19306  2  
   19306  2  
   19306  2  
   19324  1  
   19324  1  
   19324  1  
   19324  1  
   19324  1  
   19332  2  
   19332  2  
   19332  2  
   19332  2  
   19332  2  
   19332  2  
   19336  2  
   19336  2  
   19336  2  
   19336  2  
   19336  2  
   19336  2  
   19348  1  
   19348  1  
   19348  1  
   19348  1  
   19348  1  
   19356  1  
   19356  1  
   19356  1  
   19356  1  
   19356  1  
   19356  1  
   19356  1  
   19356  1  
   19366  2  
   19366  2  
   19366  2  
   19370  1  
   19370  1  
   19370  1  
   19370  1  
   19370  1  
   19399  2  
   19399  2  
   19399  2  
   19400  1  
   19400  1  
   19400  1  
   19400  1  
   19402  1  
   19402  1  
   19402  1  
   19402  1  
   19402  1  
   19413  3  
   19413  3  
   19413  3  
   19413  3  
   19417  2  
   19417  2  
   19417  2  
   19417  2  
   19417  2  
   19417  2  
   19424  2  
   19424  2  
   19424  2  
   19425  1  
   19425  1  
   19425  1  
   19425  1  
   19425  1  
   19426  1  
   19426  1  
   19426  1  
   19426  1  
   19426  1  
   19426  1  
   19426  1  
   19426  1  
   19465  2  
   19465  2  
   19465  2  
   19467  1  
   19467  1  
   19467  1  
   19467  1  
   19467  1  
   19467  1  
   19467  1  
   19467  1  
   19467  1  
   19469  1  
   19469  1  
   19469  1  
   19469  1  
   19478  2  
   19478  2  
   19478  2  
   19478  2  
   19478  2  
   19478  2  
   19499  1  
   19499  1  
   19499  1  
   19499  1  
   19508  2  
   19508  2  
   19508  2  
   19508  2  
   19508  2  
   19508  2  
   19515  1  
   19515  1  
   19515  1  
   19515  1  
   19525  1  
   19525  1  
   19525  1  
   19525  1  
   19535  2  
   19535  2  
   19535  2  
   19542  3  
   19542  3  
   19542  3  
   19542  3  
   19552  2  
   19552  2  
   19552  2  
   19554  1  
   19554  1  
   19554  1  
   19554  1  
   19565  1  
   19565  1  
   19565  1  
   19565  1  
   19565  1  
   19565  1  
   19565  1  
   19565  1  
   19570  1  
   19570  1  
   19570  1  
   19570  1  
   19570  1  
   19570  1  
   19570  1  
   19570  1  
   19582  2  
   19582  2  
   19582  2  
   19594  2  
   19594  2  
   19594  2  
   19594  2  
   19594  2  
   19594  2  
   19596  1  
   19596  1  
   19596  1  
   19596  1  
   19596  1  
   19596  1  
   19596  1  
   19596  1  
   19607  1  
   19607  1  
   19607  1  
   19607  1  
   19610  1  
   19610  1  
   19610  1  
   19610  1  
   19610  1  
   19610  1  
   19610  1  
   19610  1  
   19616  2  
   19616  2  
   19616  2  
   19626  1  
   19626  1  
   19626  1  
   19626  1  
   19634  1  
   19634  1  
   19634  1  
   19634  1  
   19634  1  
   19634  1  
   19634  1  
   19634  1  
   19637  2  
   19637  2  
   19637  2  
   19648  2  
   19648  2  
   19648  2  
   19658  1  
   19658  1  
   19658  1  
   19658  1  
   19663  2  
   19663  2  
   19663  2  
   19683  1  
   19683  1  
   19683  1  
   19683  1  
   19687  2  
   19687  2  
   19687  2  
   19687  2  
   19687  2  
   19687  2  
   19690  1  
   19690  1  
   19690  1  
   19690  1  
   19695  2  
   19695  2  
   19695  2  
   19708  2  
   19708  2  
   19708  2  
   19708  2  
   19708  2  
   19708  2  
   19710  2  
   19710  2  
   19710  2  
   19718  1  
   19718  1  
   19718  1  
   19718  1  
   19721  2  
   19721  2  
   19721  2  
   19721  2  
   19721  2  
   19721  2  
   19724  1  
   19724  1  
   19724  1  
   19724  1  
   19728  3  
   19728  3  
   19728  3  
   19728  3  
   19736  2  
   19736  2  
   19736  2  
   19736  2  
   19736  2  
   19736  2  
   19753  2  
   19753  2  
   19753  2  
   19757  1  
   19757  1  
   19757  1  
   19757  1  
   19761  2  
   19761  2  
   19761  2  
   19768  2  
   19768  2  
   19768  2  
   19770  1  
   19770  1  
   19770  1  
   19770  1  
   19770  1  
   19770  1  
   19770  1  
   19770  1  
   19783  1  
   19783  1  
   19783  1  
   19783  1  
   19785  2  
   19785  2  
   19785  2  
   19798  2  
   19798  2  
   19798  2  
   19806  1  
   19806  1  
   19806  1  
   19806  1  
   19807  2  
   19807  2  
   19807  2  
   19808  1  
   19808  1  
   19808  1  
   19808  1  
   19808  1  
   19808  1  
   19808  1  
   19808  1  
   19815  1  
   19815  1  
   19815  1  
   19815  1  
   19815  1  
   19815  1  
   19815  1  
   19815  1  
   19832  1  
   19832  1  
   19832  1  
   19832  1  
   19833  2  
   19833  2  
   19833  2  
   19835  2  
   19835  2  
   19835  2  
   19845  1  
   19845  1  
   19845  1  
   19845  1  
   19852  1  
   19852  1  
   19852  1  
   19852  1  
   19863  2  
   19863  2  
   19863  2  
   19863  2  
   19863  2  
   19863  2  
   19866  2  
   19866  2  
   19866  2  
   19866  2  
   19866  2  
   19866  2  
   19873  1  
   19873  1  
   19873  1  
   19873  1  
   19879  1  
   19879  1  
   19879  1  
   19879  1  
   19879  1  
   19879  1  
   19879  1  
   19879  1  
   19881  2  
   19881  2  
   19881  2  
   19881  2  
   19881  2  
   19881  2  
   19894  1  
   19894  1  
   19894  1  
   19894  1  
   19907  2  
   19907  2  
   19907  2  
   19911  1  
   19911  1  
   19911  1  
   19911  1  
   19911  1  
   19911  1  
   19911  1  
   19911  1  
   19915  1  
   19915  1  
   19915  1  
   19915  1  
   19915  1  
   19915  1  
   19915  1  
   19915  1  
   19920  1  
   19920  1  
   19920  1  
   19920  1  
   19920  1  
   19920  1  
   19920  1  
   19920  1  
   19921  2  
   19921  2  
   19921  2  
   19921  2  
   19921  2  
   19921  2  
   19924  1  
   19924  1  
   19924  1  
   19924  1  
   19926  1  
   19926  1  
   19926  1  
   19926  1  
   19934  1  
   19934  1  
   19934  1  
   19934  1  
   19935  1  
   19935  1  
   19935  1  
   19935  1  
   19938  2  
   19938  2  
   19938  2  
   19943  2  
   19943  2  
   19943  2  
   19946  1  
   19946  1  
   19946  1  
   19946  1  
   19946  1  
   19946  1  
   19946  1  
   19946  1  
   19964  2  
   19964  2  
   19964  2  
   19968  2  
   19968  2  
   19968  2  
   19968  2  
   19968  2  
   19968  2  
   19971  3  
   19971  3  
   19971  3  
   19971  3  
   19987  2  
   19987  2  
   19987  2  
   19987  2  
   19987  2  
   19987  2  
   19990  3  
   19990  3  
   19990  3  
   19990  3  
   19997  2  
   19997  2  
   19997  2  
   20008  2  
   20008  2  
   20008  2  
   20020  2  
   20020  2  
   20020  2  
   20020  2  
   20020  2  
   20020  2  
   20027  2  
   20027  2  
   20027  2  
   20045  2  
   20045  2  
   20045  2  
   20056  2  
   20056  2  
   20056  2  
   20056  2  
   20056  2  
   20056  2  
   20060  2  
   20060  2  
   20060  2  
   20076  2  
   20076  2  
   20076  2  
   20077  2  
   20077  2  
   20077  2  
   20093  2  
   20093  2  
   20093  2  
   20093  2  
   20093  2  
   20093  2  
   20099  2  
   20099  2  
   20099  2  
   20099  2  
   20099  2  
   20099  2  
   20102  2  
   20102  2  
   20102  2  
   20102  2  
   20102  2  
   20102  2  
   20121  2  
   20121  2  
   20121  2  
   20130  2  
   20130  2  
   20130  2  
   20130  2  
   20130  2  
   20130  2  
   20141  2  
   20141  2  
   20141  2  
   20143  2  
   20143  2  
   20143  2  
   20156  2  
   20156  2  
   20156  2  
   20168  3  
   20168  3  
   20168  3  
   20168  3  
   20169  2  
   20169  2  
   20169  2  
   20179  2  
   20179  2  
   20179  2  
   20179  2  
   20179  2  
   20179  2  
   20184  2  
   20184  2  
   20184  2  
   20184  2  
   20184  2  
   20184  2  
   20202  2  
   20202  2  
   20202  2  
   20207  2  
   20207  2  
   20207  2  
   20215  3  
   20215  3  
   20215  3  
   20215  3  
   20225  2  
   20225  2  
   20225  2  
   20227  2  
   20227  2  
   20227  2  
   20246  2  
   20246  2  
   20246  2  
   20249  2  
   20249  2  
   20249  2  
   20249  2  
   20249  2  
   20249  2  
   20257  2  
   20257  2  
   20257  2  
   20265  2  
   20265  2  
   20265  2  
   20265  2  
   20265  2  
   20265  2  
   20270  2  
   20270  2  
   20270  2  
   20270  2  
   20270  2  
   20270  2  
   20283  2  
   20283  2  
   20283  2  
   20287  2  
   20287  2  
   20287  2  
   20294  3  
   20294  3  
   20294  3  
   20294  3  
   20298  2  
   20298  2  
   20298  2  
   20302  2  
   20302  2  
   20302  2  
   20314  2  
   20314  2  
   20314  2  
   20315  2  
   20315  2  
   20315  2  
   20315  2  
   20315  2  
   20315  2  
   20321  2  
   20321  2  
   20321  2  
   20322  2  
   20322  2  
   20322  2  
   20330  2  
   20330  2  
   20330  2  
   20331  2  
   20331  2  
   20331  2  
   20331  2  
   20331  2  
   20331  2  
   20339  2  
   20339  2  
   20339  2  
   20341  2  
   20341  2  
   20341  2  
   20341  2  
   20341  2  
   20341  2  
   20349  2  
   20349  2  
   20349  2  
   20352  2  
   20352  2  
   20352  2  
   20354  2  
   20354  2  
   20354  2  
   20355  3  
   20355  3  
   20355  3  
   20355  3  
   20356  2  
   20356  2  
   20356  2  
   20360  2  
   20360  2  
   20360  2  
   20363  2  
   20363  2  
   20363  2  
   20363  2  
   20363  2  
   20363  2  
   20375  3  
   20375  3  
   20375  3  
   20375  3  
   20400  3  
   20400  3  
   20400  3  
   20400  3  
   20404  3  
   20404  3  
   20404  3  
   20404  3  
   20407  3  
   20407  3  
   20407  3  
   20407  3  
   20408  3  
   20408  3  
   20408  3  
   20408  3  
   20409  3  
   20409  3  
   20409  3  
   20409  3  
   20410  3  
   20410  3  
   20410  3  
   20410  3  
   20412  3  
   20412  3  
   20412  3  
   20412  3  
   20415  3  
   20415  3  
   20415  3  
   20415  3  
   20420  3  
   20420  3  
   20420  3  
   20420  3  
   20426  3  
   20426  3  
   20426  3  
   20426  3  
   20428  3  
   20428  3  
   20428  3  
   20428  3  
   20429  3  
   20429  3  
   20429  3  
   20429  3  
   20432  3  
   20432  3  
   20432  3  
   20432  3  
   20435  3  
   20435  3  
   20435  3  
   20435  3  
   20437  3  
   20437  3  
   20437  3  
   20437  3  
   20438  3  
   20438  3  
   20438  3  
   20438  3  
   20443  3  
   20443  3  
   20443  3  
   20443  3  
   20446  3  
   20446  3  
   20446  3  
   20446  3  
   20449  3  
   20449  3  
   20449  3  
   20449  3  
   20450  3  
   20450  3  
   20450  3  
   20450  3  
   20453  3  
   20453  3  
   20453  3  
   20453  3  
   20456  3  
   20456  3  
   20456  3  
   20456  3  
   20460  3  
   20460  3  
   20460  3  
   20460  3  
   20462  3  
   20462  3  
   20462  3  
   20462  3  
   20463  3  
   20463  3  
   20463  3  
   20463  3  
   20466  3  
   20466  3  
   20466  3  
   20466  3  
   20467  3  
   20467  3  
   20467  3  
   20467  3  
   20471  3  
   20471  3  
   20471  3  
   20471  3  
   20473  3  
   20473  3  
   20473  3  
   20473  3  
   20474  3  
   20474  3  
   20474  3  
   20474  3  
   20477  3  
   20477  3  
   20477  3  
   20477  3  
   20479  3  
   20479  3  
   20479  3  
   20479  3  
   20480  3  
   20480  3  
   20480  3  
   20480  3  
   20482  3  
   20482  3  
   20482  3  
   20482  3  
   20483  3  
   20483  3  
   20483  3  
   20483  3  
   20485  3  
   20485  3  
   20485  3  
   20485  3  
   20486  3  
   20486  3  
   20486  3  
   20486  3  
   20487  3  
   20487  3  
   20487  3  
   20487  3  
   20488  3  
   20488  3  
   20488  3  
   20488  3  
   20489  3  
   20489  3  
   20489  3  
   20489  3  
  END_ON_NODES
